Type;ESU;
Version;4.43;
Date;02.Jun 16;
Mode;ANALYZER;
Center Freq;2434262820.514000;Hz
Freq Offset;0.000000;Hz
Span;1000000000.000000;Hz
x-Axis;LIN;
Start;1934262820.514000;Hz
Stop;2934262820.514000;Hz
Ref Level;18.000000;dBm
Level Offset;0.000000;dB
Ref Position;100.000000;%
y-Axis;LOG;
Level Range;50.000000;dB
Rf Att;70.000000;dB
RBW;10000000.000000;Hz
VBW;10000000.000000;Hz
SWT;0.002500;s
Trace Mode;CLR/WRITE;
Detector;RMS;
Sweep Count;0;
Trace 1:;;
x-Unit;Hz;
y-Unit;dBm;
Values;625;
1934262820.5139999;-15.101292610168457;
1935865384.616564;-15.17159366607666;
1937467948.7191281;-14.915287017822266;
1939070512.8216922;-14.877815246582031;
1940673076.9242563;-14.945637702941895;
1942275641.0268204;-15.028322219848633;
1943878205.1293845;-14.816691398620605;
1945480769.2319486;-14.796069145202637;
1947083333.3345127;-14.97053337097168;
1948685897.4370768;-14.952380180358887;
1950288461.5396409;-14.94501781463623;
1951891025.642205;-15.002215385437012;
1953493589.7447691;-14.898030281066895;
1955096153.8473332;-14.825052261352539;
1956698717.9498973;-14.922804832458496;
1958301282.0524614;-14.983353614807129;
1959903846.1550255;-14.77769947052002;
1961506410.2575896;-14.932826995849609;
1963108974.3601537;-14.976634979248047;
1964711538.4627178;-15.033699989318848;
1966314102.5652821;-15.048745155334473;
1967916666.6678462;-15.039731025695801;
1969519230.7704103;-14.978855133056641;
1971121794.8729744;-15.174002647399902;
1972724358.9755385;-15.162691116333008;
1974326923.0781026;-15.147894859313965;
1975929487.1806667;-14.953409194946289;
1977532051.2832308;-14.96486759185791;
1979134615.3857949;-14.986086845397949;
1980737179.488359;-14.983391761779785;
1982339743.5909231;-14.896116256713867;
1983942307.6934872;-15.034633636474609;
1985544871.7960513;-15.001904487609863;
1987147435.8986154;-14.935636520385742;
1988750000.0011795;-15.05476188659668;
1990352564.1037436;-14.929736137390137;
1991955128.2063076;-14.978975296020508;
1993557692.3088717;-14.877211570739746;
1995160256.4114358;-14.75721549987793;
1996762820.5139999;-14.854811668395996;
1998365384.616564;-14.812941551208496;
1999967948.7191281;-16.540529251098633;
2001570512.8216922;-16.706258773803711;
2003173076.9242563;-16.797475814819336;
2004775641.0268204;-16.883520126342773;
2006378205.1293845;-16.876306533813477;
2007980769.2319486;-16.769903182983398;
2009583333.3345127;-16.775974273681641;
2011185897.4370768;-16.687372207641602;
2012788461.5396409;-16.739255905151367;
2014391025.642205;-16.767969131469727;
2015993589.7447691;-16.661321640014648;
2017596153.8473332;-16.568788528442383;
2019198717.9498973;-16.766119003295898;
2020801282.0524614;-16.794918060302734;
2022403846.1550255;-16.687498092651367;
2024006410.2575896;-16.725595474243164;
2025608974.3601537;-16.681634902954102;
2027211538.4627178;-16.571102142333984;
2028814102.5652819;-16.465797424316406;
2030416666.6678462;-16.666324615478516;
2032019230.7704103;-16.679332733154297;
2033621794.8729744;-16.587322235107422;
2035224358.9755385;-16.578571319580078;
2036826923.0781026;-16.698032379150391;
2038429487.1806667;-16.552576065063477;
2040032051.2832308;-16.607728958129883;
2041634615.3857949;-16.567474365234375;
2043237179.488359;-16.592367172241211;
2044839743.5909231;-16.524578094482422;
2046442307.6934872;-16.671894073486328;
2048044871.7960513;-16.539485931396484;
2049647435.8986154;-16.557382583618164;
2051250000.0011795;-16.614362716674805;
2052852564.1037436;-16.674867630004883;
2054455128.2063076;-16.659917831420898;
2056057692.3088717;-16.537021636962891;
2057660256.4114358;-16.433940887451172;
2059262820.5139999;-16.58595085144043;
2060865384.616564;-16.585487365722656;
2062467948.7191281;-16.506008148193359;
2064070512.8216922;-16.629142761230469;
2065673076.9242563;-16.514778137207031;
2067275641.0268204;-16.631549835205078;
2068878205.1293845;-16.456684112548828;
2070480769.2319486;-16.637523651123047;
2072083333.3345127;-16.567649841308594;
2073685897.4370768;-16.513408660888672;
2075288461.5396409;-16.567729949951172;
2076891025.642205;-16.733989715576172;
2078493589.7447691;-16.362279891967773;
2080096153.8473332;-16.616172790527344;
2081698717.9498973;-16.710956573486328;
2083301282.0524614;-16.706598281860352;
2084903846.1550255;-16.66473388671875;
2086506410.2575896;-16.641975402832031;
2088108974.3601537;-16.827692031860352;
2089711538.4627178;-16.843723297119141;
2091314102.5652819;-16.913755416870117;
2092916666.6678462;-17.030309677124023;
2094519230.7704103;-16.783496856689453;
2096121794.8729744;-16.793584823608398;
2097724358.9755385;-16.818202972412109;
2099326923.0781026;-16.804182052612305;
2100929487.1806667;-16.992128372192383;
2102532051.2832308;-17.067787170410156;
2104134615.3857949;-16.869283676147461;
2105737179.488359;-16.926334381103516;
2107339743.5909231;-17.082281112670898;
2108942307.6934872;-16.934436798095703;
2110544871.7960513;-16.925342559814453;
2112147435.8986154;-17.113113403320313;
2113750000.0011795;-17.127429962158203;
2115352564.1037436;-17.1025390625;
2116955128.2063076;-17.102394104003906;
2118557692.3088717;-17.126012802124023;
2120160256.4114358;-17.121427536010742;
2121762820.5139999;-17.236610412597656;
2123365384.616564;-17.038389205932617;
2124967948.7191281;-17.020305633544922;
2126570512.8216922;-17.163068771362305;
2128173076.9242563;-17.147422790527344;
2129775641.0268204;-17.107816696166992;
2131378205.1293845;-17.048648834228516;
2132980769.2319486;-16.937845230102539;
2134583333.3345127;-17.138849258422852;
2136185897.4370768;-17.039405822753906;
2137788461.5396409;-17.099649429321289;
2139391025.642205;-17.076234817504883;
2140993589.7447691;-17.117752075195313;
2142596153.8473332;-17.102025985717773;
2144198717.9498973;-17.210643768310547;
2145801282.0524614;-17.144952774047852;
2147403846.1550255;-17.079463958740234;
2149006410.2575898;-17.161701202392578;
2150608974.3601537;-17.18792724609375;
2152211538.462718;-17.055059432983398;
2153814102.5652819;-17.033750534057617;
2155416666.6678462;-16.946475982666016;
2157019230.7704101;-17.090103149414063;
2158621794.8729744;-17.106555938720703;
2160224358.9755383;-17.045158386230469;
2161826923.0781026;-16.930438995361328;
2163429487.1806664;-16.905569076538086;
2165032051.2832308;-16.86347770690918;
2166634615.3857946;-16.848615646362305;
2168237179.488359;-16.793161392211914;
2169839743.5909228;-16.783191680908203;
2171442307.6934872;-16.823297500610352;
2173044871.796051;-16.883964538574219;
2174647435.8986154;-16.784599304199219;
2176250000.0011792;-16.796937942504883;
2177852564.1037436;-16.799509048461914;
2179455128.2063074;-16.708871841430664;
2181057692.3088717;-16.520818710327148;
2182660256.4114356;-16.622699737548828;
2184262820.5139999;-16.682605743408203;
2185865384.6165638;-16.436704635620117;
2187467948.7191281;-16.506298065185547;
2189070512.8216925;-16.532829284667969;
2190673076.9242563;-16.53416633605957;
2192275641.0268207;-16.461193084716797;
2193878205.1293845;-16.458732604980469;
2195480769.2319489;-16.491554260253906;
2197083333.3345127;-16.329082489013672;
2198685897.437077;-16.370607376098633;
2200288461.5396409;-16.296854019165039;
2201891025.6422052;-16.341802597045898;
2203493589.7447691;-16.300928115844727;
2205096153.8473334;-16.144916534423828;
2206698717.9498973;-16.270526885986328;
2208301282.0524616;-16.208713531494141;
2209903846.1550255;-16.126070022583008;
2211506410.2575898;-16.227684020996094;
2213108974.3601537;-16.151220321655273;
2214711538.462718;-16.040130615234375;
2216314102.5652819;-16.184520721435547;
2217916666.6678462;-15.928977012634277;
2219519230.7704101;-15.93979549407959;
2221121794.8729744;-15.98961353302002;
2222724358.9755383;-16.034992218017578;
2224326923.0781026;-15.957228660583496;
2225929487.1806664;-15.939261436462402;
2227532051.2832308;-15.96552562713623;
2229134615.3857946;-15.97706127166748;
2230737179.488359;-15.944107055664063;
2232339743.5909228;-16.030223846435547;
2233942307.6934872;-15.960126876831055;
2235544871.796051;-15.94264030456543;
2237147435.8986154;-15.86397647857666;
2238750000.0011792;-15.943841934204102;
2240352564.1037436;-15.712815284729004;
2241955128.2063074;-15.991426467895508;
2243557692.3088717;-15.954684257507324;
2245160256.4114356;-15.968291282653809;
2246762820.5139999;-15.835916519165039;
2248365384.6165638;-16.012359619140625;
2249967948.7191281;-15.881659507751465;
2251570512.8216925;-15.770671844482422;
2253173076.9242563;-15.829753875732422;
2254775641.0268207;-15.800028800964355;
2256378205.1293845;-15.867719650268555;
2257980769.2319489;-15.902730941772461;
2259583333.3345127;-15.941351890563965;
2261185897.437077;-15.889962196350098;
2262788461.5396409;-15.927627563476562;
2264391025.6422052;-15.887087821960449;
2265993589.7447691;-16.064580917358398;
2267596153.8473334;-15.878506660461426;
2269198717.9498973;-15.958890914916992;
2270801282.0524616;-15.90683650970459;
2272403846.1550255;-15.900059700012207;
2274006410.2575898;-15.845701217651367;
2275608974.3601537;-15.973058700561523;
2277211538.462718;-15.929902076721191;
2278814102.5652819;-15.843945503234863;
2280416666.6678462;-15.883419990539551;
2282019230.7704101;-15.933088302612305;
2283621794.8729744;-16.001462936401367;
2285224358.9755383;-15.914161682128906;
2286826923.0781026;-15.954795837402344;
2288429487.1806664;-15.872255325317383;
2290032051.2832308;-16.035001754760742;
2291634615.3857946;-15.893546104431152;
2293237179.488359;-15.913711547851563;
2294839743.5909228;-15.918813705444336;
2296442307.6934872;-15.964712142944336;
2298044871.796051;-15.931440353393555;
2299647435.8986154;-15.956235885620117;
2301250000.0011792;-16.143621444702148;
2302852564.1037436;-15.976272583007813;
2304455128.2063074;-15.93319034576416;
2306057692.3088717;-15.862949371337891;
2307660256.4114356;-15.891165733337402;
2309262820.5139999;-15.861261367797852;
2310865384.6165638;-15.846320152282715;
2312467948.7191281;-15.914739608764648;
2314070512.8216925;-15.804414749145508;
2315673076.9242563;-15.805079460144043;
2317275641.0268207;-15.776878356933594;
2318878205.1293845;-15.819211006164551;
2320480769.2319489;-15.859366416931152;
2322083333.3345127;-15.727574348449707;
2323685897.437077;-15.746461868286133;
2325288461.5396409;-15.728636741638184;
2326891025.6422052;-15.598822593688965;
2328493589.7447691;-15.598397254943848;
2330096153.8473334;-15.47171688079834;
2331698717.9498973;-15.506619453430176;
2333301282.0524616;-15.536347389221191;
2334903846.1550255;-15.525063514709473;
2336506410.2575898;-15.344926834106445;
2338108974.3601537;-15.267822265625;
2339711538.462718;-15.396745681762695;
2341314102.5652819;-15.434630393981934;
2342916666.6678462;-15.486298561096191;
2344519230.7704101;-15.284897804260254;
2346121794.8729744;-15.475440979003906;
2347724358.9755383;-15.246916770935059;
2349326923.0781026;-15.19412899017334;
2350929487.1806664;-15.342985153198242;
2352532051.2832308;-15.143101692199707;
2354134615.3857946;-15.087960243225098;
2355737179.488359;-15.154644966125488;
2357339743.5909228;-15.081427574157715;
2358942307.6934872;-15.03431224822998;
2360544871.796051;-15.00672435760498;
2362147435.8986154;-15.04672908782959;
2363750000.0011792;-15.049004554748535;
2365352564.1037436;-14.955539703369141;
2366955128.2063074;-14.963932991027832;
2368557692.3088717;-14.829660415649414;
2370160256.4114356;-14.955095291137695;
2371762820.5139999;-14.733357429504395;
2373365384.6165638;-14.75924015045166;
2374967948.7191281;-14.707244873046875;
2376570512.8216925;-14.874701499938965;
2378173076.9242563;-14.88568115234375;
2379775641.0268207;-14.662235260009766;
2381378205.1293845;-14.734508514404297;
2382980769.2319489;-14.773394584655762;
2384583333.3345127;-14.807350158691406;
2386185897.437077;-14.634990692138672;
2387788461.5396409;-14.63618278503418;
2389391025.6422052;-14.70457935333252;
2390993589.7447691;-14.680939674377441;
2392596153.8473334;-14.596994400024414;
2394198717.9498973;-14.592803001403809;
2395801282.0524616;-14.718307495117188;
2397403846.1550255;-14.667950630187988;
2399006410.2575898;-14.541179656982422;
2400608974.3601537;-14.731876373291016;
2402211538.462718;-14.544140815734863;
2403814102.5652819;-14.585921287536621;
2405416666.6678462;-14.627176284790039;
2407019230.7704101;-14.649818420410156;
2408621794.8729744;-14.761430740356445;
2410224358.9755383;-14.754853248596191;
2411826923.0781026;-14.685639381408691;
2413429487.1806664;-14.736014366149902;
2415032051.2832308;-14.724242210388184;
2416634615.3857946;-14.635705947875977;
2418237179.488359;-14.64005184173584;
2419839743.5909228;-14.542008399963379;
2421442307.6934872;-14.741823196411133;
2423044871.796051;-14.729001045227051;
2424647435.8986154;-14.56751537322998;
2426250000.0011792;-12.652087211608887;
2427852564.1037436;-6.3490161895751953;
2429455128.2063074;4.5529446601867676;
2431057692.3088717;10.099640846252441;
2432660256.4114356;11.582657814025879;
2434262820.5139999;11.871325492858887;
2435865384.6165638;11.841687202453613;
2437467948.7191281;11.388094902038574;
2439070512.821692;10.271612167358398;
2440673076.9242563;6.9694509506225586;
2442275641.0268207;-0.94010162353515625;
2443878205.1293845;-10.404742240905762;
2445480769.2319489;-13.920827865600586;
2447083333.3345127;-14.775968551635742;
2448685897.437077;-14.925389289855957;
2450288461.5396409;-14.854218482971191;
2451891025.6422052;-14.87221622467041;
2453493589.7447691;-14.964695930480957;
2455096153.8473334;-14.939476013183594;
2456698717.9498973;-14.833906173706055;
2458301282.0524616;-14.841317176818848;
2459903846.1550255;-15.041281700134277;
2461506410.2575898;-14.979654312133789;
2463108974.3601537;-14.967404365539551;
2464711538.462718;-14.943680763244629;
2466314102.5652819;-14.99101448059082;
2467916666.6678462;-15.109046936035156;
2469519230.7704101;-15.026618003845215;
2471121794.8729744;-15.02878475189209;
2472724358.9755383;-14.958951950073242;
2474326923.0781026;-14.968896865844727;
2475929487.1806664;-15.110149383544922;
2477532051.2832308;-14.960776329040527;
2479134615.3857946;-14.986466407775879;
2480737179.488359;-15.00298023223877;
2482339743.5909228;-14.93517017364502;
2483942307.6934872;-15.108331680297852;
2485544871.796051;-15.044352531433105;
2487147435.8986154;-15.039247512817383;
2488750000.0011792;-14.988179206848145;
2490352564.1037436;-14.890708923339844;
2491955128.2063074;-14.830549240112305;
2493557692.3088717;-14.905119895935059;
2495160256.4114356;-14.94782543182373;
2496762820.5139999;-14.930855751037598;
2498365384.6165638;-15.018518447875977;
2499967948.7191281;-14.89040470123291;
2501570512.821692;-15.011089324951172;
2503173076.9242563;-14.82611083984375;
2504775641.0268207;-14.983146667480469;
2506378205.1293845;-14.835275650024414;
2507980769.2319489;-14.721529006958008;
2509583333.3345127;-14.713423728942871;
2511185897.437077;-14.817123413085937;
2512788461.5396409;-14.798333168029785;
2514391025.6422052;-14.789229393005371;
2515993589.7447691;-14.750164985656738;
2517596153.8473334;-14.834895133972168;
2519198717.9498973;-14.62748908996582;
2520801282.0524616;-14.686620712280273;
2522403846.1550255;-14.64506721496582;
2524006410.2575898;-14.645722389221191;
2525608974.3601537;-14.601546287536621;
2527211538.462718;-14.429719924926758;
2528814102.5652819;-14.604708671569824;
2530416666.6678462;-14.545970916748047;
2532019230.7704101;-14.720317840576172;
2533621794.8729744;-14.558783531188965;
2535224358.9755383;-14.603282928466797;
2536826923.0781026;-14.476951599121094;
2538429487.1806664;-14.44239330291748;
2540032051.2832308;-14.408459663391113;
2541634615.3857946;-14.326192855834961;
2543237179.488359;-14.470101356506348;
2544839743.5909228;-14.400521278381348;
2546442307.6934872;-14.343198776245117;
2548044871.796051;-14.29185962677002;
2549647435.8986154;-14.393735885620117;
2551250000.0011792;-14.331869125366211;
2552852564.1037436;-14.293790817260742;
2554455128.2063074;-14.42341423034668;
2556057692.3088717;-14.494646072387695;
2557660256.4114356;-14.244487762451172;
2559262820.5139999;-14.293109893798828;
2560865384.6165638;-14.232523918151855;
2562467948.7191281;-14.283955574035645;
2564070512.821692;-14.176135063171387;
2565673076.9242563;-14.184872627258301;
2567275641.0268207;-14.221887588500977;
2568878205.1293845;-14.391105651855469;
2570480769.2319489;-14.213037490844727;
2572083333.3345127;-14.132712364196777;
2573685897.437077;-14.285565376281738;
2575288461.5396409;-14.264348030090332;
2576891025.6422052;-14.239321708679199;
2578493589.7447691;-14.089190483093262;
2580096153.8473334;-14.127485275268555;
2581698717.9498973;-14.166234970092773;
2583301282.0524616;-14.179327964782715;
2584903846.1550255;-14.271455764770508;
2586506410.2575898;-14.133001327514648;
2588108974.3601537;-14.195217132568359;
2589711538.462718;-14.065512657165527;
2591314102.5652819;-14.076804161071777;
2592916666.6678462;-14.10709285736084;
2594519230.7704101;-14.122769355773926;
2596121794.8729744;-14.220643043518066;
2597724358.9755383;-14.200326919555664;
2599326923.0781026;-14.000105857849121;
2600929487.1806664;-14.218747138977051;
2602532051.2832308;-14.202473640441895;
2604134615.3857946;-14.303683280944824;
2605737179.488359;-14.203757286071777;
2607339743.5909228;-14.322794914245605;
2608942307.6934872;-14.000679969787598;
2610544871.796051;-14.144344329833984;
2612147435.8986154;-14.265142440795898;
2613750000.0011792;-14.124424934387207;
2615352564.1037436;-14.16639518737793;
2616955128.2063074;-14.22825813293457;
2618557692.3088717;-14.259485244750977;
2620160256.4114356;-14.152971267700195;
2621762820.5139999;-14.170245170593262;
2623365384.6165638;-14.285859107971191;
2624967948.7191281;-14.150576591491699;
2626570512.821692;-14.078554153442383;
2628173076.9242563;-14.340534210205078;
2629775641.0268207;-14.203281402587891;
2631378205.1293845;-14.363529205322266;
2632980769.2319489;-14.357273101806641;
2634583333.3345127;-14.225617408752441;
2636185897.437077;-14.286067962646484;
2637788461.5396409;-14.309721946716309;
2639391025.6422052;-14.203271865844727;
2640993589.7447691;-14.37586498260498;
2642596153.8473334;-14.393888473510742;
2644198717.9498973;-14.182413101196289;
2645801282.0524616;-14.338410377502441;
2647403846.1550255;-14.384550094604492;
2649006410.2575898;-14.410077095031738;
2650608974.3601537;-14.356462478637695;
2652211538.462718;-14.400497436523438;
2653814102.5652819;-14.315950393676758;
2655416666.6678462;-14.302821159362793;
2657019230.7704101;-14.215685844421387;
2658621794.8729744;-14.087796211242676;
2660224358.9755383;-14.373625755310059;
2661826923.0781026;-14.381092071533203;
2663429487.1806664;-14.283651351928711;
2665032051.2832308;-14.385003089904785;
2666634615.3857946;-14.408899307250977;
2668237179.488359;-14.164676666259766;
2669839743.5909228;-14.390533447265625;
2671442307.6934872;-14.120358467102051;
2673044871.796051;-14.287176132202148;
2674647435.8986154;-14.177599906921387;
2676250000.0011792;-14.134040832519531;
2677852564.1037436;-14.089714050292969;
2679455128.2063074;-14.059163093566895;
2681057692.3088717;-14.114680290222168;
2682660256.4114356;-14.209394454956055;
2684262820.5139999;-14.12885570526123;
2685865384.6165638;-14.075515747070313;
2687467948.7191281;-14.222517013549805;
2689070512.821692;-14.175697326660156;
2690673076.9242563;-14.033220291137695;
2692275641.0268207;-14.130118370056152;
2693878205.1293845;-14.05257511138916;
2695480769.2319489;-14.112765312194824;
2697083333.3345127;-14.012761116027832;
2698685897.437077;-13.994665145874023;
2700288461.5396409;-14.10551643371582;
2701891025.6422052;-14.166719436645508;
2703493589.7447691;-13.961946487426758;
2705096153.8473334;-13.96523380279541;
2706698717.9498973;-13.8974609375;
2708301282.0524616;-13.967342376708984;
2709903846.1550255;-14.008213043212891;
2711506410.2575898;-13.942668914794922;
2713108974.3601537;-13.933616638183594;
2714711538.462718;-13.821022987365723;
2716314102.5652819;-13.930601119995117;
2717916666.6678462;-13.80783748626709;
2719519230.7704101;-13.910650253295898;
2721121794.8729744;-13.837868690490723;
2722724358.9755383;-14.023272514343262;
2724326923.0781026;-13.986191749572754;
2725929487.1806664;-13.972681045532227;
2727532051.2832308;-13.879220962524414;
2729134615.3857946;-13.831403732299805;
2730737179.488359;-14.065793991088867;
2732339743.5909228;-13.936051368713379;
2733942307.6934872;-13.852048873901367;
2735544871.796051;-13.923227310180664;
2737147435.8986154;-13.958227157592773;
2738750000.0011792;-13.985058784484863;
2740352564.1037436;-14.083721160888672;
2741955128.2063074;-13.826964378356934;
2743557692.3088717;-13.839101791381836;
2745160256.4114356;-13.892398834228516;
2746762820.5139999;-13.821922302246094;
2748365384.6165638;-14.070008277893066;
2749967948.7191281;-13.929740905761719;
2751570512.821692;-14.006415367126465;
2753173076.9242563;-13.988125801086426;
2754775641.0268202;-13.811844825744629;
2756378205.1293845;-13.941366195678711;
2757980769.2319489;-13.975451469421387;
2759583333.3345127;-13.864097595214844;
2761185897.437077;-13.935473442077637;
2762788461.5396409;-13.926880836486816;
2764391025.6422052;-13.984200477600098;
2765993589.7447691;-14.055274963378906;
2767596153.8473334;-13.981539726257324;
2769198717.9498973;-13.946481704711914;
2770801282.0524616;-13.864916801452637;
2772403846.1550255;-13.929852485656738;
2774006410.2575898;-13.823737144470215;
2775608974.3601537;-13.911133766174316;
2777211538.462718;-14.058513641357422;
2778814102.5652819;-14.02930736541748;
2780416666.6678462;-13.915452003479004;
2782019230.7704101;-14.023426055908203;
2783621794.8729744;-13.881102561950684;
2785224358.9755383;-13.883790969848633;
2786826923.0781026;-14.037638664245605;
2788429487.1806664;-14.01088809967041;
2790032051.2832308;-14.046409606933594;
2791634615.3857946;-14.059520721435547;
2793237179.488359;-13.987113952636719;
2794839743.5909228;-13.953712463378906;
2796442307.6934872;-14.028755187988281;
2798044871.796051;-13.976945877075195;
2799647435.8986154;-14.108142852783203;
2801250000.0011792;-13.945585250854492;
2802852564.1037436;-14.041872024536133;
2804455128.2063074;-14.079982757568359;
2806057692.3088717;-13.955757141113281;
2807660256.4114356;-14.187167167663574;
2809262820.5139999;-13.966647148132324;
2810865384.6165638;-14.063122749328613;
2812467948.7191281;-14.14983081817627;
2814070512.821692;-14.237746238708496;
2815673076.9242563;-14.21114444732666;
2817275641.0268202;-14.126442909240723;
2818878205.1293845;-14.11928653717041;
2820480769.2319489;-14.289566993713379;
2822083333.3345127;-14.041914939880371;
2823685897.437077;-14.244214057922363;
2825288461.5396409;-14.268489837646484;
2826891025.6422052;-14.150138854980469;
2828493589.7447691;-14.218069076538086;
2830096153.8473334;-14.271997451782227;
2831698717.9498973;-14.204834938049316;
2833301282.0524616;-14.296065330505371;
2834903846.1550255;-14.034464836120605;
2836506410.2575898;-14.143424987792969;
2838108974.3601537;-14.22063159942627;
2839711538.462718;-14.370948791503906;
2841314102.5652819;-14.327664375305176;
2842916666.6678462;-14.313291549682617;
2844519230.7704101;-14.138097763061523;
2846121794.8729744;-14.402629852294922;
2847724358.9755383;-14.475198745727539;
2849326923.0781026;-14.339287757873535;
2850929487.1806664;-14.426203727722168;
2852532051.2832308;-14.552613258361816;
2854134615.3857946;-14.354196548461914;
2855737179.488359;-14.462041854858398;
2857339743.5909228;-14.390348434448242;
2858942307.6934872;-14.480073928833008;
2860544871.796051;-14.412030220031738;
2862147435.8986154;-14.465583801269531;
2863750000.0011792;-14.444664001464844;
2865352564.1037436;-14.483809471130371;
2866955128.2063074;-14.364082336425781;
2868557692.3088717;-14.378005981445313;
2870160256.4114356;-14.438854217529297;
2871762820.5139999;-14.346327781677246;
2873365384.6165638;-14.545689582824707;
2874967948.7191281;-14.528457641601563;
2876570512.821692;-14.462206840515137;
2878173076.9242563;-14.548691749572754;
2879775641.0268202;-14.689708709716797;
2881378205.1293845;-14.592074394226074;
2882980769.2319489;-14.599612236022949;
2884583333.3345127;-14.495476722717285;
2886185897.437077;-14.458551406860352;
2887788461.5396409;-14.514796257019043;
2889391025.6422052;-14.504919052124023;
2890993589.7447691;-14.568079948425293;
2892596153.8473334;-14.556848526000977;
2894198717.9498973;-14.491476058959961;
2895801282.0524616;-14.458561897277832;
2897403846.1550255;-14.470673561096191;
2899006410.2575898;-14.496729850769043;
2900608974.3601537;-14.491230964660645;
2902211538.462718;-14.493843078613281;
2903814102.5652819;-14.477429389953613;
2905416666.6678462;-14.509261131286621;
2907019230.7704101;-14.471307754516602;
2908621794.8729744;-14.424793243408203;
2910224358.9755383;-14.366432189941406;
2911826923.0781026;-14.405287742614746;
2913429487.1806664;-14.33202075958252;
2915032051.2832308;-14.357845306396484;
2916634615.3857946;-14.415042877197266;
2918237179.488359;-14.406020164489746;
2919839743.5909228;-14.512520790100098;
2921442307.6934872;-14.322546005249023;
2923044871.796051;-14.419525146484375;
2924647435.8986154;-14.48037052154541;
2926250000.0011792;-14.352920532226562;
2927852564.1037436;-14.333813667297363;
2929455128.2063074;-14.437721252441406;
2931057692.3088717;-14.425055503845215;
2932660256.4114356;-14.359573364257812;
2934262820.5139999;-14.425613403320312;
