Type;ESU;
Version;4.43;
Date;03.Jun 16;
Mode;ANALYZER;
Center Freq;2434262820.514000;Hz
Freq Offset;0.000000;Hz
Span;100000000.000000;Hz
x-Axis;LIN;
Start;2384262820.514000;Hz
Stop;2484262820.514000;Hz
Ref Level;-9.000000;dBm
Level Offset;0.000000;dB
Ref Position;100.000000;%
y-Axis;LOG;
Level Range;100.000000;dB
Rf Att;5.000000;dB
RBW;2000000.000000;Hz
VBW;50.000000;Hz
SWT;2.500000;s
Trace Mode;CLR/WRITE;
Detector;RMS;
Sweep Count;0;
Trace 1:;;
x-Unit;Hz;
y-Unit;dBm;
Values;625;
2384262820.5139999;-85.743324279785156;
2384423076.9242563;-85.719970703125;
2384583333.3345127;-85.704559326171875;
2384743589.7447691;-85.710334777832031;
2384903846.1550255;-85.721893310546875;
2385064102.5652819;-85.70648193359375;
2385224358.9755383;-85.6929931640625;
2385384615.3857946;-85.706039428710938;
2385544871.796051;-85.704818725585937;
2385705128.2063074;-85.718040466308594;
2385865384.6165643;-85.78515625;
2386025641.0268207;-85.764450073242188;
2386185897.437077;-85.702629089355469;
2386346153.8473334;-85.713638305664063;
2386506410.2575898;-85.709480285644531;
2386666666.6678462;-85.712265014648437;
2386826923.0781026;-85.698204040527344;
2386987179.488359;-85.648040771484375;
2387147435.8986154;-85.687240600585938;
2387307692.3088717;-85.681449890136719;
2387467948.7191281;-85.667999267578125;
2387628205.1293845;-85.667984008789063;
2387788461.5396409;-85.700706481933594;
2387948717.9498973;-85.708404541015625;
2388108974.3601537;-85.712265014648437;
2388269230.7704101;-85.708404541015625;
2388429487.1806664;-85.698768615722656;
2388589743.5909228;-85.668037414550781;
2388750000.0011792;-85.70648193359375;
2388910256.4114356;-85.708412170410156;
2389070512.8216925;-85.687232971191406;
2389230769.2319489;-85.652687072753906;
2389391025.6422052;-85.696846008300781;
2389551282.0524616;-85.668022155761719;
2389711538.462718;-85.654632568359375;
2389871794.8729744;-85.652557373046875;
2390032051.2832308;-85.625953674316406;
2390192307.6934872;-85.664161682128906;
2390352564.1037436;-85.648872375488281;
2390512820.5139999;-85.599113464355469;
2390673076.9242563;-85.608802795410156;
2390833333.3345127;-85.587799072265625;
2390993589.7447691;-85.654632568359375;
2391153846.1550255;-85.61822509765625;
2391314102.5652819;-85.635490417480469;
2391474358.9755383;-85.574287414550781;
2391634615.3857946;-85.618324279785156;
2391794871.796051;-85.622116088867188;
2391955128.2063074;-85.704551696777344;
2392115384.6165643;-85.535377502441406;
2392275641.0268207;-85.52520751953125;
2392435897.437077;-85.44708251953125;
2392596153.8473334;-85.536544799804688;
2392756410.2575898;-85.454795837402344;
2392916666.6678462;-85.559257507324219;
2393076923.0781026;-85.420219421386719;
2393237179.488359;-85.474357604980469;
2393397435.8986154;-85.565101623535156;
2393557692.3088717;-85.633537292480469;
2393717948.7191281;-85.513839721679688;
2393878205.1293845;-85.464973449707031;
2394038461.5396409;-85.505294799804688;
2394198717.9498973;-85.474395751953125;
2394358974.3601537;-85.516838073730469;
2394519230.7704101;-85.47802734375;
2394679487.1806664;-85.5400390625;
2394839743.5909228;-85.538368225097656;
2395000000.0011792;-85.545684814453125;
2395160256.4114356;-85.530982971191406;
2395320512.8216925;-85.600921630859375;
2395480769.2319489;-85.585762023925781;
2395641025.6422052;-85.6199951171875;
2395801282.0524616;-85.601142883300781;
2395961538.462718;-85.591598510742188;
2396121794.8729744;-85.551780700683594;
2396282051.2832308;-85.612838745117188;
2396442307.6934872;-85.536491394042969;
2396602564.1037436;-85.610702514648437;
2396762820.5139999;-85.598846435546875;
2396923076.9242563;-85.621604919433594;
2397083333.3345127;-85.599281311035156;
2397243589.7447691;-85.639328002929688;
2397403846.1550255;-85.6297607421875;
2397564102.5652819;-85.620216369628906;
2397724358.9755383;-85.633583068847656;
2397884615.3857946;-85.683387756347656;
2398044871.796051;-85.6507568359375;
2398205128.2063074;-85.62786865234375;
2398365384.6165643;-85.606880187988281;
2398525641.0268207;-85.627876281738281;
2398685897.437077;-85.624053955078125;
2398846153.8473334;-85.589775085449219;
2399006410.2575898;-85.563217163085938;
2399166666.6678462;-85.618331909179687;
2399326923.0781026;-85.593574523925781;
2399487179.488359;-85.633598327636719;
2399647435.8986154;-85.624053955078125;
2399807692.3088717;-85.630332946777344;
2399967948.7191281;-85.615791320800781;
2400128205.1293845;-85.612892150878906;
2400288461.5396409;-85.622154235839844;
2400448717.9498973;-85.608810424804688;
2400608974.3601537;-85.620246887207031;
2400769230.7704101;-85.6107177734375;
2400929487.1806664;-85.614517211914062;
2401089743.5909228;-85.612586975097656;
2401250000.0011792;-85.645065307617188;
2401410256.4114356;-85.622154235839844;
2401570512.8216925;-85.633567810058594;
2401730769.2319489;-85.635482788085937;
2401891025.6422052;-85.593559265136719;
2402051282.0524616;-85.622123718261719;
2402211538.462718;-85.639320373535156;
2402371794.8729744;-85.646980285644531;
2402532051.2832308;-85.616424560546875;
2402692307.6934872;-85.620246887207031;
2402852564.1037436;-85.618339538574219;
2403012820.5139999;-85.625953674316406;
2403173076.9242563;-85.635490417480469;
2403333333.3345127;-85.631690979003906;
2403493589.7447691;-85.616432189941406;
2403653846.1550255;-85.622146606445313;
2403814102.5652819;-85.629783630371094;
2403974358.9755383;-85.599281311035156;
2404134615.3857946;-85.622154235839844;
2404294871.796051;-85.610710144042969;
2404455128.2063074;-85.618339538574219;
2404615384.6165643;-85.637420654296875;
2404775641.0268207;-85.620246887207031;
2404935897.437077;-85.614486694335938;
2405096153.8473334;-85.618339538574219;
2405256410.2575898;-85.620246887207031;
2405416666.6678462;-85.629776000976563;
2405576923.0781026;-85.643142700195313;
2405737179.488359;-85.673774719238281;
2405897435.8986154;-85.644607543945313;
2406057692.3088717;-85.63250732421875;
2406217948.7191281;-85.625968933105469;
2406378205.1293845;-85.671882629394531;
2406538461.5396409;-85.687240600585938;
2406698717.9498973;-85.648857116699219;
2406858974.3601537;-85.634452819824219;
2407019230.7704101;-85.624061584472656;
2407179487.1806664;-85.624053955078125;
2407339743.5909228;-85.618339538574219;
2407500000.0011792;-85.618339538574219;
2407660256.4114356;-85.646980285644531;
2407820512.8216925;-85.618324279785156;
2407980769.2319489;-85.639335632324219;
2408141025.6422052;-85.694923400878906;
2408301282.0524616;-85.681465148925781;
2408461538.462718;-85.689140319824219;
2408621794.8729744;-85.700698852539063;
2408782051.2832308;-85.637413024902344;
2408942307.6934872;-85.6527099609375;
2409102564.1037436;-85.656532287597656;
2409262820.5139999;-85.645050048828125;
2409423076.9242563;-85.622154235839844;
2409583333.3345127;-85.62786865234375;
2409743589.7447691;-85.629783630371094;
2409903846.1550255;-85.637420654296875;
2410064102.5652819;-85.62786865234375;
2410224358.9755383;-85.641220092773438;
2410384615.3857946;-85.616401672363281;
2410544871.796051;-85.654617309570313;
2410705128.2063074;-85.631690979003906;
2410865384.6165643;-85.627876281738281;
2411025641.0268207;-85.633590698242188;
2411185897.437077;-85.635475158691406;
2411346153.8473334;-85.627876281738281;
2411506410.2575898;-85.705650329589844;
2411666666.6678462;-85.708404541015625;
2411826923.0781026;-85.714187622070313;
2411987179.488359;-85.656524658203125;
2412147435.8986154;-85.637413024902344;
2412307692.3088717;-85.673774719238281;
2412467948.7191281;-85.694923400878906;
2412628205.1293845;-85.658470153808594;
2412788461.5396409;-85.679557800292969;
2412948717.9498973;-85.694931030273438;
2413108974.3601537;-85.687240600585938;
2413269230.7704101;-85.639305114746094;
2413429487.1806664;-85.689140319824219;
2413589743.5909228;-85.683364868164062;
2413750000.0011792;-85.660926818847656;
2413910256.4114356;-85.631690979003906;
2414070512.8216925;-85.65460205078125;
2414230769.2319489;-85.706474304199219;
2414391025.6422052;-85.698776245117188;
2414551282.0524616;-85.691062927246094;
2414711538.462718;-85.650794982910156;
2414871794.8729744;-85.693000793457031;
2415032051.2832308;-85.700706481933594;
2415192307.6934872;-85.714187622070313;
2415352564.1037436;-85.694892883300781;
2415512820.5139999;-85.685317993164063;
2415673076.9242563;-85.710334777832031;
2415833333.3345127;-85.712242126464844;
2415993589.7447691;-85.737350463867188;
2416153846.1550255;-85.647789001464844;
2416314102.5652819;-85.637405395507813;
2416474358.9755383;-85.656547546386719;
2416634615.3857946;-85.662300109863281;
2416794871.796051;-85.669967651367188;
2416955128.2063074;-85.702629089355469;
2417115384.6165643;-85.685302734375;
2417275641.0268207;-85.637420654296875;
2417435897.437077;-85.698776245117188;
2417596153.8473334;-85.70648193359375;
2417756410.2575898;-85.693008422851562;
2417916666.6678462;-85.679550170898437;
2418076923.0781026;-85.698768615722656;
2418237179.488359;-85.704559326171875;
2418397435.8986154;-85.664215087890625;
2418557692.3088717;-85.663116455078125;
2418717948.7191281;-85.664215087890625;
2418878205.1293845;-85.65655517578125;
2419038461.5396409;-85.687232971191406;
2419198717.9498973;-85.70648193359375;
2419358974.3601537;-85.710334777832031;
2419519230.7704101;-85.693000793457031;
2419679487.1806664;-85.669960021972656;
2419839743.5909228;-85.698776245117188;
2420000000.0011792;-85.698768615722656;
2420160256.4114356;-85.691078186035156;
2420320512.8216925;-85.696853637695313;
2420480769.2319489;-85.706474304199219;
2420641025.6422052;-85.704833984375;
2420801282.0524616;-85.683403015136719;
2420961538.462718;-85.677642822265625;
2421121794.8729744;-85.650764465332031;
2421282051.2832308;-85.637413024902344;
2421442307.6934872;-85.660377502441406;
2421602564.1037436;-85.643157958984375;
2421762820.5139999;-85.70068359375;
2421923076.9242563;-85.704559326171875;
2422083333.3345127;-85.693008422851562;
2422243589.7447691;-85.685287475585937;
2422403846.1550255;-85.629776000976563;
2422564102.5652819;-85.623779296875;
2422724358.9755383;-85.625968933105469;
2422884615.3857946;-85.635490417480469;
2423044871.796051;-85.631690979003906;
2423205128.2063074;-85.624061584472656;
2423365384.6165643;-85.624061584472656;
2423525641.0268207;-85.635498046875;
2423685897.437077;-85.689155578613281;
2423846153.8473334;-85.687232971191406;
2424006410.2575898;-85.72381591796875;
2424166666.6678462;-85.691085815429687;
2424326923.0781026;-85.685310363769531;
2424487179.488359;-85.704559326171875;
2424647435.8986154;-85.685317993164063;
2424807692.3088717;-85.68914794921875;
2424967948.7191281;-85.700706481933594;
2425128205.1293845;-85.652702331542969;
2425288461.5396409;-85.624046325683594;
2425448717.9498973;-85.646919250488281;
2425608974.3601537;-85.719963073730469;
2425769230.7704101;-85.704551696777344;
2425929487.1806664;-85.702613830566406;
2426089743.5909228;-85.620193481445313;
2426250000.0011792;-85.633552551269531;
2426410256.4114356;-85.648826599121094;
2426570512.8216925;-85.633575439453125;
2426730769.2319489;-85.581993103027344;
2426891025.6422052;-85.54425048828125;
2427051282.0524616;-85.534645080566406;
2427211538.462718;-85.549964904785156;
2427371794.8729744;-85.369941711425781;
2427532051.2832308;-85.392829895019531;
2427692307.6934872;-85.082069396972656;
2427852564.1037436;-84.990715026855469;
2428012820.5139999;-84.380973815917969;
2428173076.9242563;-83.907600402832031;
2428333333.3345127;-83.300331115722656;
2428493589.7447691;-82.346328735351563;
2428653846.1550255;-81.672470092773438;
2428814102.5652819;-79.571685791015625;
2428974358.9755383;-78.699234008789063;
2429134615.3857946;-75.854255676269531;
2429294871.796051;-75.616973876953125;
2429455128.2063074;-72.284004211425781;
2429615384.6165643;-71.278343200683594;
2429775641.0268207;-67.930328369140625;
2429935897.437077;-67.784408569335937;
2430096153.8473334;-65.073226928710937;
2430256410.2575898;-64.597908020019531;
2430416666.6678462;-60.266960144042969;
2430576923.0781026;-59.735313415527344;
2430737179.488359;-57.849906921386719;
2430897435.8986154;-58.048297882080078;
2431057692.3088717;-54.157867431640625;
2431217948.7191281;-52.625789642333984;
2431378205.1293845;-50.977447509765625;
2431538461.5396409;-50.415481567382813;
2431698717.9498973;-50.126564025878906;
2431858974.3601537;-46.381851196289063;
2432019230.7704101;-45.99530029296875;
2432179487.1806664;-43.487438201904297;
2432339743.5909228;-43.533622741699219;
2432500000.0011792;-41.328262329101563;
2432660256.4114356;-40.765064239501953;
2432820512.8216925;-38.301429748535156;
2432980769.2319489;-38.163864135742187;
2433141025.6422052;-36.340663909912109;
2433301282.0524616;-36.160003662109375;
2433461538.462718;-34.660011291503906;
2433621794.8729744;-33.914119720458984;
2433782051.2832308;-33.327625274658203;
2433942307.6934872;-32.858585357666016;
2434102564.1037436;-32.467273712158203;
2434262820.5139999;-32.140190124511719;
2434423076.9242563;-32.152381896972656;
2434583333.3345127;-32.213455200195312;
2434743589.7447691;-32.450588226318359;
2434903846.1550255;-32.606681823730469;
2435064102.5652819;-33.615016937255859;
2435224358.9755383;-34.139545440673828;
2435384615.3857946;-34.980072021484375;
2435544871.796051;-35.647579193115234;
2435705128.2063074;-36.581577301025391;
2435865384.6165643;-37.893375396728516;
2436025641.0268207;-39.340267181396484;
2436185897.437077;-40.106601715087891;
2436346153.8473334;-41.457771301269531;
2436506410.2575898;-42.391998291015625;
2436666666.6678462;-44.335189819335938;
2436826923.0781026;-45.535446166992188;
2436987179.488359;-46.928817749023438;
2437147435.8986154;-47.884765625;
2437307692.3088717;-49.31817626953125;
2437467948.7191281;-50.915134429931641;
2437628205.1293845;-52.508369445800781;
2437788461.5396409;-53.596336364746094;
2437948717.9498973;-54.885108947753906;
2438108974.3601537;-55.985755920410156;
2438269230.7704101;-57.69451904296875;
2438429487.1806664;-59.042388916015625;
2438589743.5909228;-60.475795745849609;
2438750000.0011792;-61.396896362304687;
2438910256.4114356;-62.863319396972656;
2439070512.8216925;-64.081634521484375;
2439230769.2319489;-66.146453857421875;
2439391025.6422052;-66.990119934082031;
2439551282.0524616;-68.846511840820313;
2439711538.462718;-69.60565185546875;
2439871794.8729744;-71.885398864746094;
2440032051.2832308;-73.453369140625;
2440192307.6934872;-75.368034362792969;
2440352564.1037436;-76.472816467285156;
2440512820.5139999;-78.307937622070312;
2440673076.9242563;-80.151992797851563;
2440833333.3345127;-82.041885375976563;
2440993589.7447691;-82.909011840820313;
2441153846.1550255;-83.773773193359375;
2441314102.5652819;-84.318687438964844;
2441474358.9755383;-85.020248413085938;
2441634615.3857946;-85.355369567871094;
2441794871.796051;-85.508399963378906;
2441955128.2063074;-85.551856994628906;
2442115384.6165643;-85.633537292480469;
2442275641.0268207;-85.716087341308594;
2442435897.437077;-85.702613830566406;
2442596153.8473334;-85.747024536132813;
2442756410.2575898;-85.718048095703125;
2442916666.6678462;-85.593215942382813;
2443076923.0781026;-85.762466430664063;
2443237179.488359;-85.820022583007812;
2443397435.8986154;-85.82281494140625;
2443557692.3088717;-85.811103820800781;
2443717948.7191281;-85.80328369140625;
2443878205.1293845;-85.81304931640625;
2444038461.5396409;-85.820854187011719;
2444198717.9498973;-85.79547119140625;
2444358974.3601537;-85.725761413574219;
2444519230.7704101;-85.758636474609375;
2444679487.1806664;-85.803306579589844;
2444839743.5909228;-85.785789489746094;
2445000000.0011792;-85.822799682617188;
2445160256.4114356;-85.77996826171875;
2445320512.8216925;-85.797470092773438;
2445480769.2319489;-85.82086181640625;
2445641025.6422052;-85.81890869140625;
2445801282.0524616;-85.822807312011719;
2445961538.462718;-85.824760437011719;
2446121794.8729744;-85.82281494140625;
2446282051.2832308;-85.816963195800781;
2446442307.6934872;-85.808876037597656;
2446602564.1037436;-85.781913757324219;
2446762820.5139999;-85.766387939453125;
2446923076.9242563;-85.733482360839844;
2447083333.3345127;-85.747001647949219;
2447243589.7447691;-85.768333435058594;
2447403846.1550255;-85.76251220703125;
2447564102.5652819;-85.807182312011719;
2447724358.9755383;-85.805252075195313;
2447884615.3857946;-85.776092529296875;
2448044871.796051;-85.793563842773438;
2448205128.2063074;-85.807205200195313;
2448365384.6165643;-85.778007507324219;
2448525641.0268207;-85.799392700195313;
2448685897.437077;-85.783836364746094;
2448846153.8473334;-85.818038940429687;
2449006410.2575898;-85.799964904785156;
2449166666.6678462;-85.81976318359375;
2449326923.0781026;-85.877639770507813;
2449487179.488359;-85.859977722167969;
2449647435.8986154;-85.822807312011719;
2449807692.3088717;-85.809150695800781;
2449967948.7191281;-85.81500244140625;
2450128205.1293845;-85.856056213378906;
2450288461.5396409;-85.824760437011719;
2450448717.9498973;-85.838432312011719;
2450608974.3601537;-85.826683044433594;
2450769230.7704101;-85.824752807617188;
2450929487.1806664;-85.82281494140625;
2451089743.5909228;-85.826713562011719;
2451250000.0011792;-85.83648681640625;
2451410256.4114356;-85.82086181640625;
2451570512.8216925;-85.822807312011719;
2451730769.2319489;-85.815010070800781;
2451891025.6422052;-85.795524597167969;
2452051282.0524616;-85.82281494140625;
2452211538.462718;-85.801368713378906;
2452371794.8729744;-85.783767700195313;
2452532051.2832308;-85.710304260253906;
2452692307.6934872;-85.793548583984375;
2452852564.1037436;-85.81890869140625;
2453012820.5139999;-85.807205200195313;
2453173076.9242563;-85.822792053222656;
2453333333.3345127;-85.809112548828125;
2453493589.7447691;-85.816963195800781;
2453653846.1550255;-85.822799682617188;
2453814102.5652819;-85.824745178222656;
2453974358.9755383;-85.81500244140625;
2454134615.3857946;-85.82086181640625;
2454294871.796051;-85.791587829589844;
2454455128.2063074;-85.791618347167969;
2454615384.6165643;-85.818885803222656;
2454775641.0268207;-85.822807312011719;
2454935897.437077;-85.788543701171875;
2455096153.8473334;-85.822250366210938;
2455256410.2575898;-85.777961730957031;
2455416666.6678462;-85.821510314941406;
2455576923.0781026;-85.777755737304688;
2455737179.488359;-85.835380554199219;
2455897435.8986154;-85.804351806640625;
2456057692.3088717;-85.821464538574219;
2456217948.7191281;-85.785743713378906;
2456378205.1293845;-85.838432312011719;
2456538461.5396409;-85.6986083984375;
2456698717.9498973;-85.781806945800781;
2456858974.3601537;-85.836395263671875;
2457019230.7704101;-85.777992248535156;
2457179487.1806664;-85.805229187011719;
2457339743.5909228;-85.826683044433594;
2457500000.0011792;-85.787605285644531;
2457660256.4114356;-85.797386169433594;
2457820512.8216925;-85.795478820800781;
2457980769.2319489;-85.822807312011719;
2458141025.6422052;-85.8089599609375;
2458301282.0524616;-85.774093627929688;
2458461538.462718;-85.848197937011719;
2458621794.8729744;-85.832572937011719;
2458782051.2832308;-85.871711730957031;
2458942307.6934872;-85.82086181640625;
2459102564.1037436;-85.81695556640625;
2459262820.5139999;-85.869743347167969;
2459423076.9242563;-85.887435913085937;
2459583333.3345127;-85.814979553222656;
2459743589.7447691;-85.783821105957031;
2459903846.1550255;-85.721900939941406;
2460064102.5652819;-85.719947814941406;
2460224358.9755383;-85.737335205078125;
2460384615.3857946;-85.706474304199219;
2460544871.796051;-85.74114990234375;
2460705128.2063074;-85.813003540039063;
2460865384.6165643;-85.822761535644531;
2461025641.0268207;-85.824760437011719;
2461185897.437077;-85.869766235351563;
2461346153.8473334;-85.859962463378906;
2461506410.2575898;-85.856048583984375;
2461666666.6678462;-85.84625244140625;
2461826923.0781026;-85.836479187011719;
2461987179.488359;-85.828659057617188;
2462147435.8986154;-85.893356323242187;
2462307692.3088717;-85.887428283691406;
2462467948.7191281;-85.863815307617188;
2462628205.1293845;-85.82281494140625;
2462788461.5396409;-85.871711730957031;
2462948717.9498973;-85.891403198242188;
2463108974.3601537;-85.899253845214844;
2463269230.7704101;-85.917007446289062;
2463429487.1806664;-85.899253845214844;
2463589743.5909228;-85.826713562011719;
2463750000.0011792;-85.807174682617188;
2463910256.4114356;-85.846206665039063;
2464070512.8216925;-85.891365051269531;
2464230769.2319489;-85.907135009765625;
2464391025.6422052;-85.907127380371094;
2464551282.0524616;-85.887458801269531;
2464711538.462718;-85.895332336425781;
2464871794.8729744;-85.895317077636719;
2465032051.2832308;-85.895286560058594;
2465192307.6934872;-85.84039306640625;
2465352564.1037436;-85.877609252929688;
2465512820.5139999;-85.8638916015625;
2465673076.9242563;-85.90911865234375;
2465833333.3345127;-85.905166625976563;
2465993589.7447691;-85.90911865234375;
2466153846.1550255;-85.832550048828125;
2466314102.5652819;-85.850181579589844;
2466474358.9755383;-85.852119445800781;
2466634615.3857946;-85.838409423828125;
2466794871.796051;-85.84423828125;
2466955128.2063074;-85.918975830078125;
2467115384.6165643;-85.873672485351563;
2467275641.0268207;-85.917007446289062;
2467435897.437077;-85.891387939453125;
2467596153.8473334;-85.911087036132812;
2467756410.2575898;-85.84234619140625;
2467916666.6678462;-85.859931945800781;
2468076923.0781026;-85.84039306640625;
2468237179.488359;-85.885482788085938;
2468397435.8986154;-85.820854187011719;
2468557692.3088717;-85.846153259277344;
2468717948.7191281;-85.809127807617188;
2468878205.1293845;-85.863800048828125;
2469038461.5396409;-85.879493713378906;
2469198717.9498973;-85.891281127929688;
2469358974.3601537;-85.852127075195313;
2469519230.7704101;-85.842308044433594;
2469679487.1806664;-85.863853454589844;
2469839743.5909228;-85.8441162109375;
2470000000.0011792;-85.856048583984375;
2470160256.4114356;-85.806930541992188;
2470320512.8216925;-85.852081298828125;
2470480769.2319489;-85.828514099121094;
2470641025.6422052;-85.907142639160156;
2470801282.0524616;-85.797286987304688;
2470961538.462718;-85.817955017089844;
2471121794.8729744;-85.821723937988281;
2471282051.2832308;-85.823104858398438;
2471442307.6934872;-85.786155700683594;
2471602564.1037436;-85.803215026855469;
2471762820.5139999;-85.810981750488281;
2471923076.9242563;-85.578117370605469;
2472083333.3345127;-85.731346130371094;
2472243589.7447691;-85.591049194335937;
2472403846.1550255;-85.681884765625;
2472564102.5652819;-85.611663818359375;
2472724358.9755383;-85.642684936523438;
2472884615.3857946;-85.68682861328125;
2473044871.796051;-85.590606689453125;
2473205128.2063074;-85.671119689941406;
2473365384.6165643;-85.537986755371094;
2473525641.0268207;-85.586669921875;
2473685897.437077;-85.519454956054687;
2473846153.8473334;-85.617622375488281;
2474006410.2575898;-85.474494934082031;
2474166666.6678462;-85.611923217773437;
2474326923.0781026;-85.480491638183594;
2474487179.488359;-85.707923889160156;
2474647435.8986154;-85.552665710449219;
2474807692.3088717;-85.739166259765625;
2474967948.7191281;-85.619644165039062;
2475128205.1293845;-85.779891967773438;
2475288461.5396409;-85.640457153320312;
2475448717.9498973;-85.739234924316406;
2475608974.3601537;-85.702095031738281;
2475769230.7704101;-85.717994689941406;
2475929487.1806664;-85.733116149902344;
2476089743.5909228;-85.748878479003906;
2476250000.0011792;-85.709915161132813;
2476410256.4114356;-85.719955444335938;
2476570512.8216925;-85.654541015625;
2476730769.2319489;-85.712265014648437;
2476891025.6422052;-85.654624938964844;
2477051282.0524616;-85.696846008300781;
2477211538.462718;-85.648872375488281;
2477371794.8729744;-85.700431823730469;
2477532051.2832308;-85.656509399414063;
2477692307.6934872;-85.696014404296875;
2477852564.1037436;-85.650787353515625;
2478012820.5139999;-85.681427001953125;
2478173076.9242563;-85.698768615722656;
2478333333.3345127;-85.700698852539063;
2478493589.7447691;-85.693008422851562;
2478653846.1550255;-85.708412170410156;
2478814102.5652819;-85.735321044921875;
2478974358.9755383;-85.787734985351563;
2479134615.3857946;-85.801345825195313;
2479294871.796051;-85.764450073242188;
2479455128.2063074;-85.811111450195313;
2479615384.6165643;-85.822807312011719;
2479775641.0268207;-85.838432312011719;
2479935897.437077;-85.813056945800781;
2480096153.8473334;-85.82281494140625;
2480256410.2575898;-85.830619812011719;
2480416666.6678462;-85.83453369140625;
2480576923.0781026;-85.83453369140625;
2480737179.488359;-85.848228454589844;
2480897435.8986154;-85.909103393554688;
2481057692.3088717;-85.911094665527344;
2481217948.7191281;-85.918983459472656;
2481378205.1293845;-85.871726989746094;
2481538461.5396409;-85.901229858398438;
2481698717.9498973;-85.905174255371094;
2481858974.3601537;-85.914192199707031;
2482019230.7704101;-85.920951843261719;
2482179487.1806664;-85.905174255371094;
2482339743.5909228;-85.883522033691406;
2482500000.0011792;-85.905166625976563;
2482660256.4114356;-85.922935485839844;
2482820512.8216925;-85.918975830078125;
2482980769.2319489;-85.9031982421875;
2483141025.6422052;-85.909126281738281;
2483301282.0524616;-85.918983459472656;
2483461538.462718;-85.930816650390625;
2483621794.8729744;-85.909126281738281;
2483782051.2832308;-85.913055419921875;
2483942307.6934872;-85.915031433105469;
2484102564.1037436;-85.909126281738281;
2484262820.5139999;-85.909126281738281;
