Type;ESU;
Version;4.43;
Date;03.Jun 16;
Mode;ANALYZER;
Center Freq;2434262820.514000;Hz
Freq Offset;0.000000;Hz
Span;100000000.000000;Hz
x-Axis;LIN;
Start;2384262820.514000;Hz
Stop;2484262820.514000;Hz
Ref Level;-9.000000;dBm
Level Offset;0.000000;dB
Ref Position;100.000000;%
y-Axis;LOG;
Level Range;100.000000;dB
Rf Att;5.000000;dB
RBW;2000000.000000;Hz
VBW;50.000000;Hz
SWT;2.500000;s
Trace Mode;CLR/WRITE;
Detector;RMS;
Sweep Count;0;
Trace 1:;;
x-Unit;Hz;
y-Unit;dBm;
Values;625;
2384262820.5139999;-85.709632873535156;
2384423076.9242563;-85.716110229492188;
2384583333.3345127;-85.716110229492188;
2384743589.7447691;-85.733489990234375;
2384903846.1550255;-85.708381652832031;
2385064102.5652819;-85.693008422851562;
2385224358.9755383;-85.679557800292969;
2385384615.3857946;-85.727691650390625;
2385544871.796051;-85.710319519042969;
2385705128.2063074;-85.716094970703125;
2385865384.6165643;-85.689094543457031;
2386025641.0268207;-85.706466674804688;
2386185897.437077;-85.694931030273438;
2386346153.8473334;-85.714179992675781;
2386506410.2575898;-85.679527282714844;
2386666666.6678462;-85.704559326171875;
2386826923.0781026;-85.708389282226563;
2386987179.488359;-85.714179992675781;
2387147435.8986154;-85.692939758300781;
2387307692.3088717;-85.66802978515625;
2387467948.7191281;-85.679519653320313;
2387628205.1293845;-85.710235595703125;
2387788461.5396409;-85.6910400390625;
2387948717.9498973;-85.692985534667969;
2388108974.3601537;-85.74310302734375;
2388269230.7704101;-85.696846008300781;
2388429487.1806664;-85.681327819824219;
2388589743.5909228;-85.629768371582031;
2388750000.0011792;-85.677642822265625;
2388910256.4114356;-85.616424560546875;
2389070512.8216925;-85.664169311523438;
2389230769.2319489;-85.63165283203125;
2389391025.6422052;-85.718032836914063;
2389551282.0524616;-85.612518310546875;
2389711538.462718;-85.718002319335938;
2389871794.8729744;-85.646858215332031;
2390032051.2832308;-85.689140319824219;
2390192307.6934872;-85.602882385253906;
2390352564.1037436;-85.660331726074219;
2390512820.5139999;-85.710334777832031;
2390673076.9242563;-85.700706481933594;
2390833333.3345127;-85.578254699707031;
2390993589.7447691;-85.602874755859375;
2391153846.1550255;-85.4989013671875;
2391314102.5652819;-85.535881042480469;
2391474358.9755383;-85.542190551757813;
2391634615.3857946;-85.497833251953125;
2391794871.796051;-85.54034423828125;
2391955128.2063074;-85.528724670410156;
2392115384.6165643;-85.150863647460938;
2392275641.0268207;-85.425346374511719;
2392435897.437077;-85.310844421386719;
2392596153.8473334;-85.510101318359375;
2392756410.2575898;-85.301216125488281;
2392916666.6678462;-85.511985778808594;
2393076923.0781026;-85.119766235351563;
2393237179.488359;-85.431015014648437;
2393397435.8986154;-85.177268981933594;
2393557692.3088717;-85.495040893554688;
2393717948.7191281;-85.175605773925781;
2393878205.1293845;-85.521240234375;
2394038461.5396409;-85.163383483886719;
2394198717.9498973;-85.4892578125;
2394358974.3601537;-85.268562316894531;
2394519230.7704101;-85.472541809082031;
2394679487.1806664;-85.259757995605469;
2394839743.5909228;-85.470596313476562;
2395000000.0011792;-85.293251037597656;
2395160256.4114356;-85.493133544921875;
2395320512.8216925;-85.415962219238281;
2395480769.2319489;-85.485740661621094;
2395641025.6422052;-85.47235107421875;
2395801282.0524616;-85.559326171875;
2395961538.462718;-85.523117065429688;
2396121794.8729744;-85.540473937988281;
2396282051.2832308;-85.534629821777344;
2396442307.6934872;-85.587852478027344;
2396602564.1037436;-85.587890625;
2396762820.5139999;-85.610687255859375;
2396923076.9242563;-85.589508056640625;
2397083333.3345127;-85.595428466796875;
2397243589.7447691;-85.587753295898438;
2397403846.1550255;-85.593574523925781;
2397564102.5652819;-85.559394836425781;
2397724358.9755383;-85.589759826660156;
2397884615.3857946;-85.568870544433594;
2398044871.796051;-85.608772277832031;
2398205128.2063074;-85.604866027832031;
2398365384.6165643;-85.610694885253906;
2398525641.0268207;-85.578285217285156;
2398685897.437077;-85.574531555175781;
2398846153.8473334;-85.576393127441406;
2399006410.2575898;-85.593505859375;
2399166666.6678462;-85.568809509277344;
2399326923.0781026;-85.585952758789063;
2399487179.488359;-85.555465698242187;
2399647435.8986154;-85.578216552734375;
2399807692.3088717;-85.656501770019531;
2399967948.7191281;-85.654624938964844;
2400128205.1293845;-85.643020629882813;
2400288461.5396409;-85.610710144042969;
2400448717.9498973;-85.578559875488281;
2400608974.3601537;-85.588973999023438;
2400769230.7704101;-85.563201904296875;
2400929487.1806664;-85.553756713867187;
2401089743.5909228;-85.529182434082031;
2401250000.0011792;-85.610694885253906;
2401410256.4114356;-85.608802795410156;
2401570512.8216925;-85.618324279785156;
2401730769.2319489;-85.553733825683594;
2401891025.6422052;-85.549896240234375;
2402051282.0524616;-85.57080078125;
2402211538.462718;-85.553749084472656;
2402371794.8729744;-85.584053039550781;
2402532051.2832308;-85.6107177734375;
2402692307.6934872;-85.597358703613281;
2402852564.1037436;-85.616432189941406;
2403012820.5139999;-85.6202392578125;
2403173076.9242563;-85.618331909179687;
2403333333.3345127;-85.593544006347656;
2403493589.7447691;-85.635513305664063;
2403653846.1550255;-85.625961303710938;
2403814102.5652819;-85.624061584472656;
2403974358.9755383;-85.616432189941406;
2404134615.3857946;-85.629776000976563;
2404294871.796051;-85.625930786132813;
2404455128.2063074;-85.645034790039063;
2404615384.6165643;-85.599288940429688;
2404775641.0268207;-85.6087646484375;
2404935897.437077;-85.578399658203125;
2405096153.8473334;-85.587875366210938;
2405256410.2575898;-85.618331909179687;
2405416666.6678462;-85.641242980957031;
2405576923.0781026;-85.620849609375;
2405737179.488359;-85.628036499023437;
2405897435.8986154;-85.592002868652344;
2406057692.3088717;-85.648895263671875;
2406217948.7191281;-85.628143310546875;
2406378205.1293845;-85.622528076171875;
2406538461.5396409;-85.618331909179687;
2406698717.9498973;-85.606887817382812;
2406858974.3601537;-85.664215087890625;
2407019230.7704101;-85.635414123535156;
2407179487.1806664;-85.645034790039063;
2407339743.5909228;-85.606773376464844;
2407500000.0011792;-85.616432189941406;
2407660256.4114356;-85.612617492675781;
2407820512.8216925;-85.625968933105469;
2407980769.2319489;-85.635498046875;
2408141025.6422052;-85.64697265625;
2408301282.0524616;-85.648849487304688;
2408461538.462718;-85.637428283691406;
2408621794.8729744;-85.604972839355469;
2408782051.2832308;-85.668045043945313;
2408942307.6934872;-85.656532287597656;
2409102564.1037436;-85.620246887207031;
2409262820.5139999;-85.578323364257813;
2409423076.9242563;-85.629692077636719;
2409583333.3345127;-85.652687072753906;
2409743589.7447691;-85.664215087890625;
2409903846.1550255;-85.608718872070313;
2410064102.5652819;-85.625961303710938;
2410224358.9755383;-85.625930786132813;
2410384615.3857946;-85.646957397460938;
2410544871.796051;-85.616264343261719;
2410705128.2063074;-85.625938415527344;
2410865384.6165643;-85.599258422851562;
2411025641.0268207;-85.671806335449219;
2411185897.437077;-85.658424377441406;
2411346153.8473334;-85.631683349609375;
2411506410.2575898;-85.601486206054688;
2411666666.6678462;-85.574539184570312;
2411826923.0781026;-85.616432189941406;
2411987179.488359;-85.624038696289062;
2412147435.8986154;-85.660369873046875;
2412307692.3088717;-85.673759460449219;
2412467948.7191281;-85.646957397460938;
2412628205.1293845;-85.685317993164063;
2412788461.5396409;-85.660369873046875;
2412948717.9498973;-85.645042419433594;
2413108974.3601537;-85.631637573242188;
2413269230.7704101;-85.67572021484375;
2413429487.1806664;-85.664215087890625;
2413589743.5909228;-85.66802978515625;
2413750000.0011792;-85.623786926269531;
2413910256.4114356;-85.620880126953125;
2414070512.8216925;-85.658729553222656;
2414230769.2319489;-85.622138977050781;
2414391025.6422052;-85.61260986328125;
2414551282.0524616;-85.650802612304688;
2414711538.462718;-85.658462524414062;
2414871794.8729744;-85.687232971191406;
2415032051.2832308;-85.693008422851562;
2415192307.6934872;-85.702621459960937;
2415352564.1037436;-85.668052673339844;
2415512820.5139999;-85.67572021484375;
2415673076.9242563;-85.693000793457031;
2415833333.3345127;-85.694931030273438;
2415993589.7447691;-85.664169311523438;
2416153846.1550255;-85.64697265625;
2416314102.5652819;-85.631683349609375;
2416474358.9755383;-85.645614624023438;
2416634615.3857946;-85.627853393554687;
2416794871.796051;-85.668052673339844;
2416955128.2063074;-85.681480407714844;
2417115384.6165643;-85.646965026855469;
2417275641.0268207;-85.622146606445313;
2417435897.437077;-85.631690979003906;
2417596153.8473334;-85.625968933105469;
2417756410.2575898;-85.648849487304688;
2417916666.6678462;-85.710334777832031;
2418076923.0781026;-85.704559326171875;
2418237179.488359;-85.712249755859375;
2418397435.8986154;-85.710334777832031;
2418557692.3088717;-85.702629089355469;
2418717948.7191281;-85.698234558105469;
2418878205.1293845;-85.710319519042969;
2419038461.5396409;-85.671875;
2419198717.9498973;-85.658470153808594;
2419358974.3601537;-85.681472778320312;
2419519230.7704101;-85.677619934082031;
2419679487.1806664;-85.664215087890625;
2419839743.5909228;-85.625961303710938;
2420000000.0011792;-85.639320373535156;
2420160256.4114356;-85.648857116699219;
2420320512.8216925;-85.650802612304688;
2420480769.2319489;-85.671867370605469;
2420641025.6422052;-85.658737182617188;
2420801282.0524616;-85.656547546386719;
2420961538.462718;-85.663116455078125;
2421121794.8729744;-85.673797607421875;
2421282051.2832308;-85.633560180664063;
2421442307.6934872;-85.625961303710938;
2421602564.1037436;-85.6412353515625;
2421762820.5139999;-85.70452880859375;
2421923076.9242563;-85.667991638183594;
2422083333.3345127;-85.633598327636719;
2422243589.7447691;-85.616424560546875;
2422403846.1550255;-85.641242980957031;
2422564102.5652819;-85.664215087890625;
2422724358.9755383;-85.677642822265625;
2422884615.3857946;-85.65435791015625;
2423044871.796051;-85.645072937011719;
2423205128.2063074;-85.668037414550781;
2423365384.6165643;-85.656539916992188;
2423525641.0268207;-85.702629089355469;
2423685897.437077;-85.708396911621094;
2423846153.8473334;-85.704551696777344;
2424006410.2575898;-85.67572021484375;
2424166666.6678462;-85.685317993164063;
2424326923.0781026;-85.648849487304688;
2424487179.488359;-85.648887634277344;
2424647435.8986154;-85.662300109863281;
2424807692.3088717;-85.666122436523438;
2424967948.7191281;-85.60498046875;
2425128205.1293845;-85.66607666015625;
2425288461.5396409;-85.698692321777344;
2425448717.9498973;-85.622146606445313;
2425608974.3601537;-85.660369873046875;
2425769230.7704101;-85.656539916992188;
2425929487.1806664;-85.687171936035156;
2426089743.5909228;-85.563163757324219;
2426250000.0011792;-85.61260986328125;
2426410256.4114356;-85.566909790039062;
2426570512.8216925;-85.536697387695312;
2426730769.2319489;-85.515800476074219;
2426891025.6422052;-85.572685241699219;
2427051282.0524616;-85.378486633300781;
2427211538.462718;-85.412948608398438;
2427371794.8729744;-84.713523864746094;
2427532051.2832308;-85.046157836914063;
2427692307.6934872;-83.855995178222656;
2427852564.1037436;-83.942794799804688;
2428012820.5139999;-82.987083435058594;
2428173076.9242563;-81.922134399414063;
2428333333.3345127;-80.517021179199219;
2428493589.7447691;-79.566879272460938;
2428653846.1550255;-78.2933349609375;
2428814102.5652819;-75.2730712890625;
2428974358.9755383;-73.436141967773438;
2429134615.3857946;-71.193214416503906;
2429294871.796051;-69.717155456542969;
2429455128.2063074;-67.715774536132813;
2429615384.6165643;-65.865440368652344;
2429775641.0268207;-62.769077301025391;
2429935897.437077;-62.373703002929688;
2430096153.8473334;-60.136383056640625;
2430256410.2575898;-57.9329833984375;
2430416666.6678462;-56.455669403076172;
2430576923.0781026;-54.239704132080078;
2430737179.488359;-52.583431243896484;
2430897435.8986154;-51.378875732421875;
2431057692.3088717;-50.104637145996094;
2431217948.7191281;-48.047752380371094;
2431378205.1293845;-46.336589813232422;
2431538461.5396409;-44.498111724853516;
2431698717.9498973;-44.177947998046875;
2431858974.3601537;-41.684051513671875;
2432019230.7704101;-40.724422454833984;
2432179487.1806664;-38.441493988037109;
2432339743.5909228;-38.316608428955078;
2432500000.0011792;-35.8592529296875;
2432660256.4114356;-35.879592895507813;
2432820512.8216925;-33.772163391113281;
2432980769.2319489;-33.024124145507812;
2433141025.6422052;-31.812812805175781;
2433301282.0524616;-31.23668098449707;
2433461538.462718;-30.24177360534668;
2433621794.8729744;-29.489109039306641;
2433782051.2832308;-28.757442474365234;
2433942307.6934872;-28.430301666259766;
2434102564.1037436;-28.26457405090332;
2434262820.5139999;-28.002696990966797;
2434423076.9242563;-28.103790283203125;
2434583333.3345127;-28.12458610534668;
2434743589.7447691;-28.610038757324219;
2434903846.1550255;-28.831718444824219;
2435064102.5652819;-29.606679916381836;
2435224358.9755383;-30.185739517211914;
2435384615.3857946;-31.445987701416016;
2435544871.796051;-32.096508026123047;
2435705128.2063074;-33.123191833496094;
2435865384.6165643;-34.052303314208984;
2436025641.0268207;-35.380435943603516;
2436185897.437077;-37.018337249755859;
2436346153.8473334;-37.837139129638672;
2436506410.2575898;-39.319015502929688;
2436666666.6678462;-40.132541656494141;
2436826923.0781026;-42.053779602050781;
2436987179.488359;-43.471233367919922;
2437147435.8986154;-44.530693054199219;
2437307692.3088717;-46.219924926757813;
2437467948.7191281;-46.878826141357422;
2437628205.1293845;-49.042068481445313;
2437788461.5396409;-50.237045288085938;
2437948717.9498973;-51.738864898681641;
2438108974.3601537;-52.585964202880859;
2438269230.7704101;-54.149295806884766;
2438429487.1806664;-55.453990936279297;
2438589743.5909228;-57.338996887207031;
2438750000.0011792;-58.308830261230469;
2438910256.4114356;-59.346290588378906;
2439070512.8216925;-60.789176940917969;
2439230769.2319489;-62.28814697265625;
2439391025.6422052;-64.184349060058594;
2439551282.0524616;-65.495162963867188;
2439711538.462718;-66.84814453125;
2439871794.8729744;-68.261245727539062;
2440032051.2832308;-70.415542602539063;
2440192307.6934872;-72.524711608886719;
2440352564.1037436;-73.967010498046875;
2440512820.5139999;-75.641761779785156;
2440673076.9242563;-77.070693969726563;
2440833333.3345127;-79.320930480957031;
2440993589.7447691;-81.352394104003906;
2441153846.1550255;-82.453147888183594;
2441314102.5652819;-83.337532043457031;
2441474358.9755383;-84.043403625488281;
2441634615.3857946;-84.768882751464844;
2441794871.796051;-85.219352722167969;
2441955128.2063074;-85.368339538574219;
2442115384.6165643;-85.510261535644531;
2442275641.0268207;-85.525413513183594;
2442435897.437077;-85.612579345703125;
2442596153.8473334;-85.673805236816406;
2442756410.2575898;-85.668052673339844;
2442916666.6678462;-85.683364868164062;
2443076923.0781026;-85.716072082519531;
2443237179.488359;-85.768875122070313;
2443397435.8986154;-85.721893310546875;
2443557692.3088717;-85.704544067382812;
2443717948.7191281;-85.702629089355469;
2443878205.1293845;-85.645057678222656;
2444038461.5396409;-85.629669189453125;
2444198717.9498973;-85.743110656738281;
2444358974.3601537;-85.729576110839844;
2444519230.7704101;-85.7412109375;
2444679487.1806664;-85.7103271484375;
2444839743.5909228;-85.719924926757813;
2445000000.0011792;-85.735343933105469;
2445160256.4114356;-85.764404296875;
2445320512.8216925;-85.706474304199219;
2445480769.2319489;-85.669967651367188;
2445641025.6422052;-85.743125915527344;
2445801282.0524616;-85.741172790527344;
2445961538.462718;-85.747024536132813;
2446121794.8729744;-85.706459045410156;
2446282051.2832308;-85.696853637695313;
2446442307.6934872;-85.710334777832031;
2446602564.1037436;-85.652671813964844;
2446762820.5139999;-85.62786865234375;
2446923076.9242563;-85.66802978515625;
2447083333.3345127;-85.691604614257813;
2447243589.7447691;-85.683334350585938;
2447403846.1550255;-85.693000793457031;
2447564102.5652819;-85.731536865234375;
2447724358.9755383;-85.745086669921875;
2447884615.3857946;-85.774154663085938;
2448044871.796051;-85.774139404296875;
2448205128.2063074;-85.72381591796875;
2448365384.6165643;-85.704544067382812;
2448525641.0268207;-85.743148803710937;
2448685897.437077;-85.736915588378906;
2448846153.8473334;-85.797431945800781;
2449006410.2575898;-85.807212829589844;
2449166666.6678462;-85.80328369140625;
2449326923.0781026;-85.660331726074219;
2449487179.488359;-85.62213134765625;
2449647435.8986154;-85.589775085449219;
2449807692.3088717;-85.625961303710938;
2449967948.7191281;-85.694900512695312;
2450128205.1293845;-85.700691223144531;
2450288461.5396409;-85.718040466308594;
2450448717.9498973;-85.712265014648437;
2450608974.3601537;-85.718040466308594;
2450769230.7704101;-85.7237548828125;
2450929487.1806664;-85.785804748535156;
2451089743.5909228;-85.725761413574219;
2451250000.0011792;-85.614372253417969;
2451410256.4114356;-85.646949768066406;
2451570512.8216925;-85.714179992675781;
2451730769.2319489;-85.741195678710938;
2451891025.6422052;-85.772201538085938;
2452051282.0524616;-85.627182006835938;
2452211538.462718;-85.495285034179687;
2452371794.8729744;-85.498939514160156;
2452532051.2832308;-85.694869995117188;
2452692307.6934872;-85.733474731445313;
2452852564.1037436;-85.80914306640625;
2453012820.5139999;-85.793556213378906;
2453173076.9242563;-85.774154663085938;
2453333333.3345127;-85.766372680664063;
2453493589.7447691;-85.803298950195313;
2453653846.1550255;-85.73541259765625;
2453814102.5652819;-85.779960632324219;
2453974358.9755383;-85.777984619140625;
2454134615.3857946;-85.807197570800781;
2454294871.796051;-85.76434326171875;
2454455128.2063074;-85.778190612792969;
2454615384.6165643;-85.779937744140625;
2454775641.0268207;-85.8248291015625;
2454935897.437077;-85.832572937011719;
2455096153.8473334;-85.734962463378906;
2455256410.2575898;-85.745071411132812;
2455416666.6678462;-85.80914306640625;
2455576923.0781026;-85.752754211425781;
2455737179.488359;-85.826713562011719;
2455897435.8986154;-85.820838928222656;
2456057692.3088717;-85.858024597167969;
2456217948.7191281;-85.820747375488281;
2456378205.1293845;-85.856056213378906;
2456538461.5396409;-85.773818969726563;
2456698717.9498973;-85.772125244140625;
2456858974.3601537;-85.803314208984375;
2457019230.7704101;-85.772209167480469;
2457179487.1806664;-85.702537536621094;
2457339743.5909228;-85.754730224609375;
2457500000.0011792;-85.776039123535156;
2457660256.4114356;-85.803291320800781;
2457820512.8216925;-85.799392700195313;
2457980769.2319489;-85.719963073730469;
2458141025.6422052;-85.696731567382812;
2458301282.0524616;-85.712265014648437;
2458461538.462718;-85.669853210449219;
2458621794.8729744;-85.681327819824219;
2458782051.2832308;-85.710281372070313;
2458942307.6934872;-85.69854736328125;
2459102564.1037436;-85.572669982910156;
2459262820.5139999;-85.710296630859375;
2459423076.9242563;-85.741172790527344;
2459583333.3345127;-85.80914306640625;
2459743589.7447691;-85.762405395507813;
2459903846.1550255;-85.748939514160156;
2460064102.5652819;-85.789665222167969;
2460224358.9755383;-85.816947937011719;
2460384615.3857946;-85.781867980957031;
2460544871.796051;-85.81304931640625;
2460705128.2063074;-85.828659057617188;
2460865384.6165643;-85.842353820800781;
2461025641.0268207;-85.844276428222656;
2461185897.437077;-85.8756103515625;
2461346153.8473334;-85.87567138671875;
2461506410.2575898;-85.871742248535156;
2461666666.6678462;-85.863861083984375;
2461826923.0781026;-85.879539489746094;
2461987179.488359;-85.887443542480469;
2462147435.8986154;-85.881568908691406;
2462307692.3088717;-85.846122741699219;
2462467948.7191281;-85.807182312011719;
2462628205.1293845;-85.850173950195313;
2462788461.5396409;-85.840347290039063;
2462948717.9498973;-85.879547119140625;
2463108974.3601537;-85.865829467773438;
2463269230.7704101;-85.920936584472656;
2463429487.1806664;-85.903205871582031;
2463589743.5909228;-85.877540588378906;
2463750000.0011792;-85.873680114746094;
2463910256.4114356;-85.879547119140625;
2464070512.8216925;-85.875633239746094;
2464230769.2319489;-85.865745544433594;
2464391025.6422052;-85.844306945800781;
2464551282.0524616;-85.87762451171875;
2464711538.462718;-85.854103088378906;
2464871794.8729744;-85.891395568847656;
2465032051.2832308;-85.907150268554688;
2465192307.6934872;-85.899269104003906;
2465352564.1037436;-85.917007446289062;
2465512820.5139999;-85.871635437011719;
2465673076.9242563;-85.881546020507813;
2465833333.3345127;-85.863792419433594;
2465993589.7447691;-85.867820739746094;
2466153846.1550255;-85.885475158691406;
2466314102.5652819;-85.895332336425781;
2466474358.9755383;-85.854049682617188;
2466634615.3857946;-85.867759704589844;
2466794871.796051;-85.846206665039063;
2466955128.2063074;-85.867813110351563;
2467115384.6165643;-85.793502807617187;
2467275641.0268207;-85.828659057617188;
2467435897.437077;-85.80523681640625;
2467596153.8473334;-85.863899230957031;
2467756410.2575898;-85.809074401855469;
2467916666.6678462;-85.915016174316406;
2468076923.0781026;-85.81866455078125;
2468237179.488359;-85.84625244140625;
2468397435.8986154;-85.814918518066406;
2468557692.3088717;-85.869728088378906;
2468717948.7191281;-85.803184509277344;
2468878205.1293845;-85.844306945800781;
2469038461.5396409;-85.719818115234375;
2469198717.9498973;-85.859947204589844;
2469358974.3601537;-85.762397766113281;
2469519230.7704101;-85.811004638671875;
2469679487.1806664;-85.740943908691406;
2469839743.5909228;-85.855987548828125;
2470000000.0011792;-85.721534729003906;
2470160256.4114356;-85.877609252929688;
2470320512.8216925;-85.706192016601563;
2470480769.2319489;-85.852119445800781;
2470641025.6422052;-85.7061767578125;
2470801282.0524616;-85.877593994140625;
2470961538.462718;-85.6466064453125;
2471121794.8729744;-85.799362182617188;
2471282051.2832308;-85.559005737304688;
2471442307.6934872;-85.756576538085938;
2471602564.1037436;-85.518836975097656;
2471762820.5139999;-85.712860107421875;
2471923076.9242563;-85.362571716308594;
2472083333.3345127;-85.675193786621094;
2472243589.7447691;-85.220359802246094;
2472403846.1550255;-85.64154052734375;
2472564102.5652819;-85.345077514648438;
2472724358.9755383;-85.485786437988281;
2472884615.3857946;-85.270179748535156;
2473044871.796051;-85.293800354003906;
2473205128.2063074;-85.157493591308594;
2473365384.6165643;-85.199256896972656;
2473525641.0268207;-85.175369262695313;
2473685897.437077;-85.249275207519531;
2473846153.8473334;-85.396499633789063;
2474006410.2575898;-85.3262939453125;
2474166666.6678462;-85.411666870117187;
2474326923.0781026;-85.346015930175781;
2474487179.488359;-85.435844421386719;
2474647435.8986154;-85.430206298828125;
2474807692.3088717;-85.619522094726563;
2474967948.7191281;-85.414878845214844;
2475128205.1293845;-85.609977722167969;
2475288461.5396409;-85.638679504394531;
2475448717.9498973;-85.363388061523438;
2475608974.3601537;-85.600379943847656;
2475769230.7704101;-85.59307861328125;
2475929487.1806664;-85.642234802246094;
2476089743.5909228;-85.608543395996094;
2476250000.0011792;-85.665473937988281;
2476410256.4114356;-85.637397766113281;
2476570512.8216925;-85.612129211425781;
2476730769.2319489;-85.671775817871094;
2476891025.6422052;-85.615982055664063;
2477051282.0524616;-85.60296630859375;
2477211538.462718;-85.617759704589844;
2477371794.8729744;-85.557487487792969;
2477532051.2832308;-85.644721984863281;
2477692307.6934872;-85.599227905273438;
2477852564.1037436;-85.648750305175781;
2478012820.5139999;-85.63348388671875;
2478173076.9242563;-85.696800231933594;
2478333333.3345127;-85.629638671875;
2478493589.7447691;-85.729621887207031;
2478653846.1550255;-85.652664184570313;
2478814102.5652819;-85.702552795410156;
2478974358.9755383;-85.679519653320313;
2479134615.3857946;-85.742233276367188;
2479294871.796051;-85.719680786132813;
2479455128.2063074;-85.806617736816406;
2479615384.6165643;-85.781852722167969;
2479775641.0268207;-85.803237915039063;
2479935897.437077;-85.766334533691406;
2480096153.8473334;-85.766227722167969;
2480256410.2575898;-85.758621215820313;
2480416666.6678462;-85.797462463378906;
2480576923.0781026;-85.818885803222656;
2480737179.488359;-85.776016235351563;
2480897435.8986154;-85.852142333984375;
2481057692.3088717;-85.822769165039063;
2481217948.7191281;-85.854103088378906;
2481378205.1293845;-85.82080078125;
2481538461.5396409;-85.89727783203125;
2481698717.9498973;-85.832565307617188;
2481858974.3601537;-85.895317077636719;
2482019230.7704101;-85.87957763671875;
2482179487.1806664;-85.907142639160156;
2482339743.5909228;-85.905174255371094;
2482500000.0011792;-85.9150390625;
2482660256.4114356;-85.86773681640625;
2482820512.8216925;-85.863899230957031;
2482980769.2319489;-85.8677978515625;
2483141025.6422052;-85.8638916015625;
2483301282.0524616;-85.813301086425781;
2483461538.462718;-85.83843994140625;
2483621794.8729744;-85.820854187011719;
2483782051.2832308;-85.881546020507813;
2483942307.6934872;-85.881561279296875;
2484102564.1037436;-85.899253845214844;
2484262820.5139999;-85.869728088378906;
