Type;ESU;
Version;4.43;
Date;03.Jun 16;
Mode;ANALYZER;
Center Freq;2434262820.514000;Hz
Freq Offset;0.000000;Hz
Span;100000000.000000;Hz
x-Axis;LIN;
Start;2384262820.514000;Hz
Stop;2484262820.514000;Hz
Ref Level;-9.000000;dBm
Level Offset;0.000000;dB
Ref Position;100.000000;%
y-Axis;LOG;
Level Range;100.000000;dB
Rf Att;5.000000;dB
RBW;2000000.000000;Hz
VBW;50.000000;Hz
SWT;2.500000;s
Trace Mode;CLR/WRITE;
Detector;RMS;
Sweep Count;0;
Trace 1:;;
x-Unit;Hz;
y-Unit;dBm;
Values;625;
2384262820.5139999;-85.715469360351563;
2384423076.9242563;-85.725761413574219;
2384583333.3345127;-85.719970703125;
2384743589.7447691;-85.721900939941406;
2384903846.1550255;-85.716117858886719;
2385064102.5652819;-85.718040466308594;
2385224358.9755383;-85.73541259765625;
2385384615.3857946;-85.716110229492188;
2385544871.796051;-85.756698608398437;
2385705128.2063074;-85.74896240234375;
2385865384.6165643;-85.752830505371094;
2386025641.0268207;-85.716102600097656;
2386185897.437077;-85.691085815429687;
2386346153.8473334;-85.718040466308594;
2386506410.2575898;-85.716117858886719;
2386666666.6678462;-85.68914794921875;
2386826923.0781026;-85.664207458496094;
2386987179.488359;-85.706474304199219;
2387147435.8986154;-85.694915771484375;
2387307692.3088717;-85.7296142578125;
2387467948.7191281;-85.685310363769531;
2387628205.1293845;-85.700706481933594;
2387788461.5396409;-85.669937133789063;
2387948717.9498973;-85.704551696777344;
2388108974.3601537;-85.654586791992188;
2388269230.7704101;-85.656547546386719;
2388429487.1806664;-85.668014526367188;
2388589743.5909228;-85.708343505859375;
2388750000.0011792;-85.671768188476563;
2388910256.4114356;-85.664199829101563;
2389070512.8216925;-85.666053771972656;
2389230769.2319489;-85.646965026855469;
2389391025.6422052;-85.6373291015625;
2389551282.0524616;-85.643150329589844;
2389711538.462718;-85.570686340332031;
2389871794.8729744;-85.616416931152344;
2390032051.2832308;-85.597305297851563;
2390192307.6934872;-85.576423645019531;
2390352564.1037436;-85.55157470703125;
2390512820.5139999;-85.597297668457031;
2390673076.9242563;-85.581893920898437;
2390833333.3345127;-85.633514404296875;
2390993589.7447691;-85.577789306640625;
2391153846.1550255;-85.60498046875;
2391314102.5652819;-85.490653991699219;
2391474358.9755383;-85.603012084960938;
2391634615.3857946;-85.637420654296875;
2391794871.796051;-85.658447265625;
2391955128.2063074;-85.372695922851563;
2392115384.6165643;-85.536598205566406;
2392275641.0268207;-85.251670837402344;
2392435897.437077;-85.444290161132813;
2392596153.8473334;-85.171913146972656;
2392756410.2575898;-85.506340026855469;
2392916666.6678462;-85.098617553710938;
2393076923.0781026;-85.376152038574219;
2393237179.488359;-85.111648559570313;
2393397435.8986154;-85.341827392578125;
2393557692.3088717;-85.025619506835938;
2393717948.7191281;-85.172042846679688;
2393878205.1293845;-85.258193969726563;
2394038461.5396409;-85.510307312011719;
2394198717.9498973;-85.582061767578125;
2394358974.3601537;-85.425460815429688;
2394519230.7704101;-85.390129089355469;
2394679487.1806664;-85.305152893066406;
2394839743.5909228;-85.427352905273438;
2395000000.0011792;-85.328330993652344;
2395160256.4114356;-85.466957092285156;
2395320512.8216925;-85.31756591796875;
2395480769.2319489;-85.517684936523438;
2395641025.6422052;-85.444160461425781;
2395801282.0524616;-85.606880187988281;
2395961538.462718;-85.461181640625;
2396121794.8729744;-85.585945129394531;
2396282051.2832308;-85.472572326660156;
2396442307.6934872;-85.557373046875;
2396602564.1037436;-85.547950744628906;
2396762820.5139999;-85.606651306152344;
2396923076.9242563;-85.591621398925781;
2397083333.3345127;-85.602783203125;
2397243589.7447691;-85.559326171875;
2397403846.1550255;-85.585800170898437;
2397564102.5652819;-85.572677612304688;
2397724358.9755383;-85.585868835449219;
2397884615.3857946;-85.601181030273438;
2398044871.796051;-85.589607238769531;
2398205128.2063074;-85.589752197265625;
2398365384.6165643;-85.574470520019531;
2398525641.0268207;-85.568855285644531;
2398685897.437077;-85.5877685546875;
2398846153.8473334;-85.587867736816406;
2399006410.2575898;-85.583961486816406;
2399166666.6678462;-85.584053039550781;
2399326923.0781026;-85.574569702148438;
2399487179.488359;-85.631645202636719;
2399647435.8986154;-85.57635498046875;
2399807692.3088717;-85.591140747070312;
2399967948.7191281;-85.597076416015625;
2400128205.1293845;-85.615005493164062;
2400288461.5396409;-85.620208740234375;
2400448717.9498973;-85.614517211914062;
2400608974.3601537;-85.595428466796875;
2400769230.7704101;-85.583992004394531;
2400929487.1806664;-85.610687255859375;
2401089743.5909228;-85.614517211914062;
2401250000.0011792;-85.604972839355469;
2401410256.4114356;-85.601173400878906;
2401570512.8216925;-85.622116088867188;
2401730769.2319489;-85.540519714355469;
2401891025.6422052;-85.566978454589844;
2402051282.0524616;-85.559379577636719;
2402211538.462718;-85.62213134765625;
2402371794.8729744;-85.565032958984375;
2402532051.2832308;-85.62213134765625;
2402692307.6934872;-85.570762634277344;
2402852564.1037436;-85.618339538574219;
2403012820.5139999;-85.57080078125;
2403173076.9242563;-85.6202392578125;
2403333333.3345127;-85.585945129394531;
2403493589.7447691;-85.614524841308594;
2403653846.1550255;-85.557533264160156;
2403814102.5652819;-85.618331909179687;
2403974358.9755383;-85.574592590332031;
2404134615.3857946;-85.620231628417969;
2404294871.796051;-85.595466613769531;
2404455128.2063074;-85.631660461425781;
2404615384.6165643;-85.597312927246094;
2404775641.0268207;-85.587867736816406;
2404935897.437077;-85.62213134765625;
2405096153.8473334;-85.593559265136719;
2405256410.2575898;-85.608802795410156;
2405416666.6678462;-85.612617492675781;
2405576923.0781026;-85.593574523925781;
2405737179.488359;-85.60498046875;
2405897435.8986154;-85.600555419921875;
2406057692.3088717;-85.61724853515625;
2406217948.7191281;-85.610710144042969;
2406378205.1293845;-85.625968933105469;
2406538461.5396409;-85.621597290039063;
2406698717.9498973;-85.671859741210938;
2406858974.3601537;-85.649688720703125;
2407019230.7704101;-85.636856079101563;
2407179487.1806664;-85.636146545410156;
2407339743.5909228;-85.683387756347656;
2407500000.0011792;-85.6182861328125;
2407660256.4114356;-85.633598327636719;
2407820512.8216925;-85.597381591796875;
2407980769.2319489;-85.629776000976563;
2408141025.6422052;-85.589775085449219;
2408301282.0524616;-85.627876281738281;
2408461538.462718;-85.572669982910156;
2408621794.8729744;-85.639328002929688;
2408782051.2832308;-85.645034790039063;
2408942307.6934872;-85.64312744140625;
2409102564.1037436;-85.618324279785156;
2409262820.5139999;-85.633575439453125;
2409423076.9242563;-85.625877380371094;
2409583333.3345127;-85.65460205078125;
2409743589.7447691;-85.618331909179687;
2409903846.1550255;-85.656539916992188;
2410064102.5652819;-85.610710144042969;
2410224358.9755383;-85.625923156738281;
2410384615.3857946;-85.614463806152344;
2410544871.796051;-85.60498046875;
2410705128.2063074;-85.64697265625;
2410865384.6165643;-85.660346984863281;
2411025641.0268207;-85.646980285644531;
2411185897.437077;-85.643135070800781;
2411346153.8473334;-85.645050048828125;
2411506410.2575898;-85.638137817382813;
2411666666.6678462;-85.624008178710938;
2411826923.0781026;-85.624061584472656;
2411987179.488359;-85.593559265136719;
2412147435.8986154;-85.629776000976563;
2412307692.3088717;-85.708412170410156;
2412467948.7191281;-85.648857116699219;
2412628205.1293845;-85.683311462402344;
2412788461.5396409;-85.68914794921875;
2412948717.9498973;-85.714179992675781;
2413108974.3601537;-85.668052673339844;
2413269230.7704101;-85.639335632324219;
2413429487.1806664;-85.63360595703125;
2413589743.5909228;-85.671867370605469;
2413750000.0011792;-85.618331909179687;
2413910256.4114356;-85.641242980957031;
2414070512.8216925;-85.637413024902344;
2414230769.2319489;-85.679542541503906;
2414391025.6422052;-85.660911560058594;
2414551282.0524616;-85.627639770507813;
2414711538.462718;-85.682853698730469;
2414871794.8729744;-85.696853637695313;
2415032051.2832308;-85.716102600097656;
2415192307.6934872;-85.708412170410156;
2415352564.1037436;-85.708412170410156;
2415512820.5139999;-85.708404541015625;
2415673076.9242563;-85.65655517578125;
2415833333.3345127;-85.671844482421875;
2415993589.7447691;-85.694931030273438;
2416153846.1550255;-85.716117858886719;
2416314102.5652819;-85.694931030273438;
2416474358.9755383;-85.698783874511719;
2416634615.3857946;-85.727691650390625;
2416794871.796051;-85.709228515625;
2416955128.2063074;-85.665061950683594;
2417115384.6165643;-85.687210083007813;
2417275641.0268207;-85.704551696777344;
2417435897.437077;-85.671875;
2417596153.8473334;-85.704559326171875;
2417756410.2575898;-85.687217712402344;
2417916666.6678462;-85.708412170410156;
2418076923.0781026;-85.702621459960937;
2418237179.488359;-85.698783874511719;
2418397435.8986154;-85.704559326171875;
2418557692.3088717;-85.65460205078125;
2418717948.7191281;-85.66802978515625;
2418878205.1293845;-85.681480407714844;
2419038461.5396409;-85.700424194335937;
2419198717.9498973;-85.648033142089844;
2419358974.3601537;-85.667449951171875;
2419519230.7704101;-85.66229248046875;
2419679487.1806664;-85.681480407714844;
2419839743.5909228;-85.646957397460938;
2420000000.0011792;-85.658432006835938;
2420160256.4114356;-85.685287475585937;
2420320512.8216925;-85.673797607421875;
2420480769.2319489;-85.708404541015625;
2420641025.6422052;-85.698776245117188;
2420801282.0524616;-85.637382507324219;
2420961538.462718;-85.696830749511719;
2421121794.8729744;-85.669937133789063;
2421282051.2832308;-85.621604919433594;
2421442307.6934872;-85.610702514648437;
2421602564.1037436;-85.622146606445313;
2421762820.5139999;-85.641242980957031;
2421923076.9242563;-85.612625122070313;
2422083333.3345127;-85.622154235839844;
2422243589.7447691;-85.620246887207031;
2422403846.1550255;-85.645050048828125;
2422564102.5652819;-85.627876281738281;
2422724358.9755383;-85.637420654296875;
2422884615.3857946;-85.683395385742188;
2423044871.796051;-85.639305114746094;
2423205128.2063074;-85.652694702148438;
2423365384.6165643;-85.682838439941406;
2423525641.0268207;-85.650802612304688;
2423685897.437077;-85.625961303710938;
2423846153.8473334;-85.629783630371094;
2424006410.2575898;-85.625961303710938;
2424166666.6678462;-85.612617492675781;
2424326923.0781026;-85.660377502441406;
2424487179.488359;-85.629768371582031;
2424647435.8986154;-85.643150329589844;
2424807692.3088717;-85.622154235839844;
2424967948.7191281;-85.658439636230469;
2425128205.1293845;-85.631690979003906;
2425288461.5396409;-85.616432189941406;
2425448717.9498973;-85.641159057617188;
2425608974.3601537;-85.658462524414062;
2425769230.7704101;-85.62213134765625;
2425929487.1806664;-85.633590698242188;
2426089743.5909228;-85.629768371582031;
2426250000.0011792;-85.629745483398438;
2426410256.4114356;-85.61260986328125;
2426570512.8216925;-85.623977661132813;
2426730769.2319489;-85.578330993652344;
2426891025.6422052;-85.557228088378906;
2427051282.0524616;-85.551765441894531;
2427211538.462718;-85.393562316894531;
2427371794.8729744;-85.250152587890625;
2427532051.2832308;-84.949745178222656;
2427692307.6934872;-84.724433898925781;
2427852564.1037436;-83.8876953125;
2428012820.5139999;-83.915084838867188;
2428173076.9242563;-82.128204345703125;
2428333333.3345127;-82.090469360351563;
2428493589.7447691;-79.674407958984375;
2428653846.1550255;-79.287086486816406;
2428814102.5652819;-75.909027099609375;
2428974358.9755383;-75.192947387695312;
2429134615.3857946;-71.579147338867188;
2429294871.796051;-71.588272094726563;
2429455128.2063074;-67.816078186035156;
2429615384.6165643;-67.294227600097656;
2429775641.0268207;-63.283241271972656;
2429935897.437077;-63.285163879394531;
2430096153.8473334;-59.852119445800781;
2430256410.2575898;-60.129047393798828;
2430416666.6678462;-56.32879638671875;
2430576923.0781026;-55.888149261474609;
2430737179.488359;-52.868228912353516;
2430897435.8986154;-52.960792541503906;
2431057692.3088717;-50.065505981445313;
2431217948.7191281;-49.615329742431641;
2431378205.1293845;-46.37774658203125;
2431538461.5396409;-46.095317840576172;
2431698717.9498973;-43.768711090087891;
2431858974.3601537;-43.329601287841797;
2432019230.7704101;-40.628360748291016;
2432179487.1806664;-39.921474456787109;
2432339743.5909228;-37.940483093261719;
2432500000.0011792;-37.353633880615234;
2432660256.4114356;-35.957496643066406;
2432820512.8216925;-34.510467529296875;
2432980769.2319489;-33.202690124511719;
2433141025.6422052;-32.460250854492188;
2433301282.0524616;-31.511594772338867;
2433461538.462718;-30.92729377746582;
2433621794.8729744;-29.835580825805664;
2433782051.2832308;-29.298881530761719;
2433942307.6934872;-28.959970474243164;
2434102564.1037436;-28.665786743164062;
2434262820.5139999;-28.698333740234375;
2434423076.9242563;-28.408487319946289;
2434583333.3345127;-28.995613098144531;
2434743589.7447691;-28.992118835449219;
2434903846.1550255;-29.769863128662109;
2435064102.5652819;-29.960956573486328;
2435224358.9755383;-30.97637939453125;
2435384615.3857946;-32.121585845947266;
2435544871.796051;-32.942935943603516;
2435705128.2063074;-33.780082702636719;
2435865384.6165643;-34.823287963867188;
2436025641.0268207;-36.270179748535156;
2436185897.437077;-37.714061737060547;
2436346153.8473334;-38.90869140625;
2436506410.2575898;-39.978740692138672;
2436666666.6678462;-41.238758087158203;
2436826923.0781026;-42.845268249511719;
2436987179.488359;-44.431819915771484;
2437147435.8986154;-45.522575378417969;
2437307692.3088717;-46.810287475585938;
2437467948.7191281;-47.993846893310547;
2437628205.1293845;-49.637580871582031;
2437788461.5396409;-51.484661102294922;
2437948717.9498973;-52.223621368408203;
2438108974.3601537;-53.807765960693359;
2438269230.7704101;-54.598037719726563;
2438429487.1806664;-56.681854248046875;
2438589743.5909228;-57.953304290771484;
2438750000.0011792;-59.432727813720703;
2438910256.4114356;-60.355670928955078;
2439070512.8216925;-61.885414123535156;
2439230769.2319489;-63.334606170654297;
2439391025.6422052;-65.458465576171875;
2439551282.0524616;-66.284126281738281;
2439711538.462718;-68.087852478027344;
2439871794.8729744;-69.122589111328125;
2440032051.2832308;-71.459800720214844;
2440192307.6934872;-73.398284912109375;
2440352564.1037436;-74.965629577636719;
2440512820.5139999;-76.405563354492188;
2440673076.9242563;-78.125297546386719;
2440833333.3345127;-80.127983093261719;
2440993589.7447691;-82.037490844726563;
2441153846.1550255;-82.886070251464844;
2441314102.5652819;-83.816757202148438;
2441474358.9755383;-84.38262939453125;
2441634615.3857946;-84.979637145996094;
2441794871.796051;-85.333099365234375;
2441955128.2063074;-85.439010620117188;
2442115384.6165643;-85.515975952148438;
2442275641.0268207;-85.570724487304687;
2442435897.437077;-85.631668090820312;
2442596153.8473334;-85.698768615722656;
2442756410.2575898;-85.70452880859375;
2442916666.6678462;-85.671875;
2443076923.0781026;-85.633590698242188;
2443237179.488359;-85.656539916992188;
2443397435.8986154;-85.675697326660156;
2443557692.3088717;-85.721885681152344;
2443717948.7191281;-85.745086669921875;
2443878205.1293845;-85.7412109375;
2444038461.5396409;-85.6871337890625;
2444198717.9498973;-85.687179565429687;
2444358974.3601537;-85.704551696777344;
2444519230.7704101;-85.733482360839844;
2444679487.1806664;-85.74700927734375;
2444839743.5909228;-85.770263671875;
2445000000.0011792;-85.805252075195313;
2445160256.4114356;-85.727676391601563;
2445320512.8216925;-85.719963073730469;
2445480769.2319489;-85.712265014648437;
2445641025.6422052;-85.743148803710937;
2445801282.0524616;-85.758636474609375;
2445961538.462718;-85.815010070800781;
2446121794.8729744;-85.781898498535156;
2446282051.2832308;-85.7935791015625;
2446442307.6934872;-85.762504577636719;
2446602564.1037436;-85.760566711425781;
2446762820.5139999;-85.783828735351563;
2446923076.9242563;-85.832565307617188;
2447083333.3345127;-85.793571472167969;
2447243589.7447691;-85.813056945800781;
2447403846.1550255;-85.787750244140625;
2447564102.5652819;-85.826713562011719;
2447724358.9755383;-85.793571472167969;
2447884615.3857946;-85.787750244140625;
2448044871.796051;-85.776092529296875;
2448205128.2063074;-85.639297485351562;
2448365384.6165643;-85.708366394042969;
2448525641.0268207;-85.778030395507813;
2448685897.437077;-85.81695556640625;
2448846153.8473334;-85.807205200195313;
2449006410.2575898;-85.818885803222656;
2449166666.6678462;-85.737350463867188;
2449326923.0781026;-85.760566711425781;
2449487179.488359;-85.797470092773438;
2449647435.8986154;-85.809158325195313;
2449807692.3088717;-85.768325805664062;
2449967948.7191281;-85.774093627929688;
2450128205.1293845;-85.799407958984375;
2450288461.5396409;-85.828666687011719;
2450448717.9498973;-85.805244445800781;
2450608974.3601537;-85.815010070800781;
2450769230.7704101;-85.797470092773438;
2450929487.1806664;-85.797447204589844;
2451089743.5909228;-85.754753112792969;
2451250000.0011792;-85.733482360839844;
2451410256.4114356;-85.750885009765625;
2451570512.8216925;-85.7528076171875;
2451730769.2319489;-85.789688110351562;
2451891025.6422052;-85.81500244140625;
2452051282.0524616;-85.776016235351563;
2452211538.462718;-85.708221435546875;
2452371794.8729744;-85.627861022949219;
2452532051.2832308;-85.723808288574219;
2452692307.6934872;-85.735404968261719;
2452852564.1037436;-85.787727355957031;
2453012820.5139999;-85.790298461914063;
2453173076.9242563;-85.824478149414063;
2453333333.3345127;-85.760955810546875;
2453493589.7447691;-85.777992248535156;
2453653846.1550255;-85.746932983398438;
2453814102.5652819;-85.797431945800781;
2453974358.9755383;-85.739280700683594;
2454134615.3857946;-85.737327575683594;
2454294871.796051;-85.737342834472656;
2454455128.2063074;-85.731498718261719;
2454615384.6165643;-85.770256042480469;
2454775641.0268207;-85.721748352050781;
2454935897.437077;-85.762481689453125;
2455096153.8473334;-85.758583068847656;
2455256410.2575898;-85.815010070800781;
2455416666.6678462;-85.75079345703125;
2455576923.0781026;-85.820816040039063;
2455737179.488359;-85.748748779296875;
2455897435.8986154;-85.818862915039063;
2456057692.3088717;-85.752769470214844;
2456217948.7191281;-85.814971923828125;
2456378205.1293845;-85.723793029785156;
2456538461.5396409;-85.809104919433594;
2456698717.9498973;-85.818878173828125;
2456858974.3601537;-85.8677978515625;
2457019230.7704101;-85.77020263671875;
2457179487.1806664;-85.826713562011719;
2457339743.5909228;-85.79937744140625;
2457500000.0011792;-85.812843322753906;
2457660256.4114356;-85.801284790039063;
2457820512.8216925;-85.810989379882813;
2457980769.2319489;-85.783798217773438;
2458141025.6422052;-85.79937744140625;
2458301282.0524616;-85.838424682617187;
2458461538.462718;-85.822723388671875;
2458621794.8729744;-85.85406494140625;
2458782051.2832308;-85.826667785644531;
2458942307.6934872;-85.815010070800781;
2459102564.1037436;-85.818885803222656;
2459262820.5139999;-85.852127075195313;
2459423076.9242563;-85.852035522460938;
2459583333.3345127;-85.77410888671875;
2459743589.7447691;-85.80328369140625;
2459903846.1550255;-85.700706481933594;
2460064102.5652819;-85.756698608398437;
2460224358.9755383;-85.712203979492188;
2460384615.3857946;-85.748954772949219;
2460544871.796051;-85.766380310058594;
2460705128.2063074;-85.775947570800781;
2460865384.6165643;-85.801300048828125;
2461025641.0268207;-85.770271301269531;
2461185897.437077;-85.793548583984375;
2461346153.8473334;-85.824737548828125;
2461506410.2575898;-85.84429931640625;
2461666666.6678462;-85.867813110351563;
2461826923.0781026;-85.889434814453125;
2461987179.488359;-85.911094665527344;
2462147435.8986154;-85.897247314453125;
2462307692.3088717;-85.897285461425781;
2462467948.7191281;-85.861824035644531;
2462628205.1293845;-85.871726989746094;
2462788461.5396409;-85.861915588378906;
2462948717.9498973;-85.83453369140625;
2463108974.3601537;-85.846260070800781;
2463269230.7704101;-85.887397766113281;
2463429487.1806664;-85.891365051269531;
2463589743.5909228;-85.865859985351563;
2463750000.0011792;-85.830436706542969;
2463910256.4114356;-85.813011169433594;
2464070512.8216925;-85.891387939453125;
2464230769.2319489;-85.905158996582031;
2464391025.6422052;-85.903182983398437;
2464551282.0524616;-85.905166625976563;
2464711538.462718;-85.909103393554688;
2464871794.8729744;-85.911094665527344;
2465032051.2832308;-85.901222229003906;
2465192307.6934872;-85.895332336425781;
2465352564.1037436;-85.869743347167969;
2465512820.5139999;-85.885498046875;
2465673076.9242563;-85.822792053222656;
2465833333.3345127;-85.83648681640625;
2465993589.7447691;-85.844291687011719;
2466153846.1550255;-85.844261169433594;
2466314102.5652819;-85.863800048828125;
2466474358.9755383;-85.848182678222656;
2466634615.3857946;-85.881538391113281;
2466794871.796051;-85.885482788085938;
2466955128.2063074;-85.859931945800781;
2467115384.6165643;-85.889427185058594;
2467275641.0268207;-85.856033325195313;
2467435897.437077;-85.9031982421875;
2467596153.8473334;-85.871681213378906;
2467756410.2575898;-85.891357421875;
2467916666.6678462;-85.8717041015625;
2468076923.0781026;-85.915008544921875;
2468237179.488359;-85.850044250488281;
2468397435.8986154;-85.879531860351562;
2468557692.3088717;-85.879592895507813;
2468717948.7191281;-85.9150390625;
2468878205.1293845;-85.844093322753906;
2469038461.5396409;-85.865715026855469;
2469198717.9498973;-85.889228820800781;
2469358974.3601537;-85.858001708984375;
2469519230.7704101;-85.85205078125;
2469679487.1806664;-85.781829833984375;
2469839743.5909228;-85.859947204589844;
2470000000.0011792;-85.758468627929688;
2470160256.4114356;-85.846260070800781;
2470320512.8216925;-85.779823303222656;
2470480769.2319489;-85.887443542480469;
2470641025.6422052;-85.777816772460938;
2470801282.0524616;-85.820213317871094;
2470961538.462718;-85.746810913085938;
2471121794.8729744;-85.708969116210938;
2471282051.2832308;-85.71380615234375;
2471442307.6934872;-85.707687377929688;
2471602564.1037436;-85.661872863769531;
2471762820.5139999;-85.757423400878906;
2471923076.9242563;-85.446456909179687;
2472083333.3345127;-85.694068908691406;
2472243589.7447691;-85.362167358398437;
2472403846.1550255;-85.528564453125;
2472564102.5652819;-85.416313171386719;
2472724358.9755383;-85.369071960449219;
2472884615.3857946;-85.514755249023437;
2473044871.796051;-85.311141967773437;
2473205128.2063074;-85.562255859375;
2473365384.6165643;-85.134262084960938;
2473525641.0268207;-85.566215515136719;
2473685897.437077;-85.195343017578125;
2473846153.8473334;-85.642906188964844;
2474006410.2575898;-85.353729248046875;
2474166666.6678462;-85.141830444335938;
2474326923.0781026;-85.544845581054688;
2474487179.488359;-85.209075927734375;
2474647435.8986154;-85.547859191894531;
2474807692.3088717;-85.372161865234375;
2474967948.7191281;-85.71563720703125;
2475128205.1293845;-85.423202514648437;
2475288461.5396409;-85.644783020019531;
2475448717.9498973;-85.503761291503906;
2475608974.3601537;-85.777992248535156;
2475769230.7704101;-85.501998901367188;
2475929487.1806664;-85.73919677734375;
2476089743.5909228;-85.614028930664062;
2476250000.0011792;-85.74114990234375;
2476410256.4114356;-85.636985778808594;
2476570512.8216925;-85.706451416015625;
2476730769.2319489;-85.712242126464844;
2476891025.6422052;-85.721893310546875;
2477051282.0524616;-85.631538391113281;
2477211538.462718;-85.673774719238281;
2477371794.8729744;-85.56878662109375;
2477532051.2832308;-85.624061584472656;
2477692307.6934872;-85.544181823730469;
2477852564.1037436;-85.716072082519531;
2478012820.5139999;-85.664138793945313;
2478173076.9242563;-85.758613586425781;
2478333333.3345127;-85.6929931640625;
2478493589.7447691;-85.733413696289063;
2478653846.1550255;-85.683349609375;
2478814102.5652819;-85.737342834472656;
2478974358.9755383;-85.685295104980469;
2479134615.3857946;-85.7401123046875;
2479294871.796051;-85.716278076171875;
2479455128.2063074;-85.795494079589844;
2479615384.6165643;-85.774085998535156;
2479775641.0268207;-85.815010070800781;
2479935897.437077;-85.78955078125;
2480096153.8473334;-85.820808410644531;
2480256410.2575898;-85.844284057617188;
2480416666.6678462;-85.850181579589844;
2480576923.0781026;-85.832557678222656;
2480737179.488359;-85.863899230957031;
2480897435.8986154;-85.875640869140625;
2481057692.3088717;-85.82086181640625;
2481217948.7191281;-85.873641967773438;
2481378205.1293845;-85.885490417480469;
2481538461.5396409;-85.901229858398438;
2481698717.9498973;-85.859886169433594;
2481858974.3601537;-85.9031982421875;
2482019230.7704101;-85.905166625976563;
2482179487.1806664;-85.942680358886719;
2482339743.5909228;-85.940711975097656;
2482500000.0011792;-85.891380310058594;
2482660256.4114356;-85.879592895507813;
2482820512.8216925;-85.905136108398438;
2482980769.2319489;-85.856056213378906;
2483141025.6422052;-85.833412170410156;
2483301282.0524616;-85.873710632324219;
2483461538.462718;-85.871734619140625;
2483621794.8729744;-85.9051513671875;
2483782051.2832308;-85.922935485839844;
2483942307.6934872;-85.915023803710938;
2484102564.1037436;-85.915023803710938;
2484262820.5139999;-85.834487915039063;
