Type;ESU;
Version;4.43;
Date;03.Jun 16;
Mode;ANALYZER;
Center Freq;2434262820.514000;Hz
Freq Offset;0.000000;Hz
Span;100000000.000000;Hz
x-Axis;LIN;
Start;2384262820.514000;Hz
Stop;2484262820.514000;Hz
Ref Level;-9.000000;dBm
Level Offset;0.000000;dB
Ref Position;100.000000;%
y-Axis;LOG;
Level Range;100.000000;dB
Rf Att;5.000000;dB
RBW;2000000.000000;Hz
VBW;50.000000;Hz
SWT;2.500000;s
Trace Mode;CLR/WRITE;
Detector;RMS;
Sweep Count;0;
Trace 1:;;
x-Unit;Hz;
y-Unit;dBm;
Values;625;
2384262820.5139999;-85.69281005859375;
2384423076.9242563;-85.681427001953125;
2384583333.3345127;-85.714149475097656;
2384743589.7447691;-85.683380126953125;
2384903846.1550255;-85.681434631347656;
2385064102.5652819;-85.668045043945313;
2385224358.9755383;-85.696846008300781;
2385384615.3857946;-85.706474304199219;
2385544871.796051;-85.683349609375;
2385705128.2063074;-85.718040466308594;
2385865384.6165643;-85.702598571777344;
2386025641.0268207;-85.725753784179688;
2386185897.437077;-85.702583312988281;
2386346153.8473334;-85.673789978027344;
2386506410.2575898;-85.669921875;
2386666666.6678462;-85.694854736328125;
2386826923.0781026;-85.685287475585937;
2386987179.488359;-85.667922973632812;
2387147435.8986154;-85.666130065917969;
2387307692.3088717;-85.61822509765625;
2387467948.7191281;-85.683341979980469;
2387628205.1293845;-85.635421752929688;
2387788461.5396409;-85.633590698242188;
2387948717.9498973;-85.576362609863281;
2388108974.3601537;-85.673698425292969;
2388269230.7704101;-85.59521484375;
2388429487.1806664;-85.663978576660156;
2388589743.5909228;-85.559394836425781;
2388750000.0011792;-85.593246459960937;
2388910256.4114356;-85.60101318359375;
2389070512.8216925;-85.585456848144531;
2389230769.2319489;-85.635490417480469;
2389391025.6422052;-85.4891357421875;
2389551282.0524616;-85.601097106933594;
2389711538.462718;-85.476295471191406;
2389871794.8729744;-85.595451354980469;
2390032051.2832308;-85.66229248046875;
2390192307.6934872;-85.609344482421875;
2390352564.1037436;-85.427322387695313;
2390512820.5139999;-85.412872314453125;
2390673076.9242563;-85.464813232421875;
2390833333.3345127;-85.335037231445313;
2390993589.7447691;-85.508193969726563;
2391153846.1550255;-85.259780883789063;
2391314102.5652819;-85.497039794921875;
2391474358.9755383;-85.185523986816406;
2391634615.3857946;-85.4913330078125;
2391794871.796051;-85.212638854980469;
2391955128.2063074;-85.436630249023438;
2392115384.6165643;-85.287643432617188;
2392275641.0268207;-85.380119323730469;
2392435897.437077;-85.389816284179687;
2392596153.8473334;-85.406654357910156;
2392756410.2575898;-85.404922485351563;
2392916666.6678462;-85.433837890625;
2393076923.0781026;-85.466995239257813;
2393237179.488359;-85.428916931152344;
2393397435.8986154;-85.525314331054688;
2393557692.3088717;-85.496734619140625;
2393717948.7191281;-85.580207824707031;
2393878205.1293845;-85.508087158203125;
2394038461.5396409;-85.610595703125;
2394198717.9498973;-85.525192260742188;
2394358974.3601537;-85.616409301757812;
2394519230.7704101;-85.498908996582031;
2394679487.1806664;-85.585777282714844;
2394839743.5909228;-85.497062683105469;
2395000000.0011792;-85.538383483886719;
2395160256.4114356;-85.519699096679687;
2395320512.8216925;-85.515800476074219;
2395480769.2319489;-85.546134948730469;
2395641025.6422052;-85.572395324707031;
2395801282.0524616;-85.610710144042969;
2395961538.462718;-85.523414611816406;
2396121794.8729744;-85.606895446777344;
2396282051.2832308;-85.527244567871094;
2396442307.6934872;-85.576316833496094;
2396602564.1037436;-85.559371948242187;
2396762820.5139999;-85.578315734863281;
2396923076.9242563;-85.631683349609375;
2397083333.3345127;-85.597160339355469;
2397243589.7447691;-85.568855285644531;
2397403846.1550255;-85.578277587890625;
2397564102.5652819;-85.629776000976563;
2397724358.9755383;-85.549972534179688;
2397884615.3857946;-85.568885803222656;
2398044871.796051;-85.565071105957031;
2398205128.2063074;-85.583984375;
2398365384.6165643;-85.603019714355469;
2398525641.0268207;-85.620124816894531;
2398685897.437077;-85.587867736816406;
2398846153.8473334;-85.60498046875;
2399006410.2575898;-85.616432189941406;
2399166666.6678462;-85.576408386230469;
2399326923.0781026;-85.645065307617188;
2399487179.488359;-85.610671997070313;
2399647435.8986154;-85.616409301757812;
2399807692.3088717;-85.559425354003906;
2399967948.7191281;-85.55560302734375;
2400128205.1293845;-85.525390625;
2400288461.5396409;-85.571578979492187;
2400448717.9498973;-85.541534423828125;
2400608974.3601537;-85.573745727539063;
2400769230.7704101;-85.551826477050781;
2400929487.1806664;-85.568778991699219;
2401089743.5909228;-85.589752197265625;
2401250000.0011792;-85.557449340820313;
2401410256.4114356;-85.57080078125;
2401570512.8216925;-85.584007263183594;
2401730769.2319489;-85.620162963867188;
2401891025.6422052;-85.536735534667969;
2402051282.0524616;-85.557502746582031;
2402211538.462718;-85.540519714355469;
2402371794.8729744;-85.523468017578125;
2402532051.2832308;-85.627799987792969;
2402692307.6934872;-85.622123718261719;
2402852564.1037436;-85.63360595703125;
2403012820.5139999;-85.561286926269531;
2403173076.9242563;-85.589759826660156;
2403333333.3345127;-85.572685241699219;
2403493589.7447691;-85.61639404296875;
2403653846.1550255;-85.555648803710938;
2403814102.5652819;-85.606895446777344;
2403974358.9755383;-85.61260986328125;
2404134615.3857946;-85.595352172851562;
2404294871.796051;-85.57452392578125;
2404455128.2063074;-85.608749389648438;
2404615384.6165643;-85.618301391601563;
2404775641.0268207;-85.604934692382813;
2404935897.437077;-85.625961303710938;
2405096153.8473334;-85.589775085449219;
2405256410.2575898;-85.620246887207031;
2405416666.6678462;-85.585960388183594;
2405576923.0781026;-85.624267578125;
2405737179.488359;-85.617225646972656;
2405897435.8986154;-85.63262939453125;
2406057692.3088717;-85.603065490722656;
2406217948.7191281;-85.663063049316406;
2406378205.1293845;-85.614097595214844;
2406538461.5396409;-85.589698791503906;
2406698717.9498973;-85.593559265136719;
2406858974.3601537;-85.633560180664063;
2407019230.7704101;-85.637420654296875;
2407179487.1806664;-85.565078735351563;
2407339743.5909228;-85.606887817382812;
2407500000.0011792;-85.563194274902344;
2407660256.4114356;-85.610702514648437;
2407820512.8216925;-85.599281311035156;
2407980769.2319489;-85.587852478027344;
2408141025.6422052;-85.60498046875;
2408301282.0524616;-85.587837219238281;
2408461538.462718;-85.60498046875;
2408621794.8729744;-85.570701599121094;
2408782051.2832308;-85.618324279785156;
2408942307.6934872;-85.555580139160156;
2409102564.1037436;-85.5367431640625;
2409262820.5139999;-85.523468017578125;
2409423076.9242563;-85.604995727539063;
2409583333.3345127;-85.534820556640625;
2409743589.7447691;-85.603057861328125;
2409903846.1550255;-85.532951354980469;
2410064102.5652819;-85.576431274414063;
2410224358.9755383;-85.587867736816406;
2410384615.3857946;-85.587852478027344;
2410544871.796051;-85.614524841308594;
2410705128.2063074;-85.595466613769531;
2410865384.6165643;-85.639320373535156;
2411025641.0268207;-85.643135070800781;
2411185897.437077;-85.648880004882813;
2411346153.8473334;-85.610710144042969;
2411506410.2575898;-85.655006408691406;
2411666666.6678462;-85.660369873046875;
2411826923.0781026;-85.624053955078125;
2411987179.488359;-85.616432189941406;
2412147435.8986154;-85.624061584472656;
2412307692.3088717;-85.627876281738281;
2412467948.7191281;-85.658447265625;
2412628205.1293845;-85.708412170410156;
2412788461.5396409;-85.668037414550781;
2412948717.9498973;-85.693000793457031;
2413108974.3601537;-85.6412353515625;
2413269230.7704101;-85.625961303710938;
2413429487.1806664;-85.658454895019531;
2413589743.5909228;-85.65655517578125;
2413750000.0011792;-85.696830749511719;
2413910256.4114356;-85.702629089355469;
2414070512.8216925;-85.685325622558594;
2414230769.2319489;-85.678466796875;
2414391025.6422052;-85.698768615722656;
2414551282.0524616;-85.716110229492188;
2414711538.462718;-85.70648193359375;
2414871794.8729744;-85.685302734375;
2415032051.2832308;-85.70648193359375;
2415192307.6934872;-85.633583068847656;
2415352564.1037436;-85.666130065917969;
2415512820.5139999;-85.689155578613281;
2415673076.9242563;-85.673805236816406;
2415833333.3345127;-85.677619934082031;
2415993589.7447691;-85.685264587402344;
2416153846.1550255;-85.673789978027344;
2416314102.5652819;-85.631683349609375;
2416474358.9755383;-85.646957397460938;
2416634615.3857946;-85.619422912597656;
2416794871.796051;-85.679542541503906;
2416955128.2063074;-85.64886474609375;
2417115384.6165643;-85.633598327636719;
2417275641.0268207;-85.658462524414062;
2417435897.437077;-85.658462524414062;
2417596153.8473334;-85.6202392578125;
2417756410.2575898;-85.633590698242188;
2417916666.6678462;-85.616432189941406;
2418076923.0781026;-85.625961303710938;
2418237179.488359;-85.616432189941406;
2418397435.8986154;-85.606895446777344;
2418557692.3088717;-85.6202392578125;
2418717948.7191281;-85.629776000976563;
2418878205.1293845;-85.623771667480469;
2419038461.5396409;-85.66229248046875;
2419198717.9498973;-85.618339538574219;
2419358974.3601537;-85.622146606445313;
2419519230.7704101;-85.624053955078125;
2419679487.1806664;-85.624053955078125;
2419839743.5909228;-85.624061584472656;
2420000000.0011792;-85.631690979003906;
2420160256.4114356;-85.635505676269531;
2420320512.8216925;-85.616432189941406;
2420480769.2319489;-85.612617492675781;
2420641025.6422052;-85.62786865234375;
2420801282.0524616;-85.629776000976563;
2420961538.462718;-85.606903076171875;
2421121794.8729744;-85.612876892089844;
2421282051.2832308;-85.616424560546875;
2421442307.6934872;-85.604995727539063;
2421602564.1037436;-85.616424560546875;
2421762820.5139999;-85.601173400878906;
2421923076.9242563;-85.622138977050781;
2422083333.3345127;-85.620246887207031;
2422243589.7447691;-85.652725219726563;
2422403846.1550255;-85.622138977050781;
2422564102.5652819;-85.622146606445313;
2422724358.9755383;-85.635498046875;
2422884615.3857946;-85.608779907226562;
2423044871.796051;-85.614517211914062;
2423205128.2063074;-85.610618591308594;
2423365384.6165643;-85.5916748046875;
2423525641.0268207;-85.59735107421875;
2423685897.437077;-85.589775085449219;
2423846153.8473334;-85.591659545898438;
2424006410.2575898;-85.584091186523438;
2424166666.6678462;-85.568878173828125;
2424326923.0781026;-85.614509582519531;
2424487179.488359;-85.578346252441406;
2424647435.8986154;-85.517875671386719;
2424807692.3088717;-85.457748413085938;
2424967948.7191281;-85.482131958007812;
2425128205.1293845;-85.37579345703125;
2425288461.5396409;-85.350288391113281;
2425448717.9498973;-85.048629760742188;
2425608974.3601537;-84.958717346191406;
2425769230.7704101;-84.644775390625;
2425929487.1806664;-84.293083190917969;
2426089743.5909228;-84.096015930175781;
2426250000.0011792;-82.471160888671875;
2426410256.4114356;-82.978622436523438;
2426570512.8216925;-79.909812927246094;
2426730769.2319489;-81.136054992675781;
2426891025.6422052;-76.418724060058594;
2427051282.0524616;-76.62646484375;
2427211538.462718;-72.992233276367187;
2427371794.8729744;-71.439018249511719;
2427532051.2832308;-70.251457214355469;
2427692307.6934872;-66.331024169921875;
2427852564.1037436;-64.905174255371094;
2428012820.5139999;-62.130023956298828;
2428173076.9242563;-61.637248992919922;
2428333333.3345127;-58.345638275146484;
2428493589.7447691;-57.574764251708984;
2428653846.1550255;-54.069606781005859;
2428814102.5652819;-54.086910247802734;
2428974358.9755383;-50.781829833984375;
2429134615.3857946;-50.221778869628906;
2429294871.796051;-47.652751922607422;
2429455128.2063074;-46.08697509765625;
2429615384.6165643;-44.769428253173828;
2429775641.0268207;-43.127510070800781;
2429935897.437077;-42.259078979492187;
2430096153.8473334;-39.348674774169922;
2430256410.2575898;-38.73089599609375;
2430416666.6678462;-36.556369781494141;
2430576923.0781026;-36.177139282226563;
2430737179.488359;-33.890579223632813;
2430897435.8986154;-33.010978698730469;
2431057692.3088717;-30.857633590698242;
2431217948.7191281;-30.227563858032227;
2431378205.1293845;-28.88763427734375;
2431538461.5396409;-28.019655227661133;
2431698717.9498973;-26.410961151123047;
2431858974.3601537;-25.593803405761719;
2432019230.7704101;-24.818727493286133;
2432179487.1806664;-24.189279556274414;
2432339743.5909228;-23.534877777099609;
2432500000.0011792;-22.954483032226563;
2432660256.4114356;-22.600666046142578;
2432820512.8216925;-22.607208251953125;
2432980769.2319489;-22.413457870483398;
2433141025.6422052;-22.687469482421875;
2433301282.0524616;-22.844396591186523;
2433461538.462718;-23.557811737060547;
2433621794.8729744;-23.913440704345703;
2433782051.2832308;-24.621875762939453;
2433942307.6934872;-25.2215576171875;
2434102564.1037436;-26.475149154663086;
2434262820.5139999;-27.598175048828125;
2434423076.9242563;-28.38237190246582;
2434583333.3345127;-29.618867874145508;
2434743589.7447691;-30.415735244750977;
2434903846.1550255;-32.486225128173828;
2435064102.5652819;-33.503353118896484;
2435224358.9755383;-34.890781402587891;
2435384615.3857946;-35.793136596679688;
2435544871.796051;-37.213638305664063;
2435705128.2063074;-38.979286193847656;
2435865384.6165643;-40.323665618896484;
2436025641.0268207;-41.527675628662109;
2436185897.437077;-42.546165466308594;
2436346153.8473334;-44.095798492431641;
2436506410.2575898;-45.613441467285156;
2436666666.6678462;-47.32977294921875;
2436826923.0781026;-48.073890686035156;
2436987179.488359;-49.581836700439453;
2437147435.8986154;-50.577068328857422;
2437307692.3088717;-52.586879730224609;
2437467948.7191281;-53.932258605957031;
2437628205.1293845;-55.064655303955078;
2437788461.5396409;-56.413925170898438;
2437948717.9498973;-57.457000732421875;
2438108974.3601537;-59.810630798339844;
2438269230.7704101;-61.0382080078125;
2438429487.1806664;-62.820995330810547;
2438589743.5909228;-63.896366119384766;
2438750000.0011792;-65.852066040039063;
2438910256.4114356;-68.00341796875;
2439070512.8216925;-70.152198791503906;
2439230769.2319489;-71.581832885742188;
2439391025.6422052;-73.265487670898437;
2439551282.0524616;-75.15008544921875;
2439711538.462718;-77.581275939941406;
2439871794.8729744;-79.500198364257813;
2440032051.2832308;-80.677459716796875;
2440192307.6934872;-81.942802429199219;
2440352564.1037436;-82.8577880859375;
2440512820.5139999;-84.075927734375;
2440673076.9242563;-84.610885620117188;
2440833333.3345127;-84.923820495605469;
2440993589.7447691;-85.09832763671875;
2441153846.1550255;-85.312881469726563;
2441314102.5652819;-85.457725524902344;
2441474358.9755383;-85.519729614257813;
2441634615.3857946;-85.567008972167969;
2441794871.796051;-85.576492309570313;
2441955128.2063074;-85.595420837402344;
2442115384.6165643;-85.633598327636719;
2442275641.0268207;-85.631683349609375;
2442435897.437077;-85.666130065917969;
2442596153.8473334;-85.700706481933594;
2442756410.2575898;-85.669944763183594;
2442916666.6678462;-85.704544067382812;
2443076923.0781026;-85.685317993164063;
2443237179.488359;-85.702606201171875;
2443397435.8986154;-85.664215087890625;
2443557692.3088717;-85.675712585449219;
2443717948.7191281;-85.679550170898437;
2443878205.1293845;-85.696853637695313;
2444038461.5396409;-85.709236145019531;
2444198717.9498973;-85.6776123046875;
2444358974.3601537;-85.620246887207031;
2444519230.7704101;-85.56317138671875;
2444679487.1806664;-85.540451049804688;
2444839743.5909228;-85.57452392578125;
2445000000.0011792;-85.574546813964844;
2445160256.4114356;-85.652679443359375;
2445320512.8216925;-85.714179992675781;
2445480769.2319489;-85.669952392578125;
2445641025.6422052;-85.673797607421875;
2445801282.0524616;-85.608802795410156;
2445961538.462718;-85.627876281738281;
2446121794.8729744;-85.6202392578125;
2446282051.2832308;-85.629783630371094;
2446442307.6934872;-85.62786865234375;
2446602564.1037436;-85.658462524414062;
2446762820.5139999;-85.700691223144531;
2446923076.9242563;-85.633590698242188;
2447083333.3345127;-85.641242980957031;
2447243589.7447691;-85.679542541503906;
2447403846.1550255;-85.70648193359375;
2447564102.5652819;-85.714187622070313;
2447724358.9755383;-85.702598571777344;
2447884615.3857946;-85.700691223144531;
2448044871.796051;-85.707763671875;
2448205128.2063074;-85.673782348632813;
2448365384.6165643;-85.627853393554687;
2448525641.0268207;-85.627861022949219;
2448685897.437077;-85.618339538574219;
2448846153.8473334;-85.591682434082031;
2449006410.2575898;-85.519752502441406;
2449166666.6678462;-85.557510375976563;
2449326923.0781026;-85.499053955078125;
2449487179.488359;-85.429336547851563;
2449647435.8986154;-85.292755126953125;
2449807692.3088717;-85.373886108398437;
2449967948.7191281;-85.439002990722656;
2450128205.1293845;-85.502792358398438;
2450288461.5396409;-85.424125671386719;
2450448717.9498973;-85.487762451171875;
2450608974.3601537;-85.557456970214844;
2450769230.7704101;-85.60113525390625;
2450929487.1806664;-85.459640502929688;
2451089743.5909228;-85.551681518554688;
2451250000.0011792;-85.637367248535156;
2451410256.4114356;-85.67181396484375;
2451570512.8216925;-85.719970703125;
2451730769.2319489;-85.719970703125;
2451891025.6422052;-85.698722839355469;
2452051282.0524616;-85.696846008300781;
2452211538.462718;-85.658355712890625;
2452371794.8729744;-85.625961303710938;
2452532051.2832308;-85.54046630859375;
2452692307.6934872;-85.540496826171875;
2452852564.1037436;-85.497154235839844;
2453012820.5139999;-85.485870361328125;
2453173076.9242563;-85.468978881835938;
2453333333.3345127;-85.474571228027344;
2453493589.7447691;-85.476249694824219;
2453653846.1550255;-85.474601745605469;
2453814102.5652819;-85.496330261230469;
2453974358.9755383;-85.381301879882813;
2454134615.3857946;-85.390586853027344;
2454294871.796051;-85.314826965332031;
2454455128.2063074;-85.357269287109375;
2454615384.6165643;-85.394088745117188;
2454775641.0268207;-85.383010864257813;
2454935897.437077;-85.366439819335938;
2455096153.8473334;-85.480140686035156;
2455256410.2575898;-85.582176208496094;
2455416666.6678462;-85.407180786132812;
2455576923.0781026;-85.442794799804688;
2455737179.488359;-85.50653076171875;
2455897435.8986154;-85.504692077636719;
2456057692.3088717;-85.448356628417969;
2456217948.7191281;-85.574562072753906;
2456378205.1293845;-85.514114379882813;
2456538461.5396409;-85.493263244628906;
2456698717.9498973;-85.553550720214844;
2456858974.3601537;-85.599037170410156;
2457019230.7704101;-85.604927062988281;
2457179487.1806664;-85.591583251953125;
2457339743.5909228;-85.645042419433594;
2457500000.0011792;-85.601089477539063;
2457660256.4114356;-85.696853637695313;
2457820512.8216925;-85.656501770019531;
2457980769.2319489;-85.696830749511719;
2458141025.6422052;-85.694892883300781;
2458301282.0524616;-85.710319519042969;
2458461538.462718;-85.650741577148438;
2458621794.8729744;-85.750862121582031;
2458782051.2832308;-85.72174072265625;
2458942307.6934872;-85.803253173828125;
2459102564.1037436;-85.719955444335938;
2459262820.5139999;-85.733406066894531;
2459423076.9242563;-85.721900939941406;
2459583333.3345127;-85.683265686035156;
2459743589.7447691;-85.677597045898438;
2459903846.1550255;-85.683158874511719;
2460064102.5652819;-85.685287475585937;
2460224358.9755383;-85.712211608886719;
2460384615.3857946;-85.787696838378906;
2460544871.796051;-85.764373779296875;
2460705128.2063074;-85.814994812011719;
2460865384.6165643;-85.756614685058594;
2461025641.0268207;-85.842254638671875;
2461185897.437077;-85.783790588378906;
2461346153.8473334;-85.820816040039063;
2461506410.2575898;-85.79351806640625;
2461666666.6678462;-85.828628540039063;
2461826923.0781026;-85.834518432617188;
2461987179.488359;-85.840278625488281;
2462147435.8986154;-85.889389038085938;
2462307692.3088717;-85.844184875488281;
2462467948.7191281;-85.858024597167969;
2462628205.1293845;-85.805084228515625;
2462788461.5396409;-85.885490417480469;
2462948717.9498973;-85.768295288085938;
2463108974.3601537;-85.822792053222656;
2463269230.7704101;-85.783767700195313;
2463429487.1806664;-85.834381103515625;
2463589743.5909228;-85.801261901855469;
2463750000.0011792;-85.810935974121094;
2463910256.4114356;-85.805160522460938;
2464070512.8216925;-85.799285888671875;
2464230769.2319489;-85.803245544433594;
2464391025.6422052;-85.803146362304688;
2464551282.0524616;-85.879562377929688;
2464711538.462718;-85.801200866699219;
2464871794.8729744;-85.858016967773438;
2465032051.2832308;-85.787612915039063;
2465192307.6934872;-85.834518432617188;
2465352564.1037436;-85.748817443847656;
2465512820.5139999;-85.836105346679688;
2465673076.9242563;-85.7469482421875;
2465833333.3345127;-85.785629272460938;
2465993589.7447691;-85.795486450195313;
2466153846.1550255;-85.740791320800781;
2466314102.5652819;-85.789497375488281;
2466474358.9755383;-85.791168212890625;
2466634615.3857946;-85.80133056640625;
2466794871.796051;-85.696510314941406;
2466955128.2063074;-85.818855285644531;
2467115384.6165643;-85.7022705078125;
2467275641.0268207;-85.826637268066406;
2467435897.437077;-85.71392822265625;
2467596153.8473334;-85.845832824707031;
2467756410.2575898;-85.737091064453125;
2467916666.6678462;-85.720802307128906;
2468076923.0781026;-85.70233154296875;
2468237179.488359;-85.721298217773438;
2468397435.8986154;-85.77197265625;
2468557692.3088717;-85.698188781738281;
2468717948.7191281;-85.799385070800781;
2468878205.1293845;-85.633224487304688;
2469038461.5396409;-85.746681213378906;
2469198717.9498973;-85.655929565429688;
2469358974.3601537;-85.728553771972656;
2469519230.7704101;-85.704086303710938;
2469679487.1806664;-85.674003601074219;
2469839743.5909228;-85.721694946289062;
2470000000.0011792;-85.643142700195313;
2470160256.4114356;-85.737106323242188;
2470320512.8216925;-85.568603515625;
2470480769.2319489;-85.764137268066406;
2470641025.6422052;-85.420387268066406;
2470801282.0524616;-85.675277709960938;
2470961538.462718;-85.314231872558594;
2471121794.8729744;-85.615776062011719;
2471282051.2832308;-85.153419494628906;
2471442307.6934872;-85.418357849121094;
2471602564.1037436;-85.225067138671875;
2471762820.5139999;-85.21014404296875;
2471923076.9242563;-85.209304809570313;
2472083333.3345127;-85.128326416015625;
2472243589.7447691;-85.33837890625;
2472403846.1550255;-85.030616760253906;
2472564102.5652819;-85.401847839355469;
2472724358.9755383;-84.974594116210937;
2472884615.3857946;-85.492561340332031;
2473044871.796051;-85.085884094238281;
2473205128.2063074;-85.595054626464844;
2473365384.6165643;-85.07733154296875;
2473525641.0268207;-85.499122619628906;
2473685897.437077;-85.205108642578125;
2473846153.8473334;-85.401748657226562;
2474006410.2575898;-85.439399719238281;
2474166666.6678462;-85.428436279296875;
2474326923.0781026;-85.623649597167969;
2474487179.488359;-85.440155029296875;
2474647435.8986154;-85.652328491210938;
2474807692.3088717;-85.466072082519531;
2474967948.7191281;-85.719551086425781;
2475128205.1293845;-85.526779174804687;
2475288461.5396409;-85.668960571289062;
2475448717.9498973;-85.619865417480469;
2475608974.3601537;-85.642044067382813;
2475769230.7704101;-85.656364440917969;
2475929487.1806664;-85.577720642089844;
2476089743.5909228;-85.681373596191406;
2476250000.0011792;-85.566551208496094;
2476410256.4114356;-85.690925598144531;
2476570512.8216925;-85.53656005859375;
2476730769.2319489;-85.629524230957031;
2476891025.6422052;-85.6201171875;
2477051282.0524616;-85.608222961425781;
2477211538.462718;-85.551765441894531;
2477371794.8729744;-85.549636840820313;
2477532051.2832308;-85.583992004394531;
2477692307.6934872;-85.517555236816406;
2477852564.1037436;-85.572639465332031;
2478012820.5139999;-85.519615173339844;
2478173076.9242563;-85.603065490722656;
2478333333.3345127;-85.572647094726563;
2478493589.7447691;-85.65655517578125;
2478653846.1550255;-85.627609252929688;
2478814102.5652819;-85.667373657226563;
2478974358.9755383;-85.623977661132813;
2479134615.3857946;-85.648811340332031;
2479294871.796051;-85.698745727539063;
2479455128.2063074;-85.694755554199219;
2479615384.6165643;-85.689155578613281;
2479775641.0268207;-85.6737060546875;
2479935897.437077;-85.756690979003906;
2480096153.8473334;-85.762397766113281;
2480256410.2575898;-85.809127807617188;
2480416666.6678462;-85.748931884765625;
2480576923.0781026;-85.818878173828125;
2480737179.488359;-85.834510803222656;
2480897435.8986154;-85.805046081542969;
2481057692.3088717;-85.811080932617188;
2481217948.7191281;-85.799392700195313;
2481378205.1293845;-85.867767333984375;
2481538461.5396409;-85.844245910644531;
2481698717.9498973;-85.858009338378906;
2481858974.3601537;-85.807182312011719;
2482019230.7704101;-85.826705932617188;
2482179487.1806664;-85.836418151855469;
2482339743.5909228;-85.844154357910156;
2482500000.0011792;-85.830596923828125;
2482660256.4114356;-85.833389282226562;
2482820512.8216925;-85.873703002929687;
2482980769.2319489;-85.878143310546875;
2483141025.6422052;-85.938735961914063;
2483301282.0524616;-85.832489013671875;
2483461538.462718;-85.846221923828125;
2483621794.8729744;-85.836410522460938;
2483782051.2832308;-85.8736572265625;
2483942307.6934872;-85.820838928222656;
2484102564.1037436;-85.832565307617188;
2484262820.5139999;-85.822792053222656;
