Type;ESU;
Version;4.43;
Date;03.Jun 16;
Mode;ANALYZER;
Center Freq;2434262820.514000;Hz
Freq Offset;0.000000;Hz
Span;100000000.000000;Hz
x-Axis;LIN;
Start;2384262820.514000;Hz
Stop;2484262820.514000;Hz
Ref Level;-9.000000;dBm
Level Offset;0.000000;dB
Ref Position;100.000000;%
y-Axis;LOG;
Level Range;100.000000;dB
Rf Att;5.000000;dB
RBW;2000000.000000;Hz
VBW;50.000000;Hz
SWT;2.500000;s
Trace Mode;CLR/WRITE;
Detector;RMS;
Sweep Count;0;
Trace 1:;;
x-Unit;Hz;
y-Unit;dBm;
Values;625;
2384262820.5139999;-85.774276733398438;
2384423076.9242563;-85.714187622070313;
2384583333.3345127;-85.710334777832031;
2384743589.7447691;-85.716102600097656;
2384903846.1550255;-85.721893310546875;
2385064102.5652819;-85.696853637695313;
2385224358.9755383;-85.7083740234375;
2385384615.3857946;-85.687240600585938;
2385544871.796051;-85.710334777832031;
2385705128.2063074;-85.721893310546875;
2385865384.6165643;-85.680381774902344;
2386025641.0268207;-85.623779296875;
2386185897.437077;-85.702583312988281;
2386346153.8473334;-85.718032836914063;
2386506410.2575898;-85.760574340820313;
2386666666.6678462;-85.712860107421875;
2386826923.0781026;-85.70703125;
2386987179.488359;-85.702606201171875;
2387147435.8986154;-85.735420227050781;
2387307692.3088717;-85.674049377441406;
2387467948.7191281;-85.726615905761719;
2387628205.1293845;-85.666114807128906;
2387788461.5396409;-85.664192199707031;
2387948717.9498973;-85.669921875;
2388108974.3601537;-85.689155578613281;
2388269230.7704101;-85.635513305664063;
2388429487.1806664;-85.631675720214844;
2388589743.5909228;-85.669868469238281;
2388750000.0011792;-85.691047668457031;
2388910256.4114356;-85.685317993164063;
2389070512.8216925;-85.65252685546875;
2389230769.2319489;-85.664207458496094;
2389391025.6422052;-85.64691162109375;
2389551282.0524616;-85.687217712402344;
2389711538.462718;-85.624000549316406;
2389871794.8729744;-85.637428283691406;
2390032051.2832308;-85.548019409179688;
2390192307.6934872;-85.631690979003906;
2390352564.1037436;-85.548004150390625;
2390512820.5139999;-85.637321472167969;
2390673076.9242563;-85.564971923828125;
2390833333.3345127;-85.68145751953125;
2390993589.7447691;-85.515800476074219;
2391153846.1550255;-85.597312927246094;
2391314102.5652819;-85.489433288574219;
2391474358.9755383;-85.541885375976563;
2391634615.3857946;-85.544082641601563;
2391794871.796051;-85.439353942871094;
2391955128.2063074;-85.481956481933594;
2392115384.6165643;-85.305717468261719;
2392275641.0268207;-85.506431579589844;
2392435897.437077;-85.269844055175781;
2392596153.8473334;-85.532821655273438;
2392756410.2575898;-85.199615478515625;
2392916666.6678462;-85.457496643066406;
2393076923.0781026;-85.187339782714844;
2393237179.488359;-85.485488891601563;
2393397435.8986154;-85.127052307128906;
2393557692.3088717;-85.37689208984375;
2393717948.7191281;-85.302566528320312;
2393878205.1293845;-85.330284118652344;
2394038461.5396409;-85.38458251953125;
2394198717.9498973;-85.331672668457031;
2394358974.3601537;-85.395721435546875;
2394519230.7704101;-85.372154235839844;
2394679487.1806664;-85.439163208007813;
2394839743.5909228;-85.360122680664063;
2395000000.0011792;-85.484420776367188;
2395160256.4114356;-85.401344299316406;
2395320512.8216925;-85.534812927246094;
2395480769.2319489;-85.390380859375;
2395641025.6422052;-85.528350830078125;
2395801282.0524616;-85.462684631347656;
2395961538.462718;-85.569419860839844;
2396121794.8729744;-85.509513854980469;
2396282051.2832308;-85.619422912597656;
2396442307.6934872;-85.495109558105469;
2396602564.1037436;-85.572639465332031;
2396762820.5139999;-85.561210632324219;
2396923076.9242563;-85.631690979003906;
2397083333.3345127;-85.574493408203125;
2397243589.7447691;-85.635498046875;
2397403846.1550255;-85.584030151367188;
2397564102.5652819;-85.650802612304688;
2397724358.9755383;-85.542221069335937;
2397884615.3857946;-85.584014892578125;
2398044871.796051;-85.574531555175781;
2398205128.2063074;-85.612617492675781;
2398365384.6165643;-85.5537109375;
2398525641.0268207;-85.599288940429688;
2398685897.437077;-85.553695678710938;
2398846153.8473334;-85.614524841308594;
2399006410.2575898;-85.597381591796875;
2399166666.6678462;-85.616432189941406;
2399326923.0781026;-85.557449340820313;
2399487179.488359;-85.616401672363281;
2399647435.8986154;-85.546066284179688;
2399807692.3088717;-85.531051635742187;
2399967948.7191281;-85.555503845214844;
2400128205.1293845;-85.582160949707031;
2400288461.5396409;-85.565048217773438;
2400448717.9498973;-85.6297607421875;
2400608974.3601537;-85.563217163085938;
2400769230.7704101;-85.645042419433594;
2400929487.1806664;-85.5916748046875;
2401089743.5909228;-85.618331909179687;
2401250000.0011792;-85.548080444335938;
2401410256.4114356;-85.603080749511719;
2401570512.8216925;-85.5670166015625;
2401730769.2319489;-85.6240234375;
2401891025.6422052;-85.566909790039062;
2402051282.0524616;-85.643142700195313;
2402211538.462718;-85.574501037597656;
2402371794.8729744;-85.616432189941406;
2402532051.2832308;-85.551803588867188;
2402692307.6934872;-85.591636657714844;
2402852564.1037436;-85.548072814941406;
2403012820.5139999;-85.618301391601563;
2403173076.9242563;-85.60308837890625;
2403333333.3345127;-85.622146606445313;
2403493589.7447691;-85.618293762207031;
2403653846.1550255;-85.618331909179687;
2403814102.5652819;-85.606887817382812;
2403974358.9755383;-85.62786865234375;
2404134615.3857946;-85.570709228515625;
2404294871.796051;-85.59735107421875;
2404455128.2063074;-85.584068298339844;
2404615384.6165643;-85.595443725585937;
2404775641.0268207;-85.565025329589844;
2404935897.437077;-85.589752197265625;
2405096153.8473334;-85.612579345703125;
2405256410.2575898;-85.633590698242188;
2405416666.6678462;-85.627861022949219;
2405576923.0781026;-85.648880004882813;
2405737179.488359;-85.606857299804688;
2405897435.8986154;-85.650802612304688;
2406057692.3088717;-85.606864929199219;
2406217948.7191281;-85.639335632324219;
2406378205.1293845;-85.62017822265625;
2406538461.5396409;-85.679542541503906;
2406698717.9498973;-85.631668090820312;
2406858974.3601537;-85.618316650390625;
2407019230.7704101;-85.599281311035156;
2407179487.1806664;-85.616424560546875;
2407339743.5909228;-85.574562072753906;
2407500000.0011792;-85.612602233886719;
2407660256.4114356;-85.610694885253906;
2407820512.8216925;-85.641250610351563;
2407980769.2319489;-85.618324279785156;
2408141025.6422052;-85.627861022949219;
2408301282.0524616;-85.616424560546875;
2408461538.462718;-85.620223999023437;
2408621794.8729744;-85.595451354980469;
2408782051.2832308;-85.559410095214844;
2408942307.6934872;-85.608802795410156;
2409102564.1037436;-85.57452392578125;
2409262820.5139999;-85.643150329589844;
2409423076.9242563;-85.627861022949219;
2409583333.3345127;-85.629730224609375;
2409743589.7447691;-85.650794982910156;
2409903846.1550255;-85.654624938964844;
2410064102.5652819;-85.637397766113281;
2410224358.9755383;-85.667999267578125;
2410384615.3857946;-85.669960021972656;
2410544871.796051;-85.618301391601563;
2410705128.2063074;-85.662277221679688;
2410865384.6165643;-85.553733825683594;
2411025641.0268207;-85.641220092773438;
2411185897.437077;-85.612564086914063;
2411346153.8473334;-85.66229248046875;
2411506410.2575898;-85.613739013671875;
2411666666.6678462;-85.6202392578125;
2411826923.0781026;-85.620216369628906;
2411987179.488359;-85.652656555175781;
2412147435.8986154;-85.66412353515625;
2412307692.3088717;-85.671890258789063;
2412467948.7191281;-85.641181945800781;
2412628205.1293845;-85.667465209960938;
2412788461.5396409;-85.692367553710938;
2412948717.9498973;-85.698234558105469;
2413108974.3601537;-85.696830749511719;
2413269230.7704101;-85.669944763183594;
2413429487.1806664;-85.677635192871094;
2413589743.5909228;-85.624061584472656;
2413750000.0011792;-85.648887634277344;
2413910256.4114356;-85.648880004882813;
2414070512.8216925;-85.698776245117188;
2414230769.2319489;-85.708412170410156;
2414391025.6422052;-85.718040466308594;
2414551282.0524616;-85.687232971191406;
2414711538.462718;-85.685325622558594;
2414871794.8729744;-85.689163208007813;
2415032051.2832308;-85.704559326171875;
2415192307.6934872;-85.704551696777344;
2415352564.1037436;-85.698226928710937;
2415512820.5139999;-85.704551696777344;
2415673076.9242563;-85.704551696777344;
2415833333.3345127;-85.704551696777344;
2415993589.7447691;-85.708412170410156;
2416153846.1550255;-85.694931030273438;
2416314102.5652819;-85.637413024902344;
2416474358.9755383;-85.622116088867188;
2416634615.3857946;-85.668052673339844;
2416794871.796051;-85.694923400878906;
2416955128.2063074;-85.704551696777344;
2417115384.6165643;-85.714187622070313;
2417275641.0268207;-85.704559326171875;
2417435897.437077;-85.646957397460938;
2417596153.8473334;-85.631683349609375;
2417756410.2575898;-85.676261901855469;
2417916666.6678462;-85.666114807128906;
2418076923.0781026;-85.645065307617188;
2418237179.488359;-85.63360595703125;
2418397435.8986154;-85.637420654296875;
2418557692.3088717;-85.646980285644531;
2418717948.7191281;-85.666084289550781;
2418878205.1293845;-85.675712585449219;
2419038461.5396409;-85.698768615722656;
2419198717.9498973;-85.666122436523438;
2419358974.3601537;-85.648887634277344;
2419519230.7704101;-85.708412170410156;
2419679487.1806664;-85.641189575195313;
2419839743.5909228;-85.623786926269531;
2420000000.0011792;-85.629783630371094;
2420160256.4114356;-85.669921875;
2420320512.8216925;-85.70648193359375;
2420480769.2319489;-85.669929504394531;
2420641025.6422052;-85.604988098144531;
2420801282.0524616;-85.635513305664063;
2420961538.462718;-85.654617309570313;
2421121794.8729744;-85.625968933105469;
2421282051.2832308;-85.622154235839844;
2421442307.6934872;-85.650779724121094;
2421602564.1037436;-85.604957580566406;
2421762820.5139999;-85.656524658203125;
2421923076.9242563;-85.681465148925781;
2422083333.3345127;-85.669692993164063;
2422243589.7447691;-85.631683349609375;
2422403846.1550255;-85.648895263671875;
2422564102.5652819;-85.677627563476562;
2422724358.9755383;-85.65655517578125;
2422884615.3857946;-85.631683349609375;
2423044871.796051;-85.624061584472656;
2423205128.2063074;-85.627876281738281;
2423365384.6165643;-85.679527282714844;
2423525641.0268207;-85.692977905273438;
2423685897.437077;-85.664207458496094;
2423846153.8473334;-85.671875;
2424006410.2575898;-85.641242980957031;
2424166666.6678462;-85.633598327636719;
2424326923.0781026;-85.62786865234375;
2424487179.488359;-85.675712585449219;
2424647435.8986154;-85.639328002929688;
2424807692.3088717;-85.633575439453125;
2424967948.7191281;-85.635505676269531;
2425128205.1293845;-85.60498046875;
2425288461.5396409;-85.529190063476563;
2425448717.9498973;-85.606895446777344;
2425608974.3601537;-85.593551635742187;
2425769230.7704101;-85.652687072753906;
2425929487.1806664;-85.6202392578125;
2426089743.5909228;-85.593521118164062;
2426250000.0011792;-85.557540893554688;
2426410256.4114356;-85.500389099121094;
2426570512.8216925;-85.48583984375;
2426730769.2319489;-85.36181640625;
2426891025.6422052;-85.360855102539063;
2427051282.0524616;-85.165794372558594;
2427211538.462718;-85.223274230957031;
2427371794.8729744;-84.619964599609375;
2427532051.2832308;-84.929458618164063;
2427692307.6934872;-83.919143676757813;
2427852564.1037436;-84.267791748046875;
2428012820.5139999;-81.752662658691406;
2428173076.9242563;-82.615165710449219;
2428333333.3345127;-79.597953796386719;
2428493589.7447691;-80.71905517578125;
2428653846.1550255;-76.062667846679688;
2428814102.5652819;-76.445709228515625;
2428974358.9755383;-71.992523193359375;
2429134615.3857946;-72.303977966308594;
2429294871.796051;-68.229774475097656;
2429455128.2063074;-68.035232543945312;
2429615384.6165643;-63.753074645996094;
2429775641.0268207;-63.741607666015625;
2429935897.437077;-60.184768676757812;
2430096153.8473334;-60.423263549804688;
2430256410.2575898;-56.685997009277344;
2430416666.6678462;-56.404994964599609;
2430576923.0781026;-52.815166473388672;
2430737179.488359;-53.071155548095703;
2430897435.8986154;-50.076633453369141;
2431057692.3088717;-49.956249237060547;
2431217948.7191281;-46.293910980224609;
2431378205.1293845;-46.39813232421875;
2431538461.5396409;-44.437881469726563;
2431698717.9498973;-42.100559234619141;
2431858974.3601537;-41.746269226074219;
2432019230.7704101;-39.026359558105469;
2432179487.1806664;-38.8856201171875;
2432339743.5909228;-36.404945373535156;
2432500000.0011792;-36.381187438964844;
2432660256.4114356;-34.116199493408203;
2432820512.8216925;-33.197975158691406;
2432980769.2319489;-31.866552352905273;
2433141025.6422052;-31.339397430419922;
2433301282.0524616;-30.228872299194336;
2433461538.462718;-29.363737106323242;
2433621794.8729744;-28.456304550170898;
2433782051.2832308;-28.059606552124023;
2433942307.6934872;-27.732614517211914;
2434102564.1037436;-27.487331390380859;
2434262820.5139999;-27.376565933227539;
2434423076.9242563;-27.317434310913086;
2434583333.3345127;-27.661659240722656;
2434743589.7447691;-27.907201766967773;
2434903846.1550255;-28.525905609130859;
2435064102.5652819;-28.983200073242188;
2435224358.9755383;-30.120895385742188;
2435384615.3857946;-30.790542602539063;
2435544871.796051;-31.82972526550293;
2435705128.2063074;-32.732772827148438;
2435865384.6165643;-33.957035064697266;
2436025641.0268207;-35.181415557861328;
2436185897.437077;-37.028266906738281;
2436346153.8473334;-38.024360656738281;
2436506410.2575898;-39.417530059814453;
2436666666.6678462;-40.413795471191406;
2436826923.0781026;-41.808155059814453;
2436987179.488359;-43.492401123046875;
2437147435.8986154;-45.081142425537109;
2437307692.3088717;-45.973049163818359;
2437467948.7191281;-47.347927093505859;
2437628205.1293845;-48.455471038818359;
2437788461.5396409;-50.523807525634766;
2437948717.9498973;-51.546062469482422;
2438108974.3601537;-52.990821838378906;
2438269230.7704101;-53.996856689453125;
2438429487.1806664;-55.494552612304688;
2438589743.5909228;-57.025463104248047;
2438750000.0011792;-58.351428985595703;
2438910256.4114356;-59.854393005371094;
2439070512.8216925;-60.833961486816406;
2439230769.2319489;-62.121196746826172;
2439391025.6422052;-63.990432739257813;
2439551282.0524616;-65.577568054199219;
2439711538.462718;-66.928146362304688;
2439871794.8729744;-68.342681884765625;
2440032051.2832308;-69.932044982910156;
2440192307.6934872;-72.195610046386719;
2440352564.1037436;-74.167366027832031;
2440512820.5139999;-75.834030151367188;
2440673076.9242563;-77.377609252929687;
2440833333.3345127;-79.072586059570313;
2440993589.7447691;-81.136390686035156;
2441153846.1550255;-82.671958923339844;
2441314102.5652819;-83.395294189453125;
2441474358.9755383;-84.18988037109375;
2441634615.3857946;-84.634040832519531;
2441794871.796051;-85.133743286132813;
2441955128.2063074;-85.364601135253906;
2442115384.6165643;-85.446540832519531;
2442275641.0268207;-85.531044006347656;
2442435897.437077;-85.606826782226563;
2442596153.8473334;-85.692977905273438;
2442756410.2575898;-85.694892883300781;
2442916666.6678462;-85.710311889648438;
2443076923.0781026;-85.66802978515625;
2443237179.488359;-85.729049682617188;
2443397435.8986154;-85.712257385253906;
2443557692.3088717;-85.721885681152344;
2443717948.7191281;-85.696830749511719;
2443878205.1293845;-85.721900939941406;
2444038461.5396409;-85.700691223144531;
2444198717.9498973;-85.671867370605469;
2444358974.3601537;-85.7103271484375;
2444519230.7704101;-84.563697814941406;
2444679487.1806664;-84.044258117675781;
2444839743.5909228;-84.161445617675781;
2445000000.0011792;-84.217315673828125;
2445160256.4114356;-83.779327392578125;
2445320512.8216925;-84.331062316894531;
2445480769.2319489;-85.339561462402344;
2445641025.6422052;-85.612564086914063;
2445801282.0524616;-85.68914794921875;
2445961538.462718;-85.719940185546875;
2446121794.8729744;-85.760566711425781;
2446282051.2832308;-85.691070556640625;
2446442307.6934872;-85.710296630859375;
2446602564.1037436;-85.691009521484375;
2446762820.5139999;-85.689384460449219;
2446923076.9242563;-85.737289428710938;
2447083333.3345127;-85.714179992675781;
2447243589.7447691;-85.745079040527344;
2447403846.1550255;-85.77801513671875;
2447564102.5652819;-85.772209167480469;
2447724358.9755383;-85.7955322265625;
2447884615.3857946;-85.789688110351562;
2448044871.796051;-85.793563842773438;
2448205128.2063074;-85.807212829589844;
2448365384.6165643;-85.801361083984375;
2448525641.0268207;-85.731475830078125;
2448685897.437077;-85.736907958984375;
2448846153.8473334;-85.811103820800781;
2449006410.2575898;-85.768028259277344;
2449166666.6678462;-83.855316162109375;
2449326923.0781026;-80.917915344238281;
2449487179.488359;-80.32501220703125;
2449647435.8986154;-80.100639343261719;
2449807692.3088717;-80.486457824707031;
2449967948.7191281;-83.647354125976562;
2450128205.1293845;-85.171295166015625;
2450288461.5396409;-85.614356994628906;
2450448717.9498973;-85.725761413574219;
2450608974.3601537;-85.752799987792969;
2450769230.7704101;-85.805259704589844;
2450929487.1806664;-85.807205200195313;
2451089743.5909228;-85.80914306640625;
2451250000.0011792;-85.81109619140625;
2451410256.4114356;-85.82080078125;
2451570512.8216925;-85.791618347167969;
2451730769.2319489;-85.80914306640625;
2451891025.6422052;-85.805252075195313;
2452051282.0524616;-85.799400329589844;
2452211538.462718;-85.716117858886719;
2452371794.8729744;-85.745086669921875;
2452532051.2832308;-85.704551696777344;
2452692307.6934872;-85.76824951171875;
2452852564.1037436;-85.801361083984375;
2453012820.5139999;-85.81890869140625;
2453173076.9242563;-85.402961730957031;
2453333333.3345127;-81.812049865722656;
2453493589.7447691;-79.391609191894531;
2453653846.1550255;-78.918388366699219;
2453814102.5652819;-78.7327880859375;
2453974358.9755383;-80.582572937011719;
2454134615.3857946;-84.102981567382813;
2454294871.796051;-85.3494873046875;
2454455128.2063074;-85.629676818847656;
2454615384.6165643;-85.781791687011719;
2454775641.0268207;-85.774040222167969;
2454935897.437077;-85.847564697265625;
2455096153.8473334;-85.759963989257813;
2455256410.2575898;-85.693977355957031;
2455416666.6678462;-85.760498046875;
2455576923.0781026;-85.716094970703125;
2455737179.488359;-85.731483459472656;
2455897435.8986154;-85.785697937011719;
2456057692.3088717;-85.830482482910156;
2456217948.7191281;-85.669830322265625;
2456378205.1293845;-85.814895629882813;
2456538461.5396409;-85.766281127929688;
2456698717.9498973;-85.844291687011719;
2456858974.3601537;-85.772102355957031;
2457019230.7704101;-85.846244812011719;
2457179487.1806664;-85.762382507324219;
2457339743.5909228;-85.731521606445312;
2457500000.0011792;-85.746986389160156;
2457660256.4114356;-85.820854187011719;
2457820512.8216925;-85.760566711425781;
2457980769.2319489;-85.854080200195313;
2458141025.6422052;-85.826713562011719;
2458301282.0524616;-85.81695556640625;
2458461538.462718;-85.789657592773438;
2458621794.8729744;-85.824760437011719;
2458782051.2832308;-85.741165161132813;
2458942307.6934872;-85.801338195800781;
2459102564.1037436;-85.830368041992188;
2459262820.5139999;-85.887405395507813;
2459423076.9242563;-85.836471557617188;
2459583333.3345127;-85.869667053222656;
2459743589.7447691;-85.820846557617188;
2459903846.1550255;-85.811050415039062;
2460064102.5652819;-85.797378540039063;
2460224358.9755383;-85.832374572753906;
2460384615.3857946;-85.824676513671875;
2460544871.796051;-85.8775634765625;
2460705128.2063074;-85.8853759765625;
2460865384.6165643;-85.854034423828125;
2461025641.0268207;-85.854080200195313;
2461185897.437077;-85.863853454589844;
2461346153.8473334;-85.805007934570313;
2461506410.2575898;-85.091423034667969;
2461666666.6678462;-85.57940673828125;
2461826923.0781026;-85.758621215820313;
2461987179.488359;-85.844261169433594;
2462147435.8986154;-85.877540588378906;
2462307692.3088717;-85.82672119140625;
2462467948.7191281;-85.828651428222656;
2462628205.1293845;-85.787704467773438;
2462788461.5396409;-85.859947204589844;
2462948717.9498973;-85.816963195800781;
2463108974.3601537;-85.840354919433594;
2463269230.7704101;-85.82281494140625;
2463429487.1806664;-85.832565307617188;
2463589743.5909228;-85.863899230957031;
2463750000.0011792;-85.861892700195313;
2463910256.4114356;-85.887405395507813;
2464070512.8216925;-85.869743347167969;
2464230769.2319489;-85.901237487792969;
2464391025.6422052;-85.867698669433594;
2464551282.0524616;-85.877616882324219;
2464711538.462718;-85.863853454589844;
2464871794.8729744;-85.859962463378906;
2465032051.2832308;-85.803138732910156;
2465192307.6934872;-85.83642578125;
2465352564.1037436;-85.848197937011719;
2465512820.5139999;-85.905158996582031;
2465673076.9242563;-85.854011535644531;
2465833333.3345127;-85.873695373535156;
2465993589.7447691;-85.873634338378906;
2466153846.1550255;-85.891365051269531;
2466314102.5652819;-85.840293884277344;
2466474358.9755383;-85.918975830078125;
2466634615.3857946;-85.842247009277344;
2466794871.796051;-85.913040161132813;
2466955128.2063074;-85.850143432617188;
2467115384.6165643;-85.903213500976563;
2467275641.0268207;-85.85211181640625;
2467435897.437077;-85.885498046875;
2467596153.8473334;-85.773971557617188;
2467756410.2575898;-85.840377807617188;
2467916666.6678462;-85.78570556640625;
2468076923.0781026;-85.91107177734375;
2468237179.488359;-85.907150268554688;
2468397435.8986154;-85.907142639160156;
2468557692.3088717;-85.80322265625;
2468717948.7191281;-85.915023803710938;
2468878205.1293845;-85.779876708984375;
2469038461.5396409;-85.895271301269531;
2469198717.9498973;-85.748588562011719;
2469358974.3601537;-85.86383056640625;
2469519230.7704101;-85.760353088378906;
2469679487.1806664;-85.816642761230469;
2469839743.5909228;-85.735275268554688;
2470000000.0011792;-85.721359252929688;
2470160256.4114356;-85.789619445800781;
2470320512.8216925;-85.71160888671875;
2470480769.2319489;-85.783767700195313;
2470641025.6422052;-85.699966430664063;
2470801282.0524616;-85.78765869140625;
2470961538.462718;-85.639862060546875;
2471121794.8729744;-85.727424621582031;
2471282051.2832308;-85.606796264648437;
2471442307.6934872;-85.713844299316406;
2471602564.1037436;-85.5797119140625;
2471762820.5139999;-85.674674987792969;
2471923076.9242563;-85.378631591796875;
2472083333.3345127;-85.613624572753906;
2472243589.7447691;-85.316261291503906;
2472403846.1550255;-85.633033752441406;
2472564102.5652819;-85.087013244628906;
2472724358.9755383;-85.596855163574219;
2472884615.3857946;-85.072402954101563;
2473044871.796051;-85.432373046875;
2473205128.2063074;-85.109710693359375;
2473365384.6165643;-85.382431030273438;
2473525641.0268207;-85.122856140136719;
2473685897.437077;-85.236183166503906;
2473846153.8473334;-85.286712646484375;
2474006410.2575898;-85.373329162597656;
2474166666.6678462;-85.253128051757813;
2474326923.0781026;-85.4307861328125;
2474487179.488359;-85.310684204101563;
2474647435.8986154;-85.564048767089844;
2474807692.3088717;-85.319320678710938;
2474967948.7191281;-85.475326538085938;
2475128205.1293845;-85.488334655761719;
2475288461.5396409;-85.510040283203125;
2475448717.9498973;-85.642631530761719;
2475608974.3601537;-85.581626892089844;
2475769230.7704101;-85.623519897460938;
2475929487.1806664;-85.580055236816406;
2476089743.5909228;-85.549606323242188;
2476250000.0011792;-85.636863708496094;
2476410256.4114356;-85.666107177734375;
2476570512.8216925;-85.606117248535156;
2476730769.2319489;-85.593460083007813;
2476891025.6422052;-85.560523986816406;
2477051282.0524616;-85.612312316894531;
2477211538.462718;-85.623329162597656;
2477371794.8729744;-85.631317138671875;
2477532051.2832308;-85.6331787109375;
2477692307.6934872;-85.622039794921875;
2477852564.1037436;-85.636428833007812;
2478012820.5139999;-85.589714050292969;
2478173076.9242563;-85.591384887695313;
2478333333.3345127;-85.692924499511719;
2478493589.7447691;-85.610374450683594;
2478653846.1550255;-85.667930603027344;
2478814102.5652819;-85.662208557128906;
2478974358.9755383;-85.710289001464844;
2479134615.3857946;-85.685134887695313;
2479294871.796051;-85.754684448242187;
2479455128.2063074;-85.770149230957031;
2479615384.6165643;-85.840400695800781;
2479775641.0268207;-85.750686645507812;
2479935897.437077;-85.716102600097656;
2480096153.8473334;-85.830574035644531;
2480256410.2575898;-85.72564697265625;
2480416666.6678462;-85.830497741699219;
2480576923.0781026;-85.822685241699219;
2480737179.488359;-85.770118713378906;
2480897435.8986154;-85.856025695800781;
2481057692.3088717;-85.809104919433594;
2481217948.7191281;-85.848136901855469;
2481378205.1293845;-85.799339294433594;
2481538461.5396409;-85.85992431640625;
2481698717.9498973;-85.871719360351563;
2481858974.3601537;-85.846221923828125;
2482019230.7704101;-85.82281494140625;
2482179487.1806664;-85.863853454589844;
2482339743.5909228;-85.84906005859375;
2482500000.0011792;-85.842292785644531;
2482660256.4114356;-85.869728088378906;
2482820512.8216925;-85.901100158691406;
2482980769.2319489;-85.859931945800781;
2483141025.6422052;-85.877593994140625;
2483301282.0524616;-85.885498046875;
2483461538.462718;-85.828620910644531;
2483621794.8729744;-85.875595092773438;
2483782051.2832308;-85.857948303222656;
2483942307.6934872;-85.883522033691406;
2484102564.1037436;-85.842269897460938;
2484262820.5139999;-85.871726989746094;
