Type;ESU;
Version;4.43;
Date;03.Jun 16;
Mode;ANALYZER;
Center Freq;2434262820.514000;Hz
Freq Offset;0.000000;Hz
Span;100000000.000000;Hz
x-Axis;LIN;
Start;2384262820.514000;Hz
Stop;2484262820.514000;Hz
Ref Level;-9.000000;dBm
Level Offset;0.000000;dB
Ref Position;100.000000;%
y-Axis;LOG;
Level Range;100.000000;dB
Rf Att;5.000000;dB
RBW;2000000.000000;Hz
VBW;50.000000;Hz
SWT;2.500000;s
Trace Mode;CLR/WRITE;
Detector;RMS;
Sweep Count;0;
Trace 1:;;
x-Unit;Hz;
y-Unit;dBm;
Values;625;
2384262820.5139999;-85.723182678222656;
2384423076.9242563;-85.718048095703125;
2384583333.3345127;-85.768325805664062;
2384743589.7447691;-85.778022766113281;
2384903846.1550255;-85.745086669921875;
2385064102.5652819;-85.712265014648437;
2385224358.9755383;-85.708412170410156;
2385384615.3857946;-85.729606628417969;
2385544871.796051;-85.718040466308594;
2385705128.2063074;-85.718040466308594;
2385865384.6165643;-85.708396911621094;
2386025641.0268207;-85.689163208007813;
2386185897.437077;-85.702629089355469;
2386346153.8473334;-85.687232971191406;
2386506410.2575898;-85.673797607421875;
2386666666.6678462;-85.704551696777344;
2386826923.0781026;-85.716094970703125;
2386987179.488359;-85.706474304199219;
2387147435.8986154;-85.710334777832031;
2387307692.3088717;-85.685310363769531;
2387467948.7191281;-85.710319519042969;
2387628205.1293845;-85.706474304199219;
2387788461.5396409;-85.727691650390625;
2387948717.9498973;-85.675712585449219;
2388108974.3601537;-85.660362243652344;
2388269230.7704101;-85.694931030273438;
2388429487.1806664;-85.702621459960937;
2388589743.5909228;-85.650802612304688;
2388750000.0011792;-85.652717590332031;
2388910256.4114356;-85.668052673339844;
2389070512.8216925;-85.687232971191406;
2389230769.2319489;-85.677604675292969;
2389391025.6422052;-85.710319519042969;
2389551282.0524616;-85.700645446777344;
2389711538.462718;-85.712265014648437;
2389871794.8729744;-85.654579162597656;
2390032051.2832308;-85.627876281738281;
2390192307.6934872;-85.603065490722656;
2390352564.1037436;-85.639297485351562;
2390512820.5139999;-85.603034973144531;
2390673076.9242563;-85.666007995605469;
2390833333.3345127;-85.64312744140625;
2390993589.7447691;-85.59136962890625;
2391153846.1550255;-85.604911804199219;
2391314102.5652819;-85.593452453613281;
2391474358.9755383;-85.510200500488281;
2391634615.3857946;-85.599151611328125;
2391794871.796051;-85.478034973144531;
2391955128.2063074;-85.633567810058594;
2392115384.6165643;-85.457489013671875;
2392275641.0268207;-85.621826171875;
2392435897.437077;-85.3994140625;
2392596153.8473334;-85.473403930664063;
2392756410.2575898;-85.403053283691406;
2392916666.6678462;-85.574539184570312;
2393076923.0781026;-85.262535095214844;
2393237179.488359;-85.54779052734375;
2393397435.8986154;-85.587844848632813;
2393557692.3088717;-85.625885009765625;
2393717948.7191281;-85.386199951171875;
2393878205.1293845;-85.570350646972656;
2394038461.5396409;-85.374801635742188;
2394198717.9498973;-85.448905944824219;
2394358974.3601537;-85.425567626953125;
2394519230.7704101;-85.451370239257813;
2394679487.1806664;-85.46514892578125;
2394839743.5909228;-85.446090698242187;
2395000000.0011792;-85.546112060546875;
2395160256.4114356;-85.600975036621094;
2395320512.8216925;-85.491287231445312;
2395480769.2319489;-85.622001647949219;
2395641025.6422052;-85.50079345703125;
2395801282.0524616;-85.576469421386719;
2395961538.462718;-85.582054138183594;
2396121794.8729744;-85.623886108398438;
2396282051.2832308;-85.582099914550781;
2396442307.6934872;-85.635459899902344;
2396602564.1037436;-85.599258422851562;
2396762820.5139999;-85.583999633789063;
2396923076.9242563;-85.593528747558594;
2397083333.3345127;-85.599220275878906;
2397243589.7447691;-85.582099914550781;
2397403846.1550255;-85.635490417480469;
2397564102.5652819;-85.664199829101563;
2397724358.9755383;-85.620208740234375;
2397884615.3857946;-85.643119812011719;
2398044871.796051;-85.669944763183594;
2398205128.2063074;-85.625953674316406;
2398365384.6165643;-85.627853393554687;
2398525641.0268207;-85.622154235839844;
2398685897.437077;-85.610702514648437;
2398846153.8473334;-85.610710144042969;
2399006410.2575898;-85.620246887207031;
2399166666.6678462;-85.649978637695312;
2399326923.0781026;-85.639495849609375;
2399487179.488359;-85.625968933105469;
2399647435.8986154;-85.593757629394531;
2399807692.3088717;-85.573783874511719;
2399967948.7191281;-85.610702514648437;
2400128205.1293845;-85.573783874511719;
2400288461.5396409;-85.60498046875;
2400448717.9498973;-85.631675720214844;
2400608974.3601537;-85.618331909179687;
2400769230.7704101;-85.597389221191406;
2400929487.1806664;-85.616432189941406;
2401089743.5909228;-85.582183837890625;
2401250000.0011792;-85.605003356933594;
2401410256.4114356;-85.614524841308594;
2401570512.8216925;-85.614517211914062;
2401730769.2319489;-85.625961303710938;
2401891025.6422052;-85.635498046875;
2402051282.0524616;-85.630325317382812;
2402211538.462718;-85.614524841308594;
2402371794.8729744;-85.612617492675781;
2402532051.2832308;-85.616432189941406;
2402692307.6934872;-85.620246887207031;
2402852564.1037436;-85.610702514648437;
2403012820.5139999;-85.624053955078125;
2403173076.9242563;-85.622146606445313;
2403333333.3345127;-85.608802795410156;
2403493589.7447691;-85.620246887207031;
2403653846.1550255;-85.616432189941406;
2403814102.5652819;-85.631683349609375;
2403974358.9755383;-85.658210754394531;
2404134615.3857946;-85.696853637695313;
2404294871.796051;-85.691635131835938;
2404455128.2063074;-85.653114318847656;
2404615384.6165643;-85.603096008300781;
2404775641.0268207;-85.55938720703125;
2404935897.437077;-85.59735107421875;
2405096153.8473334;-85.660377502441406;
2405256410.2575898;-85.624053955078125;
2405416666.6678462;-85.622146606445313;
2405576923.0781026;-85.6202392578125;
2405737179.488359;-85.618339538574219;
2405897435.8986154;-85.629776000976563;
2406057692.3088717;-85.618339538574219;
2406217948.7191281;-85.625968933105469;
2406378205.1293845;-85.614517211914062;
2406538461.5396409;-85.633583068847656;
2406698717.9498973;-85.627845764160156;
2406858974.3601537;-85.622154235839844;
2407019230.7704101;-85.631675720214844;
2407179487.1806664;-85.618324279785156;
2407339743.5909228;-85.620246887207031;
2407500000.0011792;-85.629783630371094;
2407660256.4114356;-85.606895446777344;
2407820512.8216925;-85.624061584472656;
2407980769.2319489;-85.631690979003906;
2408141025.6422052;-85.673797607421875;
2408301282.0524616;-85.669952392578125;
2408461538.462718;-85.616432189941406;
2408621794.8729744;-85.612617492675781;
2408782051.2832308;-85.624061584472656;
2408942307.6934872;-85.643150329589844;
2409102564.1037436;-85.641212463378906;
2409262820.5139999;-85.650787353515625;
2409423076.9242563;-85.654632568359375;
2409583333.3345127;-85.673797607421875;
2409743589.7447691;-85.687217712402344;
2409903846.1550255;-85.689163208007813;
2410064102.5652819;-85.654617309570313;
2410224358.9755383;-85.624053955078125;
2410384615.3857946;-85.624053955078125;
2410544871.796051;-85.622154235839844;
2410705128.2063074;-85.625961303710938;
2410865384.6165643;-85.645057678222656;
2411025641.0268207;-85.633598327636719;
2411185897.437077;-85.606895446777344;
2411346153.8473334;-85.622146606445313;
2411506410.2575898;-85.649497985839844;
2411666666.6678462;-85.711433410644531;
2411826923.0781026;-85.702629089355469;
2411987179.488359;-85.665306091308594;
2412147435.8986154;-85.624053955078125;
2412307692.3088717;-85.629783630371094;
2412467948.7191281;-85.675712585449219;
2412628205.1293845;-85.6929931640625;
2412788461.5396409;-85.712265014648437;
2412948717.9498973;-85.67376708984375;
2413108974.3601537;-85.66229248046875;
2413269230.7704101;-85.673797607421875;
2413429487.1806664;-85.641242980957031;
2413589743.5909228;-85.62786865234375;
2413750000.0011792;-85.67572021484375;
2413910256.4114356;-85.656547546386719;
2414070512.8216925;-85.67572021484375;
2414230769.2319489;-85.702629089355469;
2414391025.6422052;-85.696037292480469;
2414551282.0524616;-85.702621459960937;
2414711538.462718;-85.704551696777344;
2414871794.8729744;-85.712257385253906;
2415032051.2832308;-85.719947814941406;
2415192307.6934872;-85.721893310546875;
2415352564.1037436;-85.698783874511719;
2415512820.5139999;-85.718040466308594;
2415673076.9242563;-85.714179992675781;
2415833333.3345127;-85.687232971191406;
2415993589.7447691;-85.696830749511719;
2416153846.1550255;-85.70068359375;
2416314102.5652819;-85.627861022949219;
2416474358.9755383;-85.673797607421875;
2416634615.3857946;-85.696861267089844;
2416794871.796051;-85.711433410644531;
2416955128.2063074;-85.707763671875;
2417115384.6165643;-85.691635131835938;
2417275641.0268207;-85.702621459960937;
2417435897.437077;-85.671875;
2417596153.8473334;-85.641250610351563;
2417756410.2575898;-85.63360595703125;
2417916666.6678462;-85.625968933105469;
2418076923.0781026;-85.668022155761719;
2418237179.488359;-85.700698852539063;
2418397435.8986154;-85.700706481933594;
2418557692.3088717;-85.698776245117188;
2418717948.7191281;-85.687232971191406;
2418878205.1293845;-85.687225341796875;
2419038461.5396409;-85.680656433105469;
2419198717.9498973;-85.691085815429687;
2419358974.3601537;-85.643150329589844;
2419519230.7704101;-85.685287475585937;
2419679487.1806664;-85.710334777832031;
2419839743.5909228;-85.702629089355469;
2420000000.0011792;-85.698768615722656;
2420160256.4114356;-85.698768615722656;
2420320512.8216925;-85.714187622070313;
2420480769.2319489;-85.714187622070313;
2420641025.6422052;-85.702621459960937;
2420801282.0524616;-85.693008422851562;
2420961538.462718;-85.700706481933594;
2421121794.8729744;-85.716110229492188;
2421282051.2832308;-85.700431823730469;
2421442307.6934872;-85.664215087890625;
2421602564.1037436;-85.666122436523438;
2421762820.5139999;-85.648849487304688;
2421923076.9242563;-85.702629089355469;
2422083333.3345127;-85.685295104980469;
2422243589.7447691;-85.618331909179687;
2422403846.1550255;-85.625953674316406;
2422564102.5652819;-85.669929504394531;
2422724358.9755383;-85.691055297851563;
2422884615.3857946;-85.6929931640625;
2423044871.796051;-85.668045043945313;
2423205128.2063074;-85.658737182617188;
2423365384.6165643;-85.664199829101563;
2423525641.0268207;-85.646957397460938;
2423685897.437077;-85.673782348632813;
2423846153.8473334;-85.710334777832031;
2424006410.2575898;-85.708412170410156;
2424166666.6678462;-85.689155578613281;
2424326923.0781026;-85.700698852539063;
2424487179.488359;-85.704536437988281;
2424647435.8986154;-85.712265014648437;
2424807692.3088717;-85.708412170410156;
2424967948.7191281;-85.712265014648437;
2425128205.1293845;-85.694931030273438;
2425288461.5396409;-85.658470153808594;
2425448717.9498973;-85.694931030273438;
2425608974.3601537;-85.704551696777344;
2425769230.7704101;-85.700698852539063;
2425929487.1806664;-85.694923400878906;
2426089743.5909228;-85.704551696777344;
2426250000.0011792;-85.658470153808594;
2426410256.4114356;-85.704544067382812;
2426570512.8216925;-85.710334777832031;
2426730769.2319489;-85.646934509277344;
2426891025.6422052;-85.591636657714844;
2427051282.0524616;-85.641212463378906;
2427211538.462718;-85.506507873535156;
2427371794.8729744;-85.58013916015625;
2427532051.2832308;-85.384681701660156;
2427692307.6934872;-85.442550659179687;
2427852564.1037436;-84.856887817382813;
2428012820.5139999;-85.027900695800781;
2428173076.9242563;-84.236900329589844;
2428333333.3345127;-83.887794494628906;
2428493589.7447691;-82.631782531738281;
2428653846.1550255;-81.690582275390625;
2428814102.5652819;-80.932098388671875;
2428974358.9755383;-78.939933776855469;
2429134615.3857946;-78.532188415527344;
2429294871.796051;-74.305000305175781;
2429455128.2063074;-74.439285278320312;
2429615384.6165643;-72.040573120117187;
2429775641.0268207;-69.249160766601562;
2429935897.437077;-67.681251525878906;
2430096153.8473334;-65.143814086914062;
2430256410.2575898;-63.707656860351562;
2430416666.6678462;-62.313606262207031;
2430576923.0781026;-60.306285858154297;
2430737179.488359;-58.711833953857422;
2430897435.8986154;-57.742923736572266;
2431057692.3088717;-54.521377563476562;
2431217948.7191281;-53.683292388916016;
2431378205.1293845;-52.217628479003906;
2431538461.5396409;-50.382560729980469;
2431698717.9498973;-48.548397064208984;
2431858974.3601537;-47.333751678466797;
2432019230.7704101;-45.974205017089844;
2432179487.1806664;-44.429943084716797;
2432339743.5909228;-43.449043273925781;
2432500000.0011792;-40.778675079345703;
2432660256.4114356;-40.338058471679688;
2432820512.8216925;-38.826377868652344;
2432980769.2319489;-38.348957061767578;
2433141025.6422052;-36.374164581298828;
2433301282.0524616;-35.643997192382813;
2433461538.462718;-34.792839050292969;
2433621794.8729744;-34.154441833496094;
2433782051.2832308;-33.524654388427734;
2433942307.6934872;-32.863742828369141;
2434102564.1037436;-32.496498107910156;
2434262820.5139999;-32.463733673095703;
2434423076.9242563;-32.280586242675781;
2434583333.3345127;-32.472736358642578;
2434743589.7447691;-32.529506683349609;
2434903846.1550255;-33.172325134277344;
2435064102.5652819;-33.466571807861328;
2435224358.9755383;-34.353019714355469;
2435384615.3857946;-34.665382385253906;
2435544871.796051;-36.133003234863281;
2435705128.2063074;-36.891197204589844;
2435865384.6165643;-38.112751007080078;
2436025641.0268207;-38.921920776367188;
2436185897.437077;-40.048946380615234;
2436346153.8473334;-41.658870697021484;
2436506410.2575898;-43.030647277832031;
2436666666.6678462;-44.156852722167969;
2436826923.0781026;-45.322956085205078;
2436987179.488359;-46.554019927978516;
2437147435.8986154;-48.352703094482422;
2437307692.3088717;-49.940753936767578;
2437467948.7191281;-50.846260070800781;
2437628205.1293845;-52.401084899902344;
2437788461.5396409;-53.235260009765625;
2437948717.9498973;-55.486415863037109;
2438108974.3601537;-56.441875457763672;
2438269230.7704101;-57.988166809082031;
2438429487.1806664;-58.77508544921875;
2438589743.5909228;-60.397701263427734;
2438750000.0011792;-61.794677734375;
2438910256.4114356;-63.596817016601563;
2439070512.8216925;-64.302574157714844;
2439230769.2319489;-65.902366638183594;
2439391025.6422052;-66.835624694824219;
2439551282.0524616;-69.222389221191406;
2439711538.462718;-70.329849243164063;
2439871794.8729744;-72.07452392578125;
2440032051.2832308;-73.086517333984375;
2440192307.6934872;-74.8681640625;
2440352564.1037436;-76.870330810546875;
2440512820.5139999;-78.737693786621094;
2440673076.9242563;-79.97705078125;
2440833333.3345127;-81.451622009277344;
2440993589.7447691;-82.528694152832031;
2441153846.1550255;-83.955718994140625;
2441314102.5652819;-84.541412353515625;
2441474358.9755383;-84.985519409179688;
2441634615.3857946;-85.203018188476562;
2441794871.796051;-85.421966552734375;
2441955128.2063074;-85.551773071289063;
2442115384.6165643;-85.660362243652344;
2442275641.0268207;-85.710334777832031;
2442435897.437077;-85.712265014648437;
2442596153.8473334;-85.725761413574219;
2442756410.2575898;-85.710334777832031;
2442916666.6678462;-85.710334777832031;
2443076923.0781026;-85.727684020996094;
2443237179.488359;-85.772209167480469;
2443397435.8986154;-85.7296142578125;
2443557692.3088717;-85.698768615722656;
2443717948.7191281;-85.646949768066406;
2443878205.1293845;-85.648887634277344;
2444038461.5396409;-85.665298461914063;
2444198717.9498973;-85.625961303710938;
2444358974.3601537;-85.587875366210938;
2444519230.7704101;-85.633438110351563;
2444679487.1806664;-85.727684020996094;
2444839743.5909228;-85.717979431152344;
2445000000.0011792;-85.625595092773438;
2445160256.4114356;-85.739280700683594;
2445320512.8216925;-85.685302734375;
2445480769.2319489;-85.733489990234375;
2445641025.6422052;-85.772193908691406;
2445801282.0524616;-85.826713562011719;
2445961538.462718;-85.820854187011719;
2446121794.8729744;-85.811111450195313;
2446282051.2832308;-85.83453369140625;
2446442307.6934872;-85.82281494140625;
2446602564.1037436;-85.820854187011719;
2446762820.5139999;-85.811103820800781;
2446923076.9242563;-85.820854187011719;
2447083333.3345127;-85.504623413085938;
2447243589.7447691;-81.735237121582031;
2447403846.1550255;-81.947441101074219;
2447564102.5652819;-84.658134460449219;
2447724358.9755383;-85.508110046386719;
2447884615.3857946;-85.754096984863281;
2448044871.796051;-85.809150695800781;
2448205128.2063074;-85.814987182617188;
2448365384.6165643;-85.81500244140625;
2448525641.0268207;-85.815010070800781;
2448685897.437077;-85.809150695800781;
2448846153.8473334;-85.822807312011719;
2449006410.2575898;-85.789680480957031;
2449166666.6678462;-85.797470092773438;
2449326923.0781026;-85.805221557617188;
2449487179.488359;-85.57257080078125;
2449647435.8986154;-84.045295715332031;
2449807692.3088717;-84.713111877441406;
2449967948.7191281;-85.517250061035156;
2450128205.1293845;-85.739158630371094;
2450288461.5396409;-85.82672119140625;
2450448717.9498973;-85.850173950195313;
2450608974.3601537;-85.834526062011719;
2450769230.7704101;-85.809158325195313;
2450929487.1806664;-85.807205200195313;
2451089743.5909228;-85.735397338867188;
2451250000.0011792;-85.772140502929687;
2451410256.4114356;-85.805259704589844;
2451570512.8216925;-85.842323303222656;
2451730769.2319489;-85.822731018066406;
2451891025.6422052;-85.81695556640625;
2452051282.0524616;-85.81695556640625;
2452211538.462718;-85.830619812011719;
2452371794.8729744;-85.807182312011719;
2452532051.2832308;-85.772193908691406;
2452692307.6934872;-85.81890869140625;
2452852564.1037436;-85.81890869140625;
2453012820.5139999;-85.811103820800781;
2453173076.9242563;-85.811103820800781;
2453333333.3345127;-85.818038940429687;
2453493589.7447691;-85.7117919921875;
2453653846.1550255;-85.544273376464844;
2453814102.5652819;-85.499053955078125;
2453974358.9755383;-85.376914978027344;
2454134615.3857946;-85.725570678710938;
2454294871.796051;-85.80914306640625;
2454455128.2063074;-85.828666687011719;
2454615384.6165643;-85.815010070800781;
2454775641.0268207;-85.834518432617188;
2454935897.437077;-85.87957763671875;
2455096153.8473334;-85.857978820800781;
2455256410.2575898;-85.8658447265625;
2455416666.6678462;-85.81793212890625;
2455576923.0781026;-85.690826416015625;
2455737179.488359;-85.842353820800781;
2455897435.8986154;-85.858016967773438;
2456057692.3088717;-85.83843994140625;
2456217948.7191281;-85.836463928222656;
2456378205.1293845;-85.869773864746094;
2456538461.5396409;-85.803306579589844;
2456698717.9498973;-85.760536193847656;
2456858974.3601537;-85.696853637695313;
2457019230.7704101;-85.714179992675781;
2457179487.1806664;-85.727691650390625;
2457339743.5909228;-85.737350463867188;
2457500000.0011792;-85.710319519042969;
2457660256.4114356;-85.716110229492188;
2457820512.8216925;-85.772117614746094;
2457980769.2319489;-85.832557678222656;
2458141025.6422052;-85.907150268554688;
2458301282.0524616;-85.901237487792969;
2458461538.462718;-85.897293090820313;
2458621794.8729744;-85.897239685058594;
2458782051.2832308;-85.81695556640625;
2458942307.6934872;-85.779953002929688;
2459102564.1037436;-85.809112548828125;
2459262820.5139999;-85.848228454589844;
2459423076.9242563;-85.828659057617188;
2459583333.3345127;-85.822807312011719;
2459743589.7447691;-85.83648681640625;
2459903846.1550255;-85.846267700195313;
2460064102.5652819;-85.84039306640625;
2460224358.9755383;-85.826713562011719;
2460384615.3857946;-85.848220825195313;
2460544871.796051;-85.801315307617188;
2460705128.2063074;-85.82867431640625;
2460865384.6165643;-85.850173950195313;
2461025641.0268207;-85.84429931640625;
2461185897.437077;-85.824752807617188;
2461346153.8473334;-85.842353820800781;
2461506410.2575898;-85.83062744140625;
2461666666.6678462;-85.877609252929688;
2461826923.0781026;-85.881561279296875;
2461987179.488359;-85.901237487792969;
2462147435.8986154;-85.857986450195313;
2462307692.3088717;-85.85015869140625;
2462467948.7191281;-85.909126281738281;
2462628205.1293845;-85.909126281738281;
2462788461.5396409;-85.905174255371094;
2462948717.9498973;-85.924896240234375;
2463108974.3601537;-85.9031982421875;
2463269230.7704101;-85.917007446289062;
2463429487.1806664;-85.907150268554688;
2463589743.5909228;-85.918983459472656;
2463750000.0011792;-85.877616882324219;
2463910256.4114356;-85.924888610839844;
2464070512.8216925;-85.903190612792969;
2464230769.2319489;-85.899269104003906;
2464391025.6422052;-85.887458801269531;
2464551282.0524616;-85.905166625976563;
2464711538.462718;-85.907150268554688;
2464871794.8729744;-85.911064147949219;
2465032051.2832308;-85.89727783203125;
2465192307.6934872;-85.889419555664063;
2465352564.1037436;-85.844306945800781;
2465512820.5139999;-85.83843994140625;
2465673076.9242563;-85.895317077636719;
2465833333.3345127;-85.899261474609375;
2465993589.7447691;-85.9031982421875;
2466153846.1550255;-85.899208068847656;
2466314102.5652819;-85.928817749023438;
2466474358.9755383;-85.901237487792969;
2466634615.3857946;-85.905166625976563;
2466794871.796051;-85.917007446289062;
2466955128.2063074;-85.873672485351563;
2467115384.6165643;-85.924896240234375;
2467275641.0268207;-85.903205871582031;
2467435897.437077;-85.917015075683594;
2467596153.8473334;-85.905181884765625;
2467756410.2575898;-85.913063049316406;
2467916666.6678462;-85.907142639160156;
2468076923.0781026;-85.901229858398438;
2468237179.488359;-85.917007446289062;
2468397435.8986154;-85.905174255371094;
2468557692.3088717;-85.899253845214844;
2468717948.7191281;-85.883529663085937;
2468878205.1293845;-85.87567138671875;
2469038461.5396409;-85.881561279296875;
2469198717.9498973;-85.924903869628906;
2469358974.3601537;-85.94268798828125;
2469519230.7704101;-85.901237487792969;
2469679487.1806664;-85.90911865234375;
2469839743.5909228;-85.885482788085938;
2470000000.0011792;-85.856056213378906;
2470160256.4114356;-85.830619812011719;
2470320512.8216925;-85.809127807617188;
2470480769.2319489;-85.826576232910156;
2470641025.6422052;-85.893295288085938;
2470801282.0524616;-85.846260070800781;
2470961538.462718;-85.84222412109375;
2471121794.8729744;-85.840339660644531;
2471282051.2832308;-85.875663757324219;
2471442307.6934872;-85.783782958984375;
2471602564.1037436;-85.881523132324219;
2471762820.5139999;-85.75836181640625;
2471923076.9242563;-85.838432312011719;
2472083333.3345127;-85.681198120117188;
2472243589.7447691;-85.770256042480469;
2472403846.1550255;-85.633094787597656;
2472564102.5652819;-85.805191040039063;
2472724358.9755383;-85.554183959960938;
2472884615.3857946;-85.696632385253906;
2473044871.796051;-85.542854309082031;
2473205128.2063074;-85.748764038085938;
2473365384.6165643;-85.550979614257812;
2473525641.0268207;-85.728172302246094;
2473685897.437077;-85.420425415039062;
2473846153.8473334;-85.560295104980469;
2474006410.2575898;-85.590194702148438;
2474166666.6678462;-85.698493957519531;
2474326923.0781026;-85.620513916015625;
2474487179.488359;-85.723587036132813;
2474647435.8986154;-85.645362854003906;
2474807692.3088717;-85.719444274902344;
2474967948.7191281;-85.684585571289063;
2475128205.1293845;-85.750762939453125;
2475288461.5396409;-85.652252197265625;
2475448717.9498973;-85.7701416015625;
2475608974.3601537;-85.706390380859375;
2475769230.7704101;-85.816932678222656;
2475929487.1806664;-85.677543640136719;
2476089743.5909228;-85.779914855957031;
2476250000.0011792;-85.692924499511719;
2476410256.4114356;-85.772193908691406;
2476570512.8216925;-85.721885681152344;
2476730769.2319489;-85.795486450195313;
2476891025.6422052;-85.716117858886719;
2477051282.0524616;-85.70648193359375;
2477211538.462718;-85.633598327636719;
2477371794.8729744;-85.702568054199219;
2477532051.2832308;-85.687210083007813;
2477692307.6934872;-85.708412170410156;
2477852564.1037436;-85.700706481933594;
2478012820.5139999;-85.727691650390625;
2478173076.9242563;-85.673744201660156;
2478333333.3345127;-85.702606201171875;
2478493589.7447691;-85.714187622070313;
2478653846.1550255;-85.725746154785156;
2478814102.5652819;-85.708404541015625;
2478974358.9755383;-85.723823547363281;
2479134615.3857946;-85.753379821777344;
2479294871.796051;-85.761009216308594;
2479455128.2063074;-85.7733154296875;
2479615384.6165643;-85.805259704589844;
2479775641.0268207;-85.846267700195313;
2479935897.437077;-85.856056213378906;
2480096153.8473334;-85.836471557617188;
2480256410.2575898;-85.830604553222656;
2480416666.6678462;-85.871742248535156;
2480576923.0781026;-85.82476806640625;
2480737179.488359;-85.826713562011719;
2480897435.8986154;-85.824760437011719;
2481057692.3088717;-85.861900329589844;
2481217948.7191281;-85.877632141113281;
2481378205.1293845;-85.885475158691406;
2481538461.5396409;-85.913063049316406;
2481698717.9498973;-85.917007446289062;
2481858974.3601537;-85.90911865234375;
2482019230.7704101;-85.926872253417969;
2482179487.1806664;-85.909126281738281;
2482339743.5909228;-85.905174255371094;
2482500000.0011792;-85.907150268554688;
2482660256.4114356;-85.918983459472656;
2482820512.8216925;-85.907150268554688;
2482980769.2319489;-85.883514404296875;
2483141025.6422052;-85.920951843261719;
2483301282.0524616;-85.928855895996094;
2483461538.462718;-85.911094665527344;
2483621794.8729744;-85.922935485839844;
2483782051.2832308;-85.913063049316406;
2483942307.6934872;-85.918975830078125;
2484102564.1037436;-85.887458801269531;
2484262820.5139999;-85.913047790527344;
