Type;ESU;
Version;4.43;
Date;03.Jun 16;
Mode;ANALYZER;
Center Freq;2434262820.514000;Hz
Freq Offset;0.000000;Hz
Span;100000000.000000;Hz
x-Axis;LIN;
Start;2384262820.514000;Hz
Stop;2484262820.514000;Hz
Ref Level;-9.000000;dBm
Level Offset;0.000000;dB
Ref Position;100.000000;%
y-Axis;LOG;
Level Range;100.000000;dB
Rf Att;5.000000;dB
RBW;2000000.000000;Hz
VBW;50.000000;Hz
SWT;2.500000;s
Trace Mode;CLR/WRITE;
Detector;RMS;
Sweep Count;0;
Trace 1:;;
x-Unit;Hz;
y-Unit;dBm;
Values;625;
2384262820.5139999;-85.722251892089844;
2384423076.9242563;-85.737350463867188;
2384583333.3345127;-85.718032836914063;
2384743589.7447691;-85.768325805664062;
2384903846.1550255;-85.685295104980469;
2385064102.5652819;-85.716110229492188;
2385224358.9755383;-85.7103271484375;
2385384615.3857946;-85.714179992675781;
2385544871.796051;-85.702613830566406;
2385705128.2063074;-85.719970703125;
2385865384.6165643;-85.6929931640625;
2386025641.0268207;-85.712257385253906;
2386185897.437077;-85.698776245117188;
2386346153.8473334;-85.691032409667969;
2386506410.2575898;-85.652725219726563;
2386666666.6678462;-85.714134216308594;
2386826923.0781026;-85.675712585449219;
2386987179.488359;-85.694915771484375;
2387147435.8986154;-85.669929504394531;
2387307692.3088717;-85.68914794921875;
2387467948.7191281;-85.658424377441406;
2387628205.1293845;-85.694931030273438;
2387788461.5396409;-85.675682067871094;
2387948717.9498973;-85.683403015136719;
2388108974.3601537;-85.675712585449219;
2388269230.7704101;-85.718040466308594;
2388429487.1806664;-85.658218383789063;
2388589743.5909228;-85.70703125;
2388750000.0011792;-85.643081665039063;
2388910256.4114356;-85.691078186035156;
2389070512.8216925;-85.685287475585937;
2389230769.2319489;-85.707763671875;
2389391025.6422052;-85.685043334960938;
2389551282.0524616;-85.70648193359375;
2389711538.462718;-85.667922973632812;
2389871794.8729744;-85.648872375488281;
2390032051.2832308;-85.651390075683594;
2390192307.6934872;-85.536842346191406;
2390352564.1037436;-85.666763305664062;
2390512820.5139999;-85.526100158691406;
2390673076.9242563;-85.622138977050781;
2390833333.3345127;-85.526191711425781;
2390993589.7447691;-85.649948120117188;
2391153846.1550255;-85.534561157226563;
2391314102.5652819;-85.610328674316406;
2391474358.9755383;-85.4473876953125;
2391634615.3857946;-85.511726379394531;
2391794871.796051;-85.425270080566406;
2391955128.2063074;-85.442657470703125;
2392115384.6165643;-85.420791625976563;
2392275641.0268207;-85.335281372070312;
2392435897.437077;-85.478759765625;
2392596153.8473334;-85.230247497558594;
2392756410.2575898;-85.491477966308594;
2392916666.6678462;-85.154594421386719;
2393076923.0781026;-85.456085205078125;
2393237179.488359;-85.001655578613281;
2393397435.8986154;-85.437705993652344;
2393557692.3088717;-85.02001953125;
2393717948.7191281;-85.444137573242188;
2393878205.1293845;-85.121803283691406;
2394038461.5396409;-85.405433654785156;
2394198717.9498973;-85.157814025878906;
2394358974.3601537;-85.441535949707031;
2394519230.7704101;-85.222030639648438;
2394679487.1806664;-85.485847473144531;
2394839743.5909228;-85.551765441894531;
2395000000.0011792;-85.620170593261719;
2395160256.4114356;-85.299407958984375;
2395320512.8216925;-85.531005859375;
2395480769.2319489;-85.377464294433594;
2395641025.6422052;-85.523406982421875;
2395801282.0524616;-85.470466613769531;
2395961538.462718;-85.60498046875;
2396121794.8729744;-85.466949462890625;
2396282051.2832308;-85.606819152832031;
2396442307.6934872;-85.551712036132813;
2396602564.1037436;-85.625946044921875;
2396762820.5139999;-85.5517578125;
2396923076.9242563;-85.608673095703125;
2397083333.3345127;-85.595451354980469;
2397243589.7447691;-85.572494506835938;
2397403846.1550255;-85.585975646972656;
2397564102.5652819;-85.610549926757813;
2397724358.9755383;-85.59356689453125;
2397884615.3857946;-85.602928161621094;
2398044871.796051;-85.614509582519531;
2398205128.2063074;-85.570724487304687;
2398365384.6165643;-85.5992431640625;
2398525641.0268207;-85.639266967773438;
2398685897.437077;-85.633590698242188;
2398846153.8473334;-85.606864929199219;
2399006410.2575898;-85.685302734375;
2399166666.6678462;-85.635368347167969;
2399326923.0781026;-85.570724487304687;
2399487179.488359;-85.6087646484375;
2399647435.8986154;-85.523521423339844;
2399807692.3088717;-85.538589477539062;
2399967948.7191281;-85.572662353515625;
2400128205.1293845;-85.614517211914062;
2400288461.5396409;-85.589752197265625;
2400448717.9498973;-85.561325073242188;
2400608974.3601537;-85.519760131835938;
2400769230.7704101;-85.58404541015625;
2400929487.1806664;-85.597373962402344;
2401089743.5909228;-85.629776000976563;
2401250000.0011792;-85.585945129394531;
2401410256.4114356;-85.624061584472656;
2401570512.8216925;-85.595466613769531;
2401730769.2319489;-85.64697265625;
2401891025.6422052;-85.61260986328125;
2402051282.0524616;-85.606887817382812;
2402211538.462718;-85.599288940429688;
2402371794.8729744;-85.5745849609375;
2402532051.2832308;-85.597312927246094;
2402692307.6934872;-85.648857116699219;
2402852564.1037436;-85.620246887207031;
2403012820.5139999;-85.597625732421875;
2403173076.9242563;-85.578353881835938;
2403333333.3345127;-85.622573852539063;
2403493589.7447691;-85.614524841308594;
2403653846.1550255;-85.608795166015625;
2403814102.5652819;-85.603096008300781;
2403974358.9755383;-85.612602233886719;
2404134615.3857946;-85.572662353515625;
2404294871.796051;-85.656501770019531;
2404455128.2063074;-85.576385498046875;
2404615384.6165643;-85.616416931152344;
2404775641.0268207;-85.589775085449219;
2404935897.437077;-85.610710144042969;
2405096153.8473334;-85.599281311035156;
2405256410.2575898;-85.60308837890625;
2405416666.6678462;-85.629707336425781;
2405576923.0781026;-85.612617492675781;
2405737179.488359;-85.606864929199219;
2405897435.8986154;-85.603080749511719;
2406057692.3088717;-85.595474243164063;
2406217948.7191281;-85.624046325683594;
2406378205.1293845;-85.643135070800781;
2406538461.5396409;-85.646980285644531;
2406698717.9498973;-85.620185852050781;
2406858974.3601537;-85.631675720214844;
2407019230.7704101;-85.643119812011719;
2407179487.1806664;-85.612602233886719;
2407339743.5909228;-85.624031066894531;
2407500000.0011792;-85.629783630371094;
2407660256.4114356;-85.601173400878906;
2407820512.8216925;-85.620246887207031;
2407980769.2319489;-85.614494323730469;
2408141025.6422052;-85.629768371582031;
2408301282.0524616;-85.639328002929688;
2408461538.462718;-85.689163208007813;
2408621794.8729744;-85.650802612304688;
2408782051.2832308;-85.637420654296875;
2408942307.6934872;-85.608810424804688;
2409102564.1037436;-85.637413024902344;
2409262820.5139999;-85.618316650390625;
2409423076.9242563;-85.648895263671875;
2409583333.3345127;-85.5916748046875;
2409743589.7447691;-85.648880004882813;
2409903846.1550255;-85.616409301757812;
2410064102.5652819;-85.620208740234375;
2410224358.9755383;-85.63165283203125;
2410384615.3857946;-85.652618408203125;
2410544871.796051;-85.587814331054687;
2410705128.2063074;-85.603057861328125;
2410865384.6165643;-85.645057678222656;
2411025641.0268207;-85.625961303710938;
2411185897.437077;-85.648895263671875;
2411346153.8473334;-85.589645385742188;
2411506410.2575898;-85.615257263183594;
2411666666.6678462;-85.622146606445313;
2411826923.0781026;-85.652717590332031;
2411987179.488359;-85.616424560546875;
2412147435.8986154;-85.685295104980469;
2412307692.3088717;-85.608642578125;
2412467948.7191281;-85.645011901855469;
2412628205.1293845;-85.639297485351562;
2412788461.5396409;-85.625961303710938;
2412948717.9498973;-85.608787536621094;
2413108974.3601537;-85.631683349609375;
2413269230.7704101;-85.67626953125;
2413429487.1806664;-85.687210083007813;
2413589743.5909228;-85.6297607421875;
2413750000.0011792;-85.660369873046875;
2413910256.4114356;-85.6202392578125;
2414070512.8216925;-85.65460205078125;
2414230769.2319489;-85.696853637695313;
2414391025.6422052;-85.714187622070313;
2414551282.0524616;-85.708404541015625;
2414711538.462718;-85.691085815429687;
2414871794.8729744;-85.654617309570313;
2415032051.2832308;-85.664215087890625;
2415192307.6934872;-85.652717590332031;
2415352564.1037436;-85.633598327636719;
2415512820.5139999;-85.654617309570313;
2415673076.9242563;-85.68914794921875;
2415833333.3345127;-85.687232971191406;
2415993589.7447691;-85.681465148925781;
2416153846.1550255;-85.648895263671875;
2416314102.5652819;-85.629776000976563;
2416474358.9755383;-85.625961303710938;
2416634615.3857946;-85.631690979003906;
2416794871.796051;-85.622154235839844;
2416955128.2063074;-85.629776000976563;
2417115384.6165643;-85.698768615722656;
2417275641.0268207;-85.708412170410156;
2417435897.437077;-85.70648193359375;
2417596153.8473334;-85.694915771484375;
2417756410.2575898;-85.637405395507813;
2417916666.6678462;-85.658470153808594;
2418076923.0781026;-85.691635131835938;
2418237179.488359;-85.696846008300781;
2418397435.8986154;-85.637405395507813;
2418557692.3088717;-85.637405395507813;
2418717948.7191281;-85.691078186035156;
2418878205.1293845;-85.708412170410156;
2419038461.5396409;-85.708412170410156;
2419198717.9498973;-85.716110229492188;
2419358974.3601537;-85.691085815429687;
2419519230.7704101;-85.687240600585938;
2419679487.1806664;-85.702629089355469;
2419839743.5909228;-85.696846008300781;
2420000000.0011792;-85.652694702148438;
2420160256.4114356;-85.62786865234375;
2420320512.8216925;-85.641242980957031;
2420480769.2319489;-85.627876281738281;
2420641025.6422052;-85.631683349609375;
2420801282.0524616;-85.633590698242188;
2420961538.462718;-85.639297485351562;
2421121794.8729744;-85.702621459960937;
2421282051.2832308;-85.685295104980469;
2421442307.6934872;-85.641242980957031;
2421602564.1037436;-85.618247985839844;
2421762820.5139999;-85.603080749511719;
2421923076.9242563;-85.624061584472656;
2422083333.3345127;-85.677627563476562;
2422243589.7447691;-85.709236145019531;
2422403846.1550255;-85.6776123046875;
2422564102.5652819;-85.671882629394531;
2422724358.9755383;-85.650802612304688;
2422884615.3857946;-85.685325622558594;
2423044871.796051;-85.660385131835938;
2423205128.2063074;-85.6297607421875;
2423365384.6165643;-85.62786865234375;
2423525641.0268207;-85.687240600585938;
2423685897.437077;-85.683387756347656;
2423846153.8473334;-85.691070556640625;
2424006410.2575898;-85.685310363769531;
2424166666.6678462;-85.66802978515625;
2424326923.0781026;-85.70263671875;
2424487179.488359;-85.652687072753906;
2424647435.8986154;-85.633598327636719;
2424807692.3088717;-85.622146606445313;
2424967948.7191281;-85.633598327636719;
2425128205.1293845;-85.64697265625;
2425288461.5396409;-85.6527099609375;
2425448717.9498973;-85.637420654296875;
2425608974.3601537;-85.635482788085937;
2425769230.7704101;-85.64697265625;
2425929487.1806664;-85.635513305664063;
2426089743.5909228;-85.624038696289062;
2426250000.0011792;-85.608787536621094;
2426410256.4114356;-85.625961303710938;
2426570512.8216925;-85.557472229003906;
2426730769.2319489;-85.591636657714844;
2426891025.6422052;-85.507514953613281;
2427051282.0524616;-85.459426879882812;
2427211538.462718;-85.343193054199219;
2427371794.8729744;-85.204627990722656;
2427532051.2832308;-84.954383850097656;
2427692307.6934872;-84.757438659667969;
2427852564.1037436;-83.787849426269531;
2428012820.5139999;-83.747116088867187;
2428173076.9242563;-81.951347351074219;
2428333333.3345127;-82.239692687988281;
2428493589.7447691;-79.412376403808594;
2428653846.1550255;-79.183967590332031;
2428814102.5652819;-76.148170471191406;
2428974358.9755383;-74.890052795410156;
2429134615.3857946;-73.055984497070313;
2429294871.796051;-70.825935363769531;
2429455128.2063074;-68.299598693847656;
2429615384.6165643;-66.269989013671875;
2429775641.0268207;-65.503303527832031;
2429935897.437077;-62.19818115234375;
2430096153.8473334;-61.770713806152344;
2430256410.2575898;-58.081336975097656;
2430416666.6678462;-58.170303344726563;
2430576923.0781026;-55.064964294433594;
2430737179.488359;-53.490478515625;
2430897435.8986154;-53.241550445556641;
2431057692.3088717;-49.31951904296875;
2431217948.7191281;-49.488437652587891;
2431378205.1293845;-46.653724670410156;
2431538461.5396409;-46.98492431640625;
2431698717.9498973;-43.597812652587891;
2431858974.3601537;-42.950180053710938;
2432019230.7704101;-40.578090667724609;
2432179487.1806664;-40.105571746826172;
2432339743.5909228;-38.476737976074219;
2432500000.0011792;-37.652656555175781;
2432660256.4114356;-35.166965484619141;
2432820512.8216925;-34.834949493408203;
2432980769.2319489;-33.26556396484375;
2433141025.6422052;-32.730972290039062;
2433301282.0524616;-31.496419906616211;
2433461538.462718;-30.506141662597656;
2433621794.8729744;-29.770853042602539;
2433782051.2832308;-29.337799072265625;
2433942307.6934872;-28.97111701965332;
2434102564.1037436;-28.569589614868164;
2434262820.5139999;-28.401615142822266;
2434423076.9242563;-28.482650756835938;
2434583333.3345127;-28.640947341918945;
2434743589.7447691;-28.847969055175781;
2434903846.1550255;-29.51093864440918;
2435064102.5652819;-30.147224426269531;
2435224358.9755383;-30.931175231933594;
2435384615.3857946;-31.61701774597168;
2435544871.796051;-32.555782318115234;
2435705128.2063074;-33.603443145751953;
2435865384.6165643;-35.251205444335938;
2436025641.0268207;-35.925506591796875;
2436185897.437077;-37.588962554931641;
2436346153.8473334;-38.141208648681641;
2436506410.2575898;-40.048683166503906;
2436666666.6678462;-41.432201385498047;
2436826923.0781026;-42.787750244140625;
2436987179.488359;-43.704925537109375;
2437147435.8986154;-44.880226135253906;
2437307692.3088717;-46.5728759765625;
2437467948.7191281;-48.127864837646484;
2437628205.1293845;-49.357101440429688;
2437788461.5396409;-50.452213287353516;
2437948717.9498973;-51.565357208251953;
2438108974.3601537;-52.974773406982422;
2438269230.7704101;-54.754894256591797;
2438429487.1806664;-55.91839599609375;
2438589743.5909228;-57.152713775634766;
2438750000.0011792;-58.394367218017578;
2438910256.4114356;-59.673591613769531;
2439070512.8216925;-61.698184967041016;
2439230769.2319489;-62.717193603515625;
2439391025.6422052;-64.276641845703125;
2439551282.0524616;-65.226837158203125;
2439711538.462718;-67.245147705078125;
2439871794.8729744;-69.123870849609375;
2440032051.2832308;-70.588050842285156;
2440192307.6934872;-72.672126770019531;
2440352564.1037436;-73.91473388671875;
2440512820.5139999;-75.785919189453125;
2440673076.9242563;-78.331550598144531;
2440833333.3345127;-79.73272705078125;
2440993589.7447691;-81.134178161621094;
2441153846.1550255;-82.178977966308594;
2441314102.5652819;-83.557823181152344;
2441474358.9755383;-84.448051452636719;
2441634615.3857946;-84.890602111816406;
2441794871.796051;-85.159622192382812;
2441955128.2063074;-85.322052001953125;
2442115384.6165643;-85.504470825195313;
2442275641.0268207;-85.678451538085938;
2442435897.437077;-85.702621459960937;
2442596153.8473334;-85.704551696777344;
2442756410.2575898;-85.704559326171875;
2442916666.6678462;-85.687225341796875;
2443076923.0781026;-85.700691223144531;
2443237179.488359;-85.706459045410156;
2443397435.8986154;-85.737327575683594;
2443557692.3088717;-85.778030395507813;
2443717948.7191281;-85.811103820800781;
2443878205.1293845;-85.737319946289063;
2444038461.5396409;-85.731552124023438;
2444198717.9498973;-85.717910766601563;
2444358974.3601537;-85.633583068847656;
2444519230.7704101;-85.708389282226563;
2444679487.1806664;-84.953971862792969;
2444839743.5909228;-84.274017333984375;
2445000000.0011792;-84.774322509765625;
2445160256.4114356;-85.473960876464844;
2445320512.8216925;-85.227821350097656;
2445480769.2319489;-85.330230712890625;
2445641025.6422052;-85.422737121582031;
2445801282.0524616;-85.650802612304688;
2445961538.462718;-85.678375244140625;
2446121794.8729744;-85.321220397949219;
2446282051.2832308;-85.376602172851563;
2446442307.6934872;-85.681388854980469;
2446602564.1037436;-85.743141174316406;
2446762820.5139999;-85.793563842773438;
2446923076.9242563;-85.816963195800781;
2447083333.3345127;-85.783843994140625;
2447243589.7447691;-85.789665222167969;
2447403846.1550255;-85.809158325195313;
2447564102.5652819;-85.766357421875;
2447724358.9755383;-85.803306579589844;
2447884615.3857946;-85.72381591796875;
2448044871.796051;-85.758636474609375;
2448205128.2063074;-85.756698608398437;
2448365384.6165643;-85.712150573730469;
2448525641.0268207;-85.745010375976563;
2448685897.437077;-85.834518432617188;
2448846153.8473334;-85.805267333984375;
2449006410.2575898;-85.803314208984375;
2449166666.6678462;-85.803298950195313;
2449326923.0781026;-85.830604553222656;
2449487179.488359;-85.805885314941406;
2449647435.8986154;-85.760025024414062;
2449807692.3088717;-85.797210693359375;
2449967948.7191281;-85.803314208984375;
2450128205.1293845;-85.754676818847656;
2450288461.5396409;-85.723831176757813;
2450448717.9498973;-85.783828735351563;
2450608974.3601537;-85.785804748535156;
2450769230.7704101;-85.814987182617188;
2450929487.1806664;-85.80914306640625;
2451089743.5909228;-85.826713562011719;
2451250000.0011792;-85.813056945800781;
2451410256.4114356;-85.826705932617188;
2451570512.8216925;-85.824760437011719;
2451730769.2319489;-85.789665222167969;
2451891025.6422052;-85.785804748535156;
2452051282.0524616;-85.801353454589844;
2452211538.462718;-85.737350463867188;
2452371794.8729744;-85.700645446777344;
2452532051.2832308;-85.604949951171875;
2452692307.6934872;-85.739265441894531;
2452852564.1037436;-85.75848388671875;
2453012820.5139999;-85.343055725097656;
2453173076.9242563;-85.652595520019531;
2453333333.3345127;-85.68914794921875;
2453493589.7447691;-85.77606201171875;
2453653846.1550255;-85.72955322265625;
2453814102.5652819;-85.718040466308594;
2453974358.9755383;-85.75274658203125;
2454134615.3857946;-85.813034057617188;
2454294871.796051;-85.735305786132813;
2454455128.2063074;-85.81695556640625;
2454615384.6165643;-85.716018676757813;
2454775641.0268207;-85.739273071289063;
2454935897.437077;-85.700546264648438;
2455096153.8473334;-85.7392578125;
2455256410.2575898;-85.774070739746094;
2455416666.6678462;-85.816871643066406;
2455576923.0781026;-85.793563842773438;
2455737179.488359;-85.402786254882812;
2455897435.8986154;-85.171394348144531;
2456057692.3088717;-85.642402648925781;
2456217948.7191281;-85.81695556640625;
2456378205.1293845;-85.834518432617188;
2456538461.5396409;-85.653640747070313;
2456698717.9498973;-85.625625610351563;
2456858974.3601537;-85.791580200195313;
2457019230.7704101;-85.828414916992188;
2457179487.1806664;-83.470130920410156;
2457339743.5909228;-84.491432189941406;
2457500000.0011792;-85.413276672363281;
2457660256.4114356;-85.775909423828125;
2457820512.8216925;-85.768318176269531;
2457980769.2319489;-85.816963195800781;
2458141025.6422052;-85.785774230957031;
2458301282.0524616;-85.834518432617188;
2458461538.462718;-85.836456298828125;
2458621794.8729744;-85.828666687011719;
2458782051.2832308;-85.803291320800781;
2458942307.6934872;-85.816940307617188;
2459102564.1037436;-85.820823669433594;
2459262820.5139999;-85.87762451171875;
2459423076.9242563;-85.822799682617188;
2459583333.3345127;-85.756675720214844;
2459743589.7447691;-85.719894409179687;
2459903846.1550255;-85.850135803222656;
2460064102.5652819;-85.805213928222656;
2460224358.9755383;-85.834526062011719;
2460384615.3857946;-85.901229858398438;
2460544871.796051;-85.891365051269531;
2460705128.2063074;-85.822792053222656;
2460865384.6165643;-85.82086181640625;
2461025641.0268207;-85.830619812011719;
2461185897.437077;-85.840385437011719;
2461346153.8473334;-85.859954833984375;
2461506410.2575898;-85.826713562011719;
2461666666.6678462;-85.820854187011719;
2461826923.0781026;-85.854103088378906;
2461987179.488359;-85.865859985351563;
2462147435.8986154;-85.873710632324219;
2462307692.3088717;-85.863876342773438;
2462467948.7191281;-85.901229858398438;
2462628205.1293845;-85.865859985351563;
2462788461.5396409;-85.907142639160156;
2462948717.9498973;-85.844276428222656;
2463108974.3601537;-85.8717041015625;
2463269230.7704101;-85.865806579589844;
2463429487.1806664;-85.856056213378906;
2463589743.5909228;-85.915023803710938;
2463750000.0011792;-85.940711975097656;
2463910256.4114356;-85.891365051269531;
2464070512.8216925;-85.918952941894531;
2464230769.2319489;-85.879592895507813;
2464391025.6422052;-85.885498046875;
2464551282.0524616;-85.838424682617187;
2464711538.462718;-85.891380310058594;
2464871794.8729744;-85.875633239746094;
2465032051.2832308;-85.928840637207031;
2465192307.6934872;-85.863861083984375;
2465352564.1037436;-85.918960571289063;
2465512820.5139999;-85.897300720214844;
2465673076.9242563;-85.918983459472656;
2465833333.3345127;-85.911094665527344;
2465993589.7447691;-85.836471557617188;
2466153846.1550255;-85.869781494140625;
2466314102.5652819;-85.869781494140625;
2466474358.9755383;-85.905166625976563;
2466634615.3857946;-85.848197937011719;
2466794871.796051;-85.907127380371094;
2466955128.2063074;-85.822807312011719;
2467115384.6165643;-85.861930847167969;
2467275641.0268207;-85.826683044433594;
2467435897.437077;-85.899246215820313;
2467596153.8473334;-85.854042053222656;
2467756410.2575898;-85.899261474609375;
2467916666.6678462;-85.828651428222656;
2468076923.0781026;-85.89727783203125;
2468237179.488359;-85.816940307617188;
2468397435.8986154;-85.865737915039063;
2468557692.3088717;-85.867698669433594;
2468717948.7191281;-85.855850219726563;
2468878205.1293845;-85.867805480957031;
2469038461.5396409;-85.861747741699219;
2469198717.9498973;-85.880409240722656;
2469358974.3601537;-85.852554321289063;
2469519230.7704101;-85.873672485351563;
2469679487.1806664;-85.838478088378906;
2469839743.5909228;-85.813323974609375;
2470000000.0011792;-85.781784057617188;
2470160256.4114356;-85.83453369140625;
2470320512.8216925;-85.727157592773438;
2470480769.2319489;-85.783721923828125;
2470641025.6422052;-85.887443542480469;
2470801282.0524616;-85.87567138671875;
2470961538.462718;-85.7786865234375;
2471121794.8729744;-85.719596862792969;
2471282051.2832308;-85.662757873535156;
2471442307.6934872;-85.723678588867188;
2471602564.1037436;-85.645469665527344;
2471762820.5139999;-85.737007141113281;
2471923076.9242563;-85.48846435546875;
2472083333.3345127;-85.692771911621094;
2472243589.7447691;-85.349945068359375;
2472403846.1550255;-85.698600769042969;
2472564102.5652819;-85.188323974609375;
2472724358.9755383;-85.579833984375;
2472884615.3857946;-85.050209045410156;
2473044871.796051;-85.364875793457031;
2473205128.2063074;-85.23162841796875;
2473365384.6165643;-85.638442993164062;
2473525641.0268207;-85.050201416015625;
2473685897.437077;-85.507087707519531;
2473846153.8473334;-85.484352111816406;
2474006410.2575898;-84.90423583984375;
2474166666.6678462;-85.533096313476563;
2474326923.0781026;-85.249671936035156;
2474487179.488359;-85.49566650390625;
2474647435.8986154;-85.5582275390625;
2474807692.3088717;-85.449760437011719;
2474967948.7191281;-85.586936950683594;
2475128205.1293845;-85.656333923339844;
2475288461.5396409;-85.420913696289062;
2475448717.9498973;-85.716018676757813;
2475608974.3601537;-85.464714050292969;
2475769230.7704101;-85.708168029785156;
2475929487.1806664;-85.612297058105469;
2476089743.5909228;-85.721527099609375;
2476250000.0011792;-85.656234741210938;
2476410256.4114356;-85.6966552734375;
2476570512.8216925;-85.606742858886719;
2476730769.2319489;-85.691627502441406;
2476891025.6422052;-85.563011169433594;
2477051282.0524616;-85.601066589355469;
2477211538.462718;-85.606498718261719;
2477371794.8729744;-85.616432189941406;
2477532051.2832308;-85.593452453613281;
2477692307.6934872;-85.689125061035156;
2477852564.1037436;-85.623870849609375;
2478012820.5139999;-85.716117858886719;
2478173076.9242563;-85.650726318359375;
2478333333.3345127;-85.6929931640625;
2478493589.7447691;-85.650779724121094;
2478653846.1550255;-85.714179992675781;
2478814102.5652819;-85.702537536621094;
2478974358.9755383;-85.840370178222656;
2479134615.3857946;-85.789657592773438;
2479294871.796051;-85.795516967773438;
2479455128.2063074;-85.725761413574219;
2479615384.6165643;-85.781883239746094;
2479775641.0268207;-85.735397338867188;
2479935897.437077;-85.826690673828125;
2480096153.8473334;-85.832550048828125;
2480256410.2575898;-85.859939575195313;
2480416666.6678462;-85.865821838378906;
2480576923.0781026;-85.854019165039063;
2480737179.488359;-85.80718994140625;
2480897435.8986154;-85.803306579589844;
2481057692.3088717;-85.846176147460938;
2481217948.7191281;-85.902908325195313;
2481378205.1293845;-85.840599060058594;
2481538461.5396409;-85.882652282714844;
2481698717.9498973;-85.877571105957031;
2481858974.3601537;-85.891365051269531;
2482019230.7704101;-85.854095458984375;
2482179487.1806664;-85.897300720214844;
2482339743.5909228;-85.909126281738281;
2482500000.0011792;-85.865760803222656;
2482660256.4114356;-85.840377807617188;
2482820512.8216925;-85.850143432617188;
2482980769.2319489;-85.854095458984375;
2483141025.6422052;-85.883514404296875;
2483301282.0524616;-85.9031982421875;
2483461538.462718;-85.895309448242188;
2483621794.8729744;-85.922904968261719;
2483782051.2832308;-85.8638916015625;
2483942307.6934872;-85.911094665527344;
2484102564.1037436;-85.883514404296875;
2484262820.5139999;-85.924903869628906;
