Type;ESU;
Version;4.43;
Date;03.Jun 16;
Mode;ANALYZER;
Center Freq;2434262820.514000;Hz
Freq Offset;0.000000;Hz
Span;100000000.000000;Hz
x-Axis;LIN;
Start;2384262820.514000;Hz
Stop;2484262820.514000;Hz
Ref Level;-9.000000;dBm
Level Offset;0.000000;dB
Ref Position;100.000000;%
y-Axis;LOG;
Level Range;100.000000;dB
Rf Att;5.000000;dB
RBW;2000000.000000;Hz
VBW;50.000000;Hz
SWT;2.500000;s
Trace Mode;CLR/WRITE;
Detector;RMS;
Sweep Count;0;
Trace 1:;;
x-Unit;Hz;
y-Unit;dBm;
Values;625;
2384262820.5139999;-85.704025268554688;
2384423076.9242563;-85.700691223144531;
2384583333.3345127;-85.7412109375;
2384743589.7447691;-85.706459045410156;
2384903846.1550255;-85.679527282714844;
2385064102.5652819;-85.645057678222656;
2385224358.9755383;-85.692985534667969;
2385384615.3857946;-85.691085815429687;
2385544871.796051;-85.687225341796875;
2385705128.2063074;-85.691085815429687;
2385865384.6165643;-85.691078186035156;
2386025641.0268207;-85.721893310546875;
2386185897.437077;-85.65264892578125;
2386346153.8473334;-85.687156677246094;
2386506410.2575898;-85.687217712402344;
2386666666.6678462;-85.745079040527344;
2386826923.0781026;-85.669883728027344;
2386987179.488359;-85.70648193359375;
2387147435.8986154;-85.629753112792969;
2387307692.3088717;-85.669937133789063;
2387467948.7191281;-85.692939758300781;
2387628205.1293845;-85.677536010742187;
2387788461.5396409;-85.650802612304688;
2387948717.9498973;-85.625839233398438;
2388108974.3601537;-85.696823120117187;
2388269230.7704101;-85.6219482421875;
2388429487.1806664;-85.704513549804688;
2388589743.5909228;-85.604774475097656;
2388750000.0011792;-85.63165283203125;
2388910256.4114356;-85.532737731933594;
2389070512.8216925;-85.600784301757812;
2389230769.2319489;-85.542167663574219;
2389391025.6422052;-85.570037841796875;
2389551282.0524616;-85.572555541992188;
2389711538.462718;-85.516632080078125;
2389871794.8729744;-85.497001647949219;
2390032051.2832308;-85.44110107421875;
2390192307.6934872;-85.493125915527344;
2390352564.1037436;-85.407699584960938;
2390512820.5139999;-85.54779052734375;
2390673076.9242563;-85.329841613769531;
2390833333.3345127;-85.55169677734375;
2390993589.7447691;-85.213020324707031;
2391153846.1550255;-85.459815979003906;
2391314102.5652819;-85.254295349121094;
2391474358.9755383;-85.388229370117188;
2391634615.3857946;-85.348854064941406;
2391794871.796051;-85.240028381347656;
2391955128.2063074;-85.358352661132812;
2392115384.6165643;-85.183547973632812;
2392275641.0268207;-85.434883117675781;
2392435897.437077;-85.204109191894531;
2392596153.8473334;-85.460533142089844;
2392756410.2575898;-85.300682067871094;
2392916666.6678462;-85.43365478515625;
2393076923.0781026;-85.384414672851563;
2393237179.488359;-85.467971801757813;
2393397435.8986154;-85.527069091796875;
2393557692.3088717;-85.445205688476563;
2393717948.7191281;-85.530891418457031;
2393878205.1293845;-85.526878356933594;
2394038461.5396409;-85.606834411621094;
2394198717.9498973;-85.506011962890625;
2394358974.3601537;-85.580253601074219;
2394519230.7704101;-85.52716064453125;
2394679487.1806664;-85.622085571289063;
2394839743.5909228;-85.542251586914063;
2395000000.0011792;-85.591392517089844;
2395160256.4114356;-85.551765441894531;
2395320512.8216925;-85.555328369140625;
2395480769.2319489;-85.566902160644531;
2395641025.6422052;-85.551559448242187;
2395801282.0524616;-85.584007263183594;
2395961538.462718;-85.546012878417969;
2396121794.8729744;-85.574569702148438;
2396282051.2832308;-85.547927856445312;
2396442307.6934872;-85.633590698242188;
2396602564.1037436;-85.57269287109375;
2396762820.5139999;-85.599266052246094;
2396923076.9242563;-85.576431274414063;
2397083333.3345127;-85.589752197265625;
2397243589.7447691;-85.6087646484375;
2397403846.1550255;-85.608726501464844;
2397564102.5652819;-85.578353881835938;
2397724358.9755383;-85.559333801269531;
2397884615.3857946;-85.572639465332031;
2398044871.796051;-85.576400756835938;
2398205128.2063074;-85.60498046875;
2398365384.6165643;-85.55560302734375;
2398525641.0268207;-85.622154235839844;
2398685897.437077;-85.582176208496094;
2398846153.8473334;-85.629745483398438;
2399006410.2575898;-85.555618286132813;
2399166666.6678462;-85.599250793457031;
2399326923.0781026;-85.599250793457031;
2399487179.488359;-85.599266052246094;
2399647435.8986154;-85.553741455078125;
2399807692.3088717;-85.603065490722656;
2399967948.7191281;-85.614517211914062;
2400128205.1293845;-85.622146606445313;
2400288461.5396409;-85.637428283691406;
2400448717.9498973;-85.587860107421875;
2400608974.3601537;-85.608795166015625;
2400769230.7704101;-85.576484680175781;
2400929487.1806664;-85.614517211914062;
2401089743.5909228;-85.565116882324219;
2401250000.0011792;-85.597373962402344;
2401410256.4114356;-85.610710144042969;
2401570512.8216925;-85.610694885253906;
2401730769.2319489;-85.608802795410156;
2401891025.6422052;-85.597389221191406;
2402051282.0524616;-85.606346130371094;
2402211538.462718;-85.581939697265625;
2402371794.8729744;-85.615066528320312;
2402532051.2832308;-85.612396240234375;
2402692307.6934872;-85.654319763183594;
2402852564.1037436;-85.625968933105469;
2403012820.5139999;-85.643135070800781;
2403173076.9242563;-85.631690979003906;
2403333333.3345127;-85.631660461425781;
2403493589.7447691;-85.637413024902344;
2403653846.1550255;-85.634437561035156;
2403814102.5652819;-85.645614624023438;
2403974358.9755383;-85.568450927734375;
2404134615.3857946;-85.5992431640625;
2404294871.796051;-85.551795959472656;
2404455128.2063074;-85.604988098144531;
2404615384.6165643;-85.612617492675781;
2404775641.0268207;-85.568878173828125;
2404935897.437077;-85.616432189941406;
2405096153.8473334;-85.585975646972656;
2405256410.2575898;-85.654632568359375;
2405416666.6678462;-85.625946044921875;
2405576923.0781026;-85.664192199707031;
2405737179.488359;-85.629783630371094;
2405897435.8986154;-85.6182861328125;
2406057692.3088717;-85.595474243164063;
2406217948.7191281;-85.572624206542969;
2406378205.1293845;-85.563194274902344;
2406538461.5396409;-85.582138061523438;
2406698717.9498973;-85.62786865234375;
2406858974.3601537;-85.589752197265625;
2407019230.7704101;-85.606849670410156;
2407179487.1806664;-85.629714965820313;
2407339743.5909228;-85.656524658203125;
2407500000.0011792;-85.587821960449219;
2407660256.4114356;-85.671882629394531;
2407820512.8216925;-85.625961303710938;
2407980769.2319489;-85.6087646484375;
2408141025.6422052;-85.591659545898438;
2408301282.0524616;-85.612571716308594;
2408461538.462718;-85.637359619140625;
2408621794.8729744;-85.646942138671875;
2408782051.2832308;-85.656547546386719;
2408942307.6934872;-85.604866027832031;
2409102564.1037436;-85.63165283203125;
2409262820.5139999;-85.587852478027344;
2409423076.9242563;-85.629783630371094;
2409583333.3345127;-85.603057861328125;
2409743589.7447691;-85.625961303710938;
2409903846.1550255;-85.559432983398438;
2410064102.5652819;-85.591651916503906;
2410224358.9755383;-85.540481567382813;
2410384615.3857946;-85.591651916503906;
2410544871.796051;-85.629776000976563;
2410705128.2063074;-85.601181030273438;
2410865384.6165643;-85.624015808105469;
2411025641.0268207;-85.637397766113281;
2411185897.437077;-85.622154235839844;
2411346153.8473334;-85.6240234375;
2411506410.2575898;-85.64532470703125;
2411666666.6678462;-85.633560180664063;
2411826923.0781026;-85.62786865234375;
2411987179.488359;-85.621604919433594;
2412147435.8986154;-85.631668090820312;
2412307692.3088717;-85.687225341796875;
2412467948.7191281;-85.654632568359375;
2412628205.1293845;-85.673789978027344;
2412788461.5396409;-85.664215087890625;
2412948717.9498973;-85.681434631347656;
2413108974.3601537;-85.631660461425781;
2413269230.7704101;-85.637413024902344;
2413429487.1806664;-85.625968933105469;
2413589743.5909228;-85.620246887207031;
2413750000.0011792;-85.637420654296875;
2413910256.4114356;-85.6412353515625;
2414070512.8216925;-85.656547546386719;
2414230769.2319489;-85.679557800292969;
2414391025.6422052;-85.668037414550781;
2414551282.0524616;-85.69683837890625;
2414711538.462718;-85.696029663085938;
2414871794.8729744;-85.654640197753906;
2415032051.2832308;-85.645065307617188;
2415192307.6934872;-85.63360595703125;
2415352564.1037436;-85.658439636230469;
2415512820.5139999;-85.646957397460938;
2415673076.9242563;-85.708404541015625;
2415833333.3345127;-85.694931030273438;
2415993589.7447691;-85.646942138671875;
2416153846.1550255;-85.618339538574219;
2416314102.5652819;-85.612617492675781;
2416474358.9755383;-85.624053955078125;
2416634615.3857946;-85.62213134765625;
2416794871.796051;-85.662300109863281;
2416955128.2063074;-85.652717590332031;
2417115384.6165643;-85.63250732421875;
2417275641.0268207;-85.616424560546875;
2417435897.437077;-85.635498046875;
2417596153.8473334;-85.633567810058594;
2417756410.2575898;-85.685317993164063;
2417916666.6678462;-85.68914794921875;
2418076923.0781026;-85.629783630371094;
2418237179.488359;-85.656547546386719;
2418397435.8986154;-85.648895263671875;
2418557692.3088717;-85.616416931152344;
2418717948.7191281;-85.567001342773437;
2418878205.1293845;-85.601181030273438;
2419038461.5396409;-85.610702514648437;
2419198717.9498973;-85.620246887207031;
2419358974.3601537;-85.621589660644531;
2419519230.7704101;-85.622108459472656;
2419679487.1806664;-85.601127624511719;
2419839743.5909228;-85.608802795410156;
2420000000.0011792;-85.61260986328125;
2420160256.4114356;-85.641227722167969;
2420320512.8216925;-85.625968933105469;
2420480769.2319489;-85.608779907226562;
2420641025.6422052;-85.624053955078125;
2420801282.0524616;-85.568840026855469;
2420961538.462718;-85.591644287109375;
2421121794.8729744;-85.614509582519531;
2421282051.2832308;-85.6202392578125;
2421442307.6934872;-85.59765625;
2421602564.1037436;-85.587860107421875;
2421762820.5139999;-85.570716857910156;
2421923076.9242563;-85.658447265625;
2422083333.3345127;-85.59735107421875;
2422243589.7447691;-85.608795166015625;
2422403846.1550255;-85.631690979003906;
2422564102.5652819;-85.610710144042969;
2422724358.9755383;-85.60308837890625;
2422884615.3857946;-85.578369140625;
2423044871.796051;-85.616432189941406;
2423205128.2063074;-85.585975646972656;
2423365384.6165643;-85.595497131347656;
2423525641.0268207;-85.56890869140625;
2423685897.437077;-85.606903076171875;
2423846153.8473334;-85.559417724609375;
2424006410.2575898;-85.555648803710938;
2424166666.6678462;-85.531059265136719;
2424326923.0781026;-85.53106689453125;
2424487179.488359;-85.544265747070313;
2424647435.8986154;-85.500762939453125;
2424807692.3088717;-85.463386535644531;
2424967948.7191281;-85.480148315429687;
2425128205.1293845;-85.482131958007812;
2425288461.5396409;-85.322898864746094;
2425448717.9498973;-85.397972106933594;
2425608974.3601537;-85.028854370117187;
2425769230.7704101;-85.224922180175781;
2425929487.1806664;-84.391777038574219;
2426089743.5909228;-84.365768432617188;
2426250000.0011792;-83.252235412597656;
2426410256.4114356;-83.216346740722656;
2426570512.8216925;-81.134178161621094;
2426730769.2319489;-80.157424926757813;
2426891025.6422052;-79.006736755371094;
2427051282.0524616;-75.860572814941406;
2427211538.462718;-75.867591857910156;
2427371794.8729744;-71.978256225585938;
2427532051.2832308;-72.186683654785156;
2427692307.6934872;-66.9598388671875;
2427852564.1037436;-66.0892333984375;
2428012820.5139999;-63.499500274658203;
2428173076.9242563;-61.988128662109375;
2428333333.3345127;-60.218650817871094;
2428493589.7447691;-57.008266448974609;
2428653846.1550255;-56.143077850341797;
2428814102.5652819;-53.337932586669922;
2428974358.9755383;-53.214984893798828;
2429134615.3857946;-50.15411376953125;
2429294871.796051;-48.547996520996094;
2429455128.2063074;-46.835968017578125;
2429615384.6165643;-45.741401672363281;
2429775641.0268207;-43.851295471191406;
2429935897.437077;-43.127304077148437;
2430096153.8473334;-39.999664306640625;
2430256410.2575898;-39.716445922851562;
2430416666.6678462;-37.201011657714844;
2430576923.0781026;-36.735782623291016;
2430737179.488359;-34.743755340576172;
2430897435.8986154;-33.186229705810547;
2431057692.3088717;-31.919975280761719;
2431217948.7191281;-30.629499435424805;
2431378205.1293845;-29.804473876953125;
2431538461.5396409;-28.376569747924805;
2431698717.9498973;-27.107553482055664;
2431858974.3601537;-25.998758316040039;
2432019230.7704101;-25.359121322631836;
2432179487.1806664;-24.600854873657227;
2432339743.5909228;-23.877277374267578;
2432500000.0011792;-23.13621711730957;
2432660256.4114356;-22.874387741088867;
2432820512.8216925;-22.61614990234375;
2432980769.2319489;-22.584768295288086;
2433141025.6422052;-22.482875823974609;
2433301282.0524616;-22.976110458374023;
2433461538.462718;-23.146745681762695;
2433621794.8729744;-23.926004409790039;
2433782051.2832308;-24.112771987915039;
2433942307.6934872;-25.249607086181641;
2434102564.1037436;-26.264074325561523;
2434262820.5139999;-27.275838851928711;
2434423076.9242563;-28.122894287109375;
2434583333.3345127;-29.069028854370117;
2434743589.7447691;-30.452789306640625;
2434903846.1550255;-32.021015167236328;
2435064102.5652819;-33.337730407714844;
2435224358.9755383;-34.210281372070313;
2435384615.3857946;-35.621456146240234;
2435544871.796051;-36.754608154296875;
2435705128.2063074;-38.944351196289063;
2435865384.6165643;-39.850166320800781;
2436025641.0268207;-41.170196533203125;
2436185897.437077;-42.195285797119141;
2436346153.8473334;-43.691665649414063;
2436506410.2575898;-45.677837371826172;
2436666666.6678462;-46.564338684082031;
2436826923.0781026;-48.006622314453125;
2436987179.488359;-48.732177734375;
2437147435.8986154;-50.460357666015625;
2437307692.3088717;-52.008575439453125;
2437467948.7191281;-53.520648956298828;
2437628205.1293845;-54.526962280273438;
2437788461.5396409;-55.773891448974609;
2437948717.9498973;-57.114067077636719;
2438108974.3601537;-59.190361022949219;
2438269230.7704101;-60.683017730712891;
2438429487.1806664;-61.833869934082031;
2438589743.5909228;-63.548652648925781;
2438750000.0011792;-64.878746032714844;
2438910256.4114356;-67.815025329589844;
2439070512.8216925;-69.075508117675781;
2439230769.2319489;-71.060333251953125;
2439391025.6422052;-72.444107055664063;
2439551282.0524616;-74.57147216796875;
2439711538.462718;-77.247787475585938;
2439871794.8729744;-78.603919982910156;
2440032051.2832308;-80.166404724121094;
2440192307.6934872;-81.283821105957031;
2440352564.1037436;-82.7733154296875;
2440512820.5139999;-84.013801574707031;
2440673076.9242563;-84.476097106933594;
2440833333.3345127;-84.811996459960937;
2440993589.7447691;-85.057159423828125;
2441153846.1550255;-85.248390197753906;
2441314102.5652819;-85.480201721191406;
2441474358.9755383;-85.523506164550781;
2441634615.3857946;-85.601181030273438;
2441794871.796051;-85.6202392578125;
2441955128.2063074;-85.622146606445313;
2442115384.6165643;-85.636878967285156;
2442275641.0268207;-85.624061584472656;
2442435897.437077;-85.664207458496094;
2442596153.8473334;-85.664215087890625;
2442756410.2575898;-85.696853637695313;
2442916666.6678462;-85.643074035644531;
2443076923.0781026;-85.57452392578125;
2443237179.488359;-85.398590087890625;
2443397435.8986154;-85.266975402832031;
2443557692.3088717;-85.448348999023438;
2443717948.7191281;-85.388771057128906;
2443878205.1293845;-85.578155517578125;
2444038461.5396409;-85.708366394042969;
2444198717.9498973;-85.721900939941406;
2444358974.3601537;-85.733474731445313;
2444519230.7704101;-85.760574340820313;
2444679487.1806664;-85.733383178710938;
2444839743.5909228;-85.671836853027344;
2445000000.0011792;-85.668022155761719;
2445160256.4114356;-85.612602233886719;
2445320512.8216925;-85.504661560058594;
2445480769.2319489;-85.540504455566406;
2445641025.6422052;-85.472389221191406;
2445801282.0524616;-85.424095153808594;
2445961538.462718;-85.589698791503906;
2446121794.8729744;-85.70635986328125;
2446282051.2832308;-85.803306579589844;
2446442307.6934872;-85.733375549316406;
2446602564.1037436;-85.712257385253906;
2446762820.5139999;-85.758590698242188;
2446923076.9242563;-85.778007507324219;
2447083333.3345127;-85.783706665039063;
2447243589.7447691;-85.716110229492188;
2447403846.1550255;-85.725753784179688;
2447564102.5652819;-85.727638244628906;
2447724358.9755383;-85.741172790527344;
2447884615.3857946;-85.801353454589844;
2448044871.796051;-85.785781860351562;
2448205128.2063074;-85.791610717773438;
2448365384.6165643;-85.813041687011719;
2448525641.0268207;-85.81500244140625;
2448685897.437077;-85.777999877929688;
2448846153.8473334;-85.785743713378906;
2449006410.2575898;-85.7935791015625;
2449166666.6678462;-85.807197570800781;
2449326923.0781026;-85.76251220703125;
2449487179.488359;-85.820846557617188;
2449647435.8986154;-85.81890869140625;
2449807692.3088717;-85.7916259765625;
2449967948.7191281;-85.793586730957031;
2450128205.1293845;-85.741203308105469;
2450288461.5396409;-85.789680480957031;
2450448717.9498973;-85.75927734375;
2450608974.3601537;-85.809158325195313;
2450769230.7704101;-85.750869750976562;
2450929487.1806664;-85.756683349609375;
2451089743.5909228;-85.725753784179688;
2451250000.0011792;-85.735397338867188;
2451410256.4114356;-85.719970703125;
2451570512.8216925;-85.772201538085938;
2451730769.2319489;-85.743141174316406;
2451891025.6422052;-85.727676391601563;
2452051282.0524616;-85.752799987792969;
2452211538.462718;-85.805259704589844;
2452371794.8729744;-85.801361083984375;
2452532051.2832308;-85.81500244140625;
2452692307.6934872;-85.813056945800781;
2452852564.1037436;-85.752784729003906;
2453012820.5139999;-85.745071411132812;
2453173076.9242563;-85.654617309570313;
2453333333.3345127;-85.710289001464844;
2453493589.7447691;-85.691032409667969;
2453653846.1550255;-85.791618347167969;
2453814102.5652819;-85.777984619140625;
2453974358.9755383;-85.814987182617188;
2454134615.3857946;-85.777984619140625;
2454294871.796051;-85.746902465820313;
2454455128.2063074;-85.7103271484375;
2454615384.6165643;-85.702445983886719;
2454775641.0268207;-85.721893310546875;
2454935897.437077;-85.681427001953125;
2455096153.8473334;-85.727668762207031;
2455256410.2575898;-85.7353515625;
2455416666.6678462;-85.793495178222656;
2455576923.0781026;-85.748931884765625;
2455737179.488359;-85.731437683105469;
2455897435.8986154;-80.902153015136719;
2456057692.3088717;-80.027557373046875;
2456217948.7191281;-80.074485778808594;
2456378205.1293845;-79.06036376953125;
2456538461.5396409;-79.607734680175781;
2456698717.9498973;-83.060020446777344;
2456858974.3601537;-78.870147705078125;
2457019230.7704101;-79.450241088867187;
2457179487.1806664;-83.690383911132813;
2457339743.5909228;-85.215217590332031;
2457500000.0011792;-85.673316955566406;
2457660256.4114356;-85.766502380371094;
2457820512.8216925;-85.838798522949219;
2457980769.2319489;-85.37353515625;
2458141025.6422052;-85.724655151367188;
2458301282.0524616;-85.804405212402344;
2458461538.462718;-85.819732666015625;
2458621794.8729744;-85.828659057617188;
2458782051.2832308;-85.781768798828125;
2458942307.6934872;-85.816947937011719;
2459102564.1037436;-85.762443542480469;
2459262820.5139999;-85.822769165039063;
2459423076.9242563;-85.816917419433594;
2459583333.3345127;-85.809097290039063;
2459743589.7447691;-85.805137634277344;
2459903846.1550255;-85.797378540039063;
2460064102.5652819;-85.716026306152344;
2460224358.9755383;-85.681419372558594;
2460384615.3857946;-85.774124145507813;
2460544871.796051;-85.777915954589844;
2460705128.2063074;-85.797386169433594;
2460865384.6165643;-85.797447204589844;
2461025641.0268207;-85.858009338378906;
2461185897.437077;-85.85205078125;
2461346153.8473334;-85.913047790527344;
2461506410.2575898;-85.807182312011719;
2461666666.6678462;-85.844268798828125;
2461826923.0781026;-85.768287658691406;
2461987179.488359;-85.805068969726563;
2462147435.8986154;-85.830604553222656;
2462307692.3088717;-85.803138732910156;
2462467948.7191281;-85.840400695800781;
2462628205.1293845;-85.746902465820313;
2462788461.5396409;-85.797416687011719;
2462948717.9498973;-85.758575439453125;
2463108974.3601537;-85.838325500488281;
2463269230.7704101;-85.791603088378906;
2463429487.1806664;-85.764205932617188;
2463589743.5909228;-85.828536987304688;
2463750000.0011792;-85.828384399414063;
2463910256.4114356;-85.889366149902344;
2464070512.8216925;-85.832321166992188;
2464230769.2319489;-85.828666687011719;
2464391025.6422052;-85.737274169921875;
2464551282.0524616;-85.809112548828125;
2464711538.462718;-85.787544250488281;
2464871794.8729744;-85.793342590332031;
2465032051.2832308;-85.779891967773438;
2465192307.6934872;-85.8441162109375;
2465352564.1037436;-85.867790222167969;
2465512820.5139999;-85.816749572753906;
2465673076.9242563;-85.848213195800781;
2465833333.3345127;-85.787643432617188;
2465993589.7447691;-85.8480224609375;
2466153846.1550255;-85.812973022460938;
2466314102.5652819;-85.840019226074219;
2466474358.9755383;-85.820831298828125;
2466634615.3857946;-85.761947631835938;
2466794871.796051;-85.789596557617187;
2466955128.2063074;-85.731193542480469;
2467115384.6165643;-85.793449401855469;
2467275641.0268207;-85.75836181640625;
2467435897.437077;-85.8736572265625;
2467596153.8473334;-85.741035461425781;
2467756410.2575898;-85.85009765625;
2467916666.6678462;-85.744758605957031;
2468076923.0781026;-85.893890380859375;
2468237179.488359;-85.717758178710938;
2468397435.8986154;-85.830848693847656;
2468557692.3088717;-85.714454650878906;
2468717948.7191281;-85.748291015625;
2468878205.1293845;-85.783157348632813;
2469038461.5396409;-85.681533813476563;
2469198717.9498973;-85.690841674804688;
2469358974.3601537;-85.634262084960937;
2469519230.7704101;-85.698616027832031;
2469679487.1806664;-85.630912780761719;
2469839743.5909228;-85.789566040039063;
2470000000.0011792;-85.646255493164062;
2470160256.4114356;-85.826629638671875;
2470320512.8216925;-85.514579772949219;
2470480769.2319489;-85.775917053222656;
2470641025.6422052;-85.415626525878906;
2470801282.0524616;-85.723724365234375;
2470961538.462718;-85.307296752929688;
2471121794.8729744;-85.664077758789063;
2471282051.2832308;-85.253181457519531;
2471442307.6934872;-85.431938171386719;
2471602564.1037436;-85.388702392578125;
2471762820.5139999;-85.246017456054687;
2471923076.9242563;-85.275360107421875;
2472083333.3345127;-85.14251708984375;
2472243589.7447691;-85.461868286132813;
2472403846.1550255;-85.063629150390625;
2472564102.5652819;-85.505134582519531;
2472724358.9755383;-85.034515380859375;
2472884615.3857946;-85.54754638671875;
2473044871.796051;-85.008689880371094;
2473205128.2063074;-85.457725524902344;
2473365384.6165643;-85.212013244628906;
2473525641.0268207;-85.467330932617188;
2473685897.437077;-85.273544311523438;
2473846153.8473334;-85.402862548828125;
2474006410.2575898;-85.537696838378906;
2474166666.6678462;-85.434394836425781;
2474326923.0781026;-85.61785888671875;
2474487179.488359;-85.489814758300781;
2474647435.8986154;-85.727302551269531;
2474807692.3088717;-85.515380859375;
2474967948.7191281;-85.766159057617188;
2475128205.1293845;-85.589401245117188;
2475288461.5396409;-85.701751708984375;
2475448717.9498973;-85.617744445800781;
2475608974.3601537;-85.636268615722656;
2475769230.7704101;-85.669662475585938;
2475929487.1806664;-85.661643981933594;
2476089743.5909228;-85.729583740234375;
2476250000.0011792;-85.584434509277344;
2476410256.4114356;-85.771278381347656;
2476570512.8216925;-85.586463928222656;
2476730769.2319489;-85.669830322265625;
2476891025.6422052;-85.580192565917969;
2477051282.0524616;-85.656318664550781;
2477211538.462718;-85.627761840820312;
2477371794.8729744;-85.656234741210938;
2477532051.2832308;-85.660263061523438;
2477692307.6934872;-85.652473449707031;
2477852564.1037436;-85.675674438476563;
2478012820.5139999;-85.656356811523438;
2478173076.9242563;-85.727638244628906;
2478333333.3345127;-85.690948486328125;
2478493589.7447691;-85.752822875976563;
2478653846.1550255;-85.667930603027344;
2478814102.5652819;-85.6910400390625;
2478974358.9755383;-85.673637390136719;
2479134615.3857946;-85.768318176269531;
2479294871.796051;-85.775993347167969;
2479455128.2063074;-85.791511535644531;
2479615384.6165643;-85.770179748535156;
2479775641.0268207;-85.777847290039063;
2479935897.437077;-85.760490417480469;
2480096153.8473334;-85.80523681640625;
2480256410.2575898;-85.859977722167969;
2480416666.6678462;-85.803260803222656;
2480576923.0781026;-85.842308044433594;
2480737179.488359;-85.758468627929688;
2480897435.8986154;-85.844581604003906;
2481057692.3088717;-85.816940307617188;
2481217948.7191281;-85.852119445800781;
2481378205.1293845;-85.82086181640625;
2481538461.5396409;-85.824752807617188;
2481698717.9498973;-85.887428283691406;
2481858974.3601537;-85.873611450195312;
2482019230.7704101;-85.883522033691406;
2482179487.1806664;-85.873687744140625;
2482339743.5909228;-85.865859985351563;
2482500000.0011792;-85.83056640625;
2482660256.4114356;-85.907142639160156;
2482820512.8216925;-85.848220825195313;
2482980769.2319489;-85.863876342773438;
2483141025.6422052;-85.889389038085938;
2483301282.0524616;-85.911079406738281;
2483461538.462718;-85.940719604492188;
2483621794.8729744;-85.861862182617188;
2483782051.2832308;-85.891372680664063;
2483942307.6934872;-85.850143432617188;
2484102564.1037436;-85.90911865234375;
2484262820.5139999;-85.865791320800781;
