Type;ESU;
Version;4.43;
Date;03.Jun 16;
Mode;ANALYZER;
Center Freq;2434262820.514000;Hz
Freq Offset;0.000000;Hz
Span;100000000.000000;Hz
x-Axis;LIN;
Start;2384262820.514000;Hz
Stop;2484262820.514000;Hz
Ref Level;-9.000000;dBm
Level Offset;0.000000;dB
Ref Position;100.000000;%
y-Axis;LOG;
Level Range;100.000000;dB
Rf Att;5.000000;dB
RBW;2000000.000000;Hz
VBW;50.000000;Hz
SWT;2.500000;s
Trace Mode;CLR/WRITE;
Detector;RMS;
Sweep Count;0;
Trace 1:;;
x-Unit;Hz;
y-Unit;dBm;
Values;625;
2384262820.5139999;-85.685821533203125;
2384423076.9242563;-85.685295104980469;
2384583333.3345127;-85.733482360839844;
2384743589.7447691;-85.710311889648438;
2384903846.1550255;-85.704551696777344;
2385064102.5652819;-85.694908142089844;
2385224358.9755383;-85.712265014648437;
2385384615.3857946;-85.675712585449219;
2385544871.796051;-85.716094970703125;
2385705128.2063074;-85.669914245605469;
2385865384.6165643;-85.683326721191406;
2386025641.0268207;-85.666091918945313;
2386185897.437077;-85.681434631347656;
2386346153.8473334;-85.708396911621094;
2386506410.2575898;-85.666053771972656;
2386666666.6678462;-85.652702331542969;
2386826923.0781026;-85.644943237304688;
2386987179.488359;-85.660354614257813;
2387147435.8986154;-85.656478881835938;
2387307692.3088717;-85.685317993164063;
2387467948.7191281;-85.618278503417969;
2387628205.1293845;-85.648773193359375;
2387788461.5396409;-85.561195373535156;
2387948717.9498973;-85.633338928222656;
2388108974.3601537;-85.633552551269531;
2388269230.7704101;-85.60089111328125;
2388429487.1806664;-85.59735107421875;
2388589743.5909228;-85.553573608398438;
2388750000.0011792;-85.635505676269531;
2388910256.4114356;-85.512054443359375;
2389070512.8216925;-85.6910400390625;
2389230769.2319489;-85.534683227539062;
2389391025.6422052;-85.5892333984375;
2389551282.0524616;-85.549545288085938;
2389711538.462718;-85.539421081542969;
2389871794.8729744;-85.514053344726563;
2390032051.2832308;-85.421257019042969;
2390192307.6934872;-85.544227600097656;
2390352564.1037436;-85.352508544921875;
2390512820.5139999;-85.546173095703125;
2390673076.9242563;-85.268081665039063;
2390833333.3345127;-85.47137451171875;
2390993589.7447691;-85.267692565917969;
2391153846.1550255;-85.404609680175781;
2391314102.5652819;-85.293685913085937;
2391474358.9755383;-85.315513610839844;
2391634615.3857946;-85.39556884765625;
2391794871.796051;-85.284347534179687;
2391955128.2063074;-85.479820251464844;
2392115384.6165643;-85.2470703125;
2392275641.0268207;-85.555366516113281;
2392435897.437077;-85.314140319824219;
2392596153.8473334;-85.504234313964844;
2392756410.2575898;-85.369255065917969;
2392916666.6678462;-85.533866882324219;
2393076923.0781026;-85.434814453125;
2393237179.488359;-85.524559020996094;
2393397435.8986154;-85.51947021484375;
2393557692.3088717;-85.506057739257813;
2393717948.7191281;-85.555526733398438;
2393878205.1293845;-85.515579223632813;
2394038461.5396409;-85.610626220703125;
2394198717.9498973;-85.551109313964844;
2394358974.3601537;-85.593505859375;
2394519230.7704101;-85.513801574707031;
2394679487.1806664;-85.589729309082031;
2394839743.5909228;-85.542251586914063;
2395000000.0011792;-85.643150329589844;
2395160256.4114356;-85.50823974609375;
2395320512.8216925;-85.629676818847656;
2395480769.2319489;-85.510154724121094;
2395641025.6422052;-85.597320556640625;
2395801282.0524616;-85.529121398925781;
2395961538.462718;-85.597343444824219;
2396121794.8729744;-85.565055847167969;
2396282051.2832308;-85.566886901855469;
2396442307.6934872;-85.578361511230469;
2396602564.1037436;-85.576210021972656;
2396762820.5139999;-85.565032958984375;
2396923076.9242563;-85.585777282714844;
2397083333.3345127;-85.601150512695312;
2397243589.7447691;-85.593490600585938;
2397403846.1550255;-85.620246887207031;
2397564102.5652819;-85.53289794921875;
2397724358.9755383;-85.519760131835938;
2397884615.3857946;-85.498985290527344;
2398044871.796051;-85.604972839355469;
2398205128.2063074;-85.580215454101563;
2398365384.6165643;-85.64312744140625;
2398525641.0268207;-85.599250793457031;
2398685897.437077;-85.593475341796875;
2398846153.8473334;-85.57269287109375;
2399006410.2575898;-85.578338623046875;
2399166666.6678462;-85.591651916503906;
2399326923.0781026;-85.572563171386719;
2399487179.488359;-85.60498046875;
2399647435.8986154;-85.591659545898438;
2399807692.3088717;-85.629776000976563;
2399967948.7191281;-85.580238342285156;
2400128205.1293845;-85.639328002929688;
2400288461.5396409;-85.578376770019531;
2400448717.9498973;-85.631645202636719;
2400608974.3601537;-85.584060668945313;
2400769230.7704101;-85.589759826660156;
2400929487.1806664;-85.589775085449219;
2401089743.5909228;-85.564994812011719;
2401250000.0011792;-85.557540893554688;
2401410256.4114356;-85.584053039550781;
2401570512.8216925;-85.624061584472656;
2401730769.2319489;-85.574554443359375;
2401891025.6422052;-85.610710144042969;
2402051282.0524616;-85.565093994140625;
2402211538.462718;-85.625953674316406;
2402371794.8729744;-85.543472290039063;
2402532051.2832308;-85.60223388671875;
2402692307.6934872;-85.567276000976563;
2402852564.1037436;-85.625930786132813;
2403012820.5139999;-85.555648803710938;
2403173076.9242563;-85.572647094726563;
2403333333.3345127;-85.551849365234375;
2403493589.7447691;-85.610710144042969;
2403653846.1550255;-85.609024047851563;
2403814102.5652819;-85.534782409667969;
2403974358.9755383;-85.560020446777344;
2404134615.3857946;-85.542350769042969;
2404294871.796051;-85.547813415527344;
2404455128.2063074;-85.534835815429688;
2404615384.6165643;-85.546157836914063;
2404775641.0268207;-85.58782958984375;
2404935897.437077;-85.599273681640625;
2405096153.8473334;-85.612617492675781;
2405256410.2575898;-85.599250793457031;
2405416666.6678462;-85.580276489257813;
2405576923.0781026;-85.631683349609375;
2405737179.488359;-85.604988098144531;
2405897435.8986154;-85.536651611328125;
2406057692.3088717;-85.551849365234375;
2406217948.7191281;-85.585929870605469;
2406378205.1293845;-85.618339538574219;
2406538461.5396409;-85.542366027832031;
2406698717.9498973;-85.601181030273438;
2406858974.3601537;-85.587867736816406;
2407019230.7704101;-85.633567810058594;
2407179487.1806664;-85.637405395507813;
2407339743.5909228;-85.639297485351562;
2407500000.0011792;-85.627861022949219;
2407660256.4114356;-85.65264892578125;
2407820512.8216925;-85.616416931152344;
2407980769.2319489;-85.557510375976563;
2408141025.6422052;-85.660285949707031;
2408301282.0524616;-85.608749389648438;
2408461538.462718;-85.622146606445313;
2408621794.8729744;-85.584083557128906;
2408782051.2832308;-85.601181030273438;
2408942307.6934872;-85.57269287109375;
2409102564.1037436;-85.585914611816406;
2409262820.5139999;-85.604873657226562;
2409423076.9242563;-85.633544921875;
2409583333.3345127;-85.620246887207031;
2409743589.7447691;-85.597366333007813;
2409903846.1550255;-85.631690979003906;
2410064102.5652819;-85.625930786132813;
2410224358.9755383;-85.622146606445313;
2410384615.3857946;-85.618316650390625;
2410544871.796051;-85.618331909179687;
2410705128.2063074;-85.622146606445313;
2410865384.6165643;-85.648887634277344;
2411025641.0268207;-85.643157958984375;
2411185897.437077;-85.645050048828125;
2411346153.8473334;-85.622154235839844;
2411506410.2575898;-85.6190185546875;
2411666666.6678462;-85.639320373535156;
2411826923.0781026;-85.650779724121094;
2411987179.488359;-85.696022033691406;
2412147435.8986154;-85.700698852539063;
2412307692.3088717;-85.66229248046875;
2412467948.7191281;-85.65655517578125;
2412628205.1293845;-85.646980285644531;
2412788461.5396409;-85.641250610351563;
2412948717.9498973;-85.622146606445313;
2413108974.3601537;-85.635513305664063;
2413269230.7704101;-85.658462524414062;
2413429487.1806664;-85.696861267089844;
2413589743.5909228;-85.700691223144531;
2413750000.0011792;-85.668052673339844;
2413910256.4114356;-85.702629089355469;
2414070512.8216925;-85.6527099609375;
2414230769.2319489;-85.648895263671875;
2414391025.6422052;-85.639053344726563;
2414551282.0524616;-85.670158386230469;
2414711538.462718;-85.715835571289063;
2414871794.8729744;-85.708412170410156;
2415032051.2832308;-85.685317993164063;
2415192307.6934872;-85.677642822265625;
2415352564.1037436;-85.660377502441406;
2415512820.5139999;-85.693000793457031;
2415673076.9242563;-85.65460205078125;
2415833333.3345127;-85.685317993164063;
2415993589.7447691;-85.650802612304688;
2416153846.1550255;-85.625961303710938;
2416314102.5652819;-85.646980285644531;
2416474358.9755383;-85.631690979003906;
2416634615.3857946;-85.631690979003906;
2416794871.796051;-85.624061584472656;
2416955128.2063074;-85.698776245117188;
2417115384.6165643;-85.680656433105469;
2417275641.0268207;-85.658462524414062;
2417435897.437077;-85.641250610351563;
2417596153.8473334;-85.622146606445313;
2417756410.2575898;-85.645065307617188;
2417916666.6678462;-85.618339538574219;
2418076923.0781026;-85.637413024902344;
2418237179.488359;-85.612625122070313;
2418397435.8986154;-85.629783630371094;
2418557692.3088717;-85.637397766113281;
2418717948.7191281;-85.631690979003906;
2418878205.1293845;-85.614517211914062;
2419038461.5396409;-85.631683349609375;
2419198717.9498973;-85.631690979003906;
2419358974.3601537;-85.630325317382812;
2419519230.7704101;-85.637428283691406;
2419679487.1806664;-85.625961303710938;
2419839743.5909228;-85.633590698242188;
2420000000.0011792;-85.599296569824219;
2420160256.4114356;-85.618331909179687;
2420320512.8216925;-85.664215087890625;
2420480769.2319489;-85.631690979003906;
2420641025.6422052;-85.631690979003906;
2420801282.0524616;-85.616424560546875;
2420961538.462718;-85.612602233886719;
2421121794.8729744;-85.648872375488281;
2421282051.2832308;-85.656494140625;
2421442307.6934872;-85.629768371582031;
2421602564.1037436;-85.589744567871094;
2421762820.5139999;-85.616432189941406;
2421923076.9242563;-85.625953674316406;
2422083333.3345127;-85.641242980957031;
2422243589.7447691;-85.6202392578125;
2422403846.1550255;-85.605003356933594;
2422564102.5652819;-85.601150512695312;
2422724358.9755383;-85.614448547363281;
2422884615.3857946;-85.542411804199219;
2423044871.796051;-85.568870544433594;
2423205128.2063074;-85.527305603027344;
2423365384.6165643;-85.539169311523438;
2423525641.0268207;-85.593574523925781;
2423685897.437077;-85.599266052246094;
2423846153.8473334;-85.589775085449219;
2424006410.2575898;-85.53668212890625;
2424166666.6678462;-85.548027038574219;
2424326923.0781026;-85.519706726074219;
2424487179.488359;-85.517875671386719;
2424647435.8986154;-85.467109680175781;
2424807692.3088717;-85.46844482421875;
2424967948.7191281;-85.29443359375;
2425128205.1293845;-85.331977844238281;
2425288461.5396409;-85.250602722167969;
2425448717.9498973;-84.952339172363281;
2425608974.3601537;-85.06427001953125;
2425769230.7704101;-84.244651794433594;
2425929487.1806664;-84.593910217285156;
2426089743.5909228;-82.886787414550781;
2426250000.0011792;-82.720596313476562;
2426410256.4114356;-81.445549011230469;
2426570512.8216925;-80.090110778808594;
2426730769.2319489;-79.625869750976563;
2426891025.6422052;-75.685409545898437;
2427051282.0524616;-75.349533081054687;
2427211538.462718;-71.4283447265625;
2427371794.8729744;-71.634757995605469;
2427532051.2832308;-67.746330261230469;
2427692307.6934872;-66.964942932128906;
2427852564.1037436;-62.756328582763672;
2428012820.5139999;-62.935733795166016;
2428173076.9242563;-59.086345672607422;
2428333333.3345127;-58.909355163574219;
2428493589.7447691;-55.173000335693359;
2428653846.1550255;-53.569515228271484;
2428814102.5652819;-52.292404174804688;
2428974358.9755383;-50.532882690429688;
2429134615.3857946;-49.758670806884766;
2429294871.796051;-46.200717926025391;
2429455128.2063074;-46.037677764892578;
2429615384.6165643;-43.211715698242187;
2429775641.0268207;-43.216880798339844;
2429935897.437077;-40.491039276123047;
2430096153.8473334;-39.295089721679688;
2430256410.2575898;-37.142704010009766;
2430416666.6678462;-36.130832672119141;
2430576923.0781026;-34.843639373779297;
2430737179.488359;-33.238624572753906;
2430897435.8986154;-31.904764175415039;
2431057692.3088717;-30.223712921142578;
2431217948.7191281;-29.582950592041016;
2431378205.1293845;-28.001791000366211;
2431538461.5396409;-27.408237457275391;
2431698717.9498973;-25.59840202331543;
2431858974.3601537;-25.023778915405273;
2432019230.7704101;-24.055149078369141;
2432179487.1806664;-23.570960998535156;
2432339743.5909228;-22.890357971191406;
2432500000.0011792;-22.300455093383789;
2432660256.4114356;-22.081491470336914;
2432820512.8216925;-22.033199310302734;
2432980769.2319489;-21.914052963256836;
2433141025.6422052;-22.180461883544922;
2433301282.0524616;-22.352699279785156;
2433461538.462718;-23.132848739624023;
2433621794.8729744;-23.380315780639648;
2433782051.2832308;-24.345863342285156;
2433942307.6934872;-24.803922653198242;
2434102564.1037436;-26.41827392578125;
2434262820.5139999;-27.051094055175781;
2434423076.9242563;-28.241851806640625;
2434583333.3345127;-29.13768196105957;
2434743589.7447691;-30.263011932373047;
2434903846.1550255;-32.028060913085937;
2435064102.5652819;-33.171627044677734;
2435224358.9755383;-34.494014739990234;
2435384615.3857946;-35.404533386230469;
2435544871.796051;-36.968238830566406;
2435705128.2063074;-38.496868133544922;
2435865384.6165643;-40.244918823242187;
2436025641.0268207;-40.961845397949219;
2436185897.437077;-42.510875701904297;
2436346153.8473334;-43.433101654052734;
2436506410.2575898;-45.495731353759766;
2436666666.6678462;-46.741542816162109;
2436826923.0781026;-47.900051116943359;
2436987179.488359;-49.134849548339844;
2437147435.8986154;-50.258773803710937;
2437307692.3088717;-52.301349639892578;
2437467948.7191281;-53.415737152099609;
2437628205.1293845;-54.602615356445313;
2437788461.5396409;-55.964588165283203;
2437948717.9498973;-57.324062347412109;
2438108974.3601537;-59.657310485839844;
2438269230.7704101;-60.538921356201172;
2438429487.1806664;-62.461830139160156;
2438589743.5909228;-63.457893371582031;
2438750000.0011792;-65.70263671875;
2438910256.4114356;-68.014739990234375;
2439070512.8216925;-69.486770629882813;
2439230769.2319489;-71.397048950195313;
2439391025.6422052;-72.782684326171875;
2439551282.0524616;-75.224006652832031;
2439711538.462718;-77.689430236816406;
2439871794.8729744;-79.334365844726562;
2440032051.2832308;-80.568672180175781;
2440192307.6934872;-81.917320251464844;
2440352564.1037436;-83.122726440429688;
2440512820.5139999;-84.211654663085937;
2440673076.9242563;-84.58380126953125;
2440833333.3345127;-84.892532348632813;
2440993589.7447691;-85.05523681640625;
2441153846.1550255;-85.340309143066406;
2441314102.5652819;-85.493408203125;
2441474358.9755383;-85.495277404785156;
2441634615.3857946;-85.524063110351563;
2441794871.796051;-85.532928466796875;
2441955128.2063074;-85.587890625;
2442115384.6165643;-85.610710144042969;
2442275641.0268207;-85.629776000976563;
2442435897.437077;-85.620246887207031;
2442596153.8473334;-85.618316650390625;
2442756410.2575898;-85.708396911621094;
2442916666.6678462;-85.694923400878906;
2443076923.0781026;-85.67572021484375;
2443237179.488359;-85.696853637695313;
2443397435.8986154;-85.673789978027344;
2443557692.3088717;-85.712257385253906;
2443717948.7191281;-85.712265014648437;
2443878205.1293845;-85.517532348632812;
2444038461.5396409;-85.631683349609375;
2444198717.9498973;-85.718009948730469;
2444358974.3601537;-85.70648193359375;
2444519230.7704101;-85.602996826171875;
2444679487.1806664;-85.625938415527344;
2444839743.5909228;-85.648811340332031;
2445000000.0011792;-85.650726318359375;
2445160256.4114356;-85.689155578613281;
2445320512.8216925;-85.656471252441406;
2445480769.2319489;-85.660369873046875;
2445641025.6422052;-85.70703125;
2445801282.0524616;-84.134689331054687;
2445961538.462718;-84.893081665039063;
2446121794.8729744;-85.47637939453125;
2446282051.2832308;-85.616371154785156;
2446442307.6934872;-85.622123718261719;
2446602564.1037436;-85.608810424804688;
2446762820.5139999;-85.664192199707031;
2446923076.9242563;-85.685317993164063;
2447083333.3345127;-85.70068359375;
2447243589.7447691;-85.748947143554688;
2447403846.1550255;-85.779975891113281;
2447564102.5652819;-85.758621215820313;
2447724358.9755383;-85.789680480957031;
2447884615.3857946;-85.803314208984375;
2448044871.796051;-85.813056945800781;
2448205128.2063074;-85.797477722167969;
2448365384.6165643;-85.81695556640625;
2448525641.0268207;-85.815010070800781;
2448685897.437077;-85.82086181640625;
2448846153.8473334;-85.824760437011719;
2449006410.2575898;-85.803314208984375;
2449166666.6678462;-85.82281494140625;
2449326923.0781026;-85.783828735351563;
2449487179.488359;-85.776084899902344;
2449647435.8986154;-85.805252075195313;
2449807692.3088717;-85.807197570800781;
2449967948.7191281;-85.79937744140625;
2450128205.1293845;-85.807205200195313;
2450288461.5396409;-85.838424682617187;
2450448717.9498973;-85.786834716796875;
2450608974.3601537;-85.758636474609375;
2450769230.7704101;-85.779975891113281;
2450929487.1806664;-85.799385070800781;
2451089743.5909228;-85.781898498535156;
2451250000.0011792;-85.791633605957031;
2451410256.4114356;-85.774116516113281;
2451570512.8216925;-85.77996826171875;
2451730769.2319489;-85.779937744140625;
2451891025.6422052;-85.803306579589844;
2452051282.0524616;-85.822799682617188;
2452211538.462718;-85.787704467773438;
2452371794.8729744;-85.770263671875;
2452532051.2832308;-85.745063781738281;
2452692307.6934872;-85.783851623535156;
2452852564.1037436;-85.758598327636719;
2453012820.5139999;-85.760566711425781;
2453173076.9242563;-85.717987060546875;
2453333333.3345127;-85.840362548828125;
2453493589.7447691;-85.739227294921875;
2453653846.1550255;-85.669609069824219;
2453814102.5652819;-85.662216186523438;
2453974358.9755383;-85.667877197265625;
2454134615.3857946;-85.673690795898438;
2454294871.796051;-85.635284423828125;
2454455128.2063074;-85.64886474609375;
2454615384.6165643;-85.587745666503906;
2454775641.0268207;-85.694915771484375;
2454935897.437077;-85.608680725097656;
2455096153.8473334;-85.666107177734375;
2455256410.2575898;-85.608779907226562;
2455416666.6678462;-85.679512023925781;
2455576923.0781026;-85.587882995605469;
2455737179.488359;-85.5877685546875;
2455897435.8986154;-85.549964904785156;
2456057692.3088717;-85.561172485351563;
2456217948.7191281;-85.523529052734375;
2456378205.1293845;-85.508285522460938;
2456538461.5396409;-85.506568908691406;
2456698717.9498973;-85.453804016113281;
2456858974.3601537;-85.725593566894531;
2457019230.7704101;-85.698753356933594;
2457179487.1806664;-85.654525756835938;
2457339743.5909228;-85.563148498535156;
2457500000.0011792;-85.532630920410156;
2457660256.4114356;-85.405517578125;
2457820512.8216925;-85.405410766601563;
2457980769.2319489;-85.40167236328125;
2458141025.6422052;-85.429573059082031;
2458301282.0524616;-85.450164794921875;
2458461538.462718;-85.457656860351563;
2458621794.8729744;-85.620681762695313;
2458782051.2832308;-85.564918518066406;
2458942307.6934872;-85.659919738769531;
2459102564.1037436;-85.567245483398438;
2459262820.5139999;-85.553108215332031;
2459423076.9242563;-85.540382385253906;
2459583333.3345127;-85.614509582519531;
2459743589.7447691;-85.461410522460938;
2459903846.1550255;-85.385032653808594;
2460064102.5652819;-85.578109741210938;
2460224358.9755383;-85.610336303710938;
2460384615.3857946;-85.566917419433594;
2460544871.796051;-85.599258422851562;
2460705128.2063074;-85.690910339355469;
2460865384.6165643;-85.637336730957031;
2461025641.0268207;-85.750831604003906;
2461185897.437077;-85.733444213867188;
2461346153.8473334;-85.814933776855469;
2461506410.2575898;-85.787681579589844;
2461666666.6678462;-85.820732116699219;
2461826923.0781026;-85.824729919433594;
2461987179.488359;-85.820709228515625;
2462147435.8986154;-85.856010437011719;
2462307692.3088717;-85.799156188964844;
2462467948.7191281;-85.820846557617188;
2462628205.1293845;-85.801292419433594;
2462788461.5396409;-85.887435913085937;
2462948717.9498973;-85.828559875488281;
2463108974.3601537;-85.873558044433594;
2463269230.7704101;-85.826629638671875;
2463429487.1806664;-85.842254638671875;
2463589743.5909228;-85.863868713378906;
2463750000.0011792;-85.822700500488281;
2463910256.4114356;-85.840385437011719;
2464070512.8216925;-85.789390563964844;
2464230769.2319489;-85.834510803222656;
2464391025.6422052;-85.779891967773438;
2464551282.0524616;-85.828628540039063;
2464711538.462718;-85.756637573242188;
2464871794.8729744;-85.799308776855469;
2465032051.2832308;-85.740943908691406;
2465192307.6934872;-85.801185607910156;
2465352564.1037436;-85.822738647460938;
2465512820.5139999;-85.797294616699219;
2465673076.9242563;-85.887428283691406;
2465833333.3345127;-85.793243408203125;
2465993589.7447691;-85.822784423828125;
2466153846.1550255;-85.690902709960937;
2466314102.5652819;-85.828643798828125;
2466474358.9755383;-85.7623291015625;
2466634615.3857946;-85.86920166015625;
2466794871.796051;-85.757400512695313;
2466955128.2063074;-85.761703491210938;
2467115384.6165643;-85.783287048339844;
2467275641.0268207;-85.713081359863281;
2467435897.437077;-85.824851989746094;
2467596153.8473334;-85.686576843261719;
2467756410.2575898;-85.77471923828125;
2467916666.6678462;-85.627593994140625;
2468076923.0781026;-85.735397338867188;
2468237179.488359;-85.596603393554688;
2468397435.8986154;-85.793487548828125;
2468557692.3088717;-85.688751220703125;
2468717948.7191281;-85.832496643066406;
2468878205.1293845;-85.639022827148438;
2469038461.5396409;-85.799140930175781;
2469198717.9498973;-85.640464782714844;
2469358974.3601537;-85.759529113769531;
2469519230.7704101;-85.657630920410156;
2469679487.1806664;-85.748741149902344;
2469839743.5909228;-85.621345520019531;
2470000000.0011792;-85.667526245117187;
2470160256.4114356;-85.679031372070313;
2470320512.8216925;-85.569900512695313;
2470480769.2319489;-85.688957214355469;
2470641025.6422052;-85.400222778320312;
2470801282.0524616;-85.675216674804688;
2470961538.462718;-85.26068115234375;
2471121794.8729744;-85.661857604980469;
2471282051.2832308;-85.11004638671875;
2471442307.6934872;-85.397514343261719;
2471602564.1037436;-85.210609436035156;
2471762820.5139999;-85.280769348144531;
2471923076.9242563;-85.295700073242188;
2472083333.3345127;-85.108352661132813;
2472243589.7447691;-85.319252014160156;
2472403846.1550255;-85.055885314941406;
2472564102.5652819;-85.422721862792969;
2472724358.9755383;-84.979423522949219;
2472884615.3857946;-85.524742126464844;
2473044871.796051;-85.014091491699219;
2473205128.2063074;-85.354209899902344;
2473365384.6165643;-85.24951171875;
2473525641.0268207;-85.286369323730469;
2473685897.437077;-85.493789672851562;
2473846153.8473334;-85.337066650390625;
2474006410.2575898;-85.613868713378906;
2474166666.6678462;-85.357780456542969;
2474326923.0781026;-85.679000854492188;
2474487179.488359;-85.435325622558594;
2474647435.8986154;-85.645240783691406;
2474807692.3088717;-85.539558410644531;
2474967948.7191281;-85.624343872070312;
2475128205.1293845;-85.663894653320312;
2475288461.5396409;-85.613517761230469;
2475448717.9498973;-85.687126159667969;
2475608974.3601537;-85.602523803710938;
2475769230.7704101;-85.70916748046875;
2475929487.1806664;-85.613624572753906;
2476089743.5909228;-85.698196411132813;
2476250000.0011792;-85.549484252929688;
2476410256.4114356;-85.612564086914063;
2476570512.8216925;-85.519599914550781;
2476730769.2319489;-85.599212646484375;
2476891025.6422052;-85.515632629394531;
2477051282.0524616;-85.566513061523438;
2477211538.462718;-85.474464416503906;
2477371794.8729744;-85.494911193847656;
2477532051.2832308;-85.4820556640625;
2477692307.6934872;-85.446372985839844;
2477852564.1037436;-85.506492614746094;
2478012820.5139999;-85.506462097167969;
2478173076.9242563;-85.593528747558594;
2478333333.3345127;-85.536697387695312;
2478493589.7447691;-85.591636657714844;
2478653846.1550255;-85.576301574707031;
2478814102.5652819;-85.599159240722656;
2478974358.9755383;-85.602989196777344;
2479134615.3857946;-85.587753295898438;
2479294871.796051;-85.629524230957031;
2479455128.2063074;-85.669898986816406;
2479615384.6165643;-85.727630615234375;
2479775641.0268207;-85.66986083984375;
2479935897.437077;-85.754707336425781;
2480096153.8473334;-85.727607727050781;
2480256410.2575898;-85.799385070800781;
2480416666.6678462;-85.741165161132813;
2480576923.0781026;-85.789581298828125;
2480737179.488359;-85.789634704589844;
2480897435.8986154;-85.828887939453125;
2481057692.3088717;-85.84234619140625;
2481217948.7191281;-85.838424682617187;
2481378205.1293845;-85.840347290039063;
2481538461.5396409;-85.803298950195313;
2481698717.9498973;-85.846260070800781;
2481858974.3601537;-85.826667785644531;
2482019230.7704101;-85.881492614746094;
2482179487.1806664;-85.836471557617188;
2482339743.5909228;-85.913055419921875;
2482500000.0011792;-85.873710632324219;
2482660256.4114356;-85.887405395507813;
2482820512.8216925;-85.869735717773438;
2482980769.2319489;-85.873634338378906;
2483141025.6422052;-85.826713562011719;
2483301282.0524616;-85.87957763671875;
2483461538.462718;-85.905166625976563;
2483621794.8729744;-85.871597290039063;
2483782051.2832308;-85.873695373535156;
2483942307.6934872;-85.877593994140625;
2484102564.1037436;-85.907150268554688;
2484262820.5139999;-85.863876342773438;
