Type;ESU;
Version;4.43;
Date;03.Jun 16;
Mode;ANALYZER;
Center Freq;2434262820.514000;Hz
Freq Offset;0.000000;Hz
Span;100000000.000000;Hz
x-Axis;LIN;
Start;2384262820.514000;Hz
Stop;2484262820.514000;Hz
Ref Level;-9.000000;dBm
Level Offset;0.000000;dB
Ref Position;100.000000;%
y-Axis;LOG;
Level Range;100.000000;dB
Rf Att;5.000000;dB
RBW;2000000.000000;Hz
VBW;50.000000;Hz
SWT;2.500000;s
Trace Mode;CLR/WRITE;
Detector;RMS;
Sweep Count;0;
Trace 1:;;
x-Unit;Hz;
y-Unit;dBm;
Values;625;
2384262820.5139999;-85.715240478515625;
2384423076.9242563;-85.714614868164063;
2384583333.3345127;-85.722442626953125;
2384743589.7447691;-85.727676391601563;
2384903846.1550255;-85.688934326171875;
2385064102.5652819;-85.700431823730469;
2385224358.9755383;-85.671867370605469;
2385384615.3857946;-85.733451843261719;
2385544871.796051;-85.646919250488281;
2385705128.2063074;-85.66607666015625;
2385865384.6165643;-85.664115905761719;
2386025641.0268207;-85.700698852539063;
2386185897.437077;-85.702537536621094;
2386346153.8473334;-85.685287475585937;
2386506410.2575898;-85.677543640136719;
2386666666.6678462;-85.668037414550781;
2386826923.0781026;-85.677589416503906;
2386987179.488359;-85.70648193359375;
2387147435.8986154;-85.675636291503906;
2387307692.3088717;-85.741180419921875;
2387467948.7191281;-85.731353759765625;
2387628205.1293845;-85.6297607421875;
2387788461.5396409;-85.625961303710938;
2387948717.9498973;-85.610687255859375;
2388108974.3601537;-85.679519653320313;
2388269230.7704101;-85.645065307617188;
2388429487.1806664;-85.639228820800781;
2388589743.5909228;-85.633575439453125;
2388750000.0011792;-85.656463623046875;
2388910256.4114356;-85.641220092773438;
2389070512.8216925;-85.666015625;
2389230769.2319489;-85.691047668457031;
2389391025.6422052;-85.654327392578125;
2389551282.0524616;-85.604896545410156;
2389711538.462718;-85.583908081054687;
2389871794.8729744;-85.620208740234375;
2390032051.2832308;-85.591377258300781;
2390192307.6934872;-85.603050231933594;
2390352564.1037436;-85.555145263671875;
2390512820.5139999;-85.597259521484375;
2390673076.9242563;-85.581398010253906;
2390833333.3345127;-85.549720764160156;
2390993589.7447691;-85.55694580078125;
2391153846.1550255;-85.585784912109375;
2391314102.5652819;-85.563865661621094;
2391474358.9755383;-85.464820861816406;
2391634615.3857946;-85.584030151367188;
2391794871.796051;-85.275505065917969;
2391955128.2063074;-85.557403564453125;
2392115384.6165643;-85.244529724121094;
2392275641.0268207;-85.427459716796875;
2392435897.437077;-85.212211608886719;
2392596153.8473334;-85.48748779296875;
2392756410.2575898;-85.087150573730469;
2392916666.6678462;-85.462799072265625;
2393076923.0781026;-85.124610900878906;
2393237179.488359;-85.4368896484375;
2393397435.8986154;-85.092437744140625;
2393557692.3088717;-85.440643310546875;
2393717948.7191281;-85.145820617675781;
2393878205.1293845;-85.452079772949219;
2394038461.5396409;-85.191032409667969;
2394198717.9498973;-85.478141784667969;
2394358974.3601537;-85.236991882324219;
2394519230.7704101;-85.464263916015625;
2394679487.1806664;-85.361892700195313;
2394839743.5909228;-85.505500793457031;
2395000000.0011792;-85.538330078125;
2395160256.4114356;-85.496490478515625;
2395320512.8216925;-85.561195373535156;
2395480769.2319489;-85.443931579589844;
2395641025.6422052;-85.544197082519531;
2395801282.0524616;-85.5421142578125;
2395961538.462718;-85.593551635742187;
2396121794.8729744;-85.500404357910156;
2396282051.2832308;-85.561233520507813;
2396442307.6934872;-85.545822143554688;
2396602564.1037436;-85.555648803710938;
2396762820.5139999;-85.511894226074219;
2396923076.9242563;-85.540512084960937;
2397083333.3345127;-85.502616882324219;
2397243589.7447691;-85.573715209960938;
2397403846.1550255;-85.5615234375;
2397564102.5652819;-85.601959228515625;
2397724358.9755383;-85.624122619628906;
2397884615.3857946;-85.628143310546875;
2398044871.796051;-85.566864013671875;
2398205128.2063074;-85.616432189941406;
2398365384.6165643;-85.580085754394531;
2398525641.0268207;-85.572685241699219;
2398685897.437077;-85.542320251464844;
2398846153.8473334;-85.584030151367188;
2399006410.2575898;-85.587844848632813;
2399166666.6678462;-85.6240234375;
2399326923.0781026;-85.597251892089844;
2399487179.488359;-85.531074523925781;
2399647435.8986154;-85.489570617675781;
2399807692.3088717;-85.561317443847656;
2399967948.7191281;-85.568824768066406;
2400128205.1293845;-85.608802795410156;
2400288461.5396409;-85.551856994628906;
2400448717.9498973;-85.57269287109375;
2400608974.3601537;-85.491439819335938;
2400769230.7704101;-85.557525634765625;
2400929487.1806664;-85.555587768554688;
2401089743.5909228;-85.614509582519531;
2401250000.0011792;-85.553703308105469;
2401410256.4114356;-85.618316650390625;
2401570512.8216925;-85.547996520996094;
2401730769.2319489;-85.549957275390625;
2401891025.6422052;-85.557518005371094;
2402051282.0524616;-85.529190063476563;
2402211538.462718;-85.508415222167969;
2402371794.8729744;-85.603057861328125;
2402532051.2832308;-85.60302734375;
2402692307.6934872;-85.620246887207031;
2402852564.1037436;-85.576408386230469;
2403012820.5139999;-85.566932678222656;
2403173076.9242563;-85.593551635742187;
2403333333.3345127;-85.601158142089844;
2403493589.7447691;-85.603080749511719;
2403653846.1550255;-85.62213134765625;
2403814102.5652819;-85.585975646972656;
2403974358.9755383;-85.618324279785156;
2404134615.3857946;-85.604995727539063;
2404294871.796051;-85.627876281738281;
2404455128.2063074;-85.606895446777344;
2404615384.6165643;-85.662284851074219;
2404775641.0268207;-85.59527587890625;
2404935897.437077;-85.616416931152344;
2405096153.8473334;-85.608779907226562;
2405256410.2575898;-85.625953674316406;
2405416666.6678462;-85.606727600097656;
2405576923.0781026;-85.597305297851563;
2405737179.488359;-85.6202392578125;
2405897435.8986154;-85.608810424804688;
2406057692.3088717;-85.631675720214844;
2406217948.7191281;-85.656539916992188;
2406378205.1293845;-85.67376708984375;
2406538461.5396409;-85.648872375488281;
2406698717.9498973;-85.685279846191406;
2406858974.3601537;-85.650810241699219;
2407019230.7704101;-85.625923156738281;
2407179487.1806664;-85.625930786132813;
2407339743.5909228;-85.639305114746094;
2407500000.0011792;-85.633590698242188;
2407660256.4114356;-85.625946044921875;
2407820512.8216925;-85.645065307617188;
2407980769.2319489;-85.606880187988281;
2408141025.6422052;-85.664215087890625;
2408301282.0524616;-85.627861022949219;
2408461538.462718;-85.622573852539063;
2408621794.8729744;-85.615066528320312;
2408782051.2832308;-85.614517211914062;
2408942307.6934872;-85.620872497558594;
2409102564.1037436;-85.623786926269531;
2409262820.5139999;-85.606857299804688;
2409423076.9242563;-85.682106018066406;
2409583333.3345127;-85.617195129394531;
2409743589.7447691;-85.650810241699219;
2409903846.1550255;-85.615760803222656;
2410064102.5652819;-85.612602233886719;
2410224358.9755383;-85.606300354003906;
2410384615.3857946;-85.602218627929688;
2410544871.796051;-85.587821960449219;
2410705128.2063074;-85.619377136230469;
2410865384.6165643;-85.617477416992188;
2411025641.0268207;-85.645057678222656;
2411185897.437077;-85.660377502441406;
2411346153.8473334;-85.604949951171875;
2411506410.2575898;-85.632049560546875;
2411666666.6678462;-85.65460205078125;
2411826923.0781026;-85.687187194824219;
2411987179.488359;-85.620246887207031;
2412147435.8986154;-85.610702514648437;
2412307692.3088717;-85.639320373535156;
2412467948.7191281;-85.664146423339844;
2412628205.1293845;-85.637413024902344;
2412788461.5396409;-85.65264892578125;
2412948717.9498973;-85.620246887207031;
2413108974.3601537;-85.606346130371094;
2413269230.7704101;-85.627876281738281;
2413429487.1806664;-85.627876281738281;
2413589743.5909228;-85.646896362304688;
2413750000.0011792;-85.725753784179688;
2413910256.4114356;-85.669944763183594;
2414070512.8216925;-85.635490417480469;
2414230769.2319489;-85.645065307617188;
2414391025.6422052;-85.687202453613281;
2414551282.0524616;-85.656539916992188;
2414711538.462718;-85.70648193359375;
2414871794.8729744;-85.668045043945313;
2415032051.2832308;-85.691085815429687;
2415192307.6934872;-85.702621459960937;
2415352564.1037436;-85.681449890136719;
2415512820.5139999;-85.667457580566406;
2415673076.9242563;-85.690650939941406;
2415833333.3345127;-85.660911560058594;
2415993589.7447691;-85.660354614257813;
2416153846.1550255;-85.723831176757813;
2416314102.5652819;-85.702629089355469;
2416474358.9755383;-85.643157958984375;
2416634615.3857946;-85.624061584472656;
2416794871.796051;-85.62786865234375;
2416955128.2063074;-85.654632568359375;
2417115384.6165643;-85.635482788085937;
2417275641.0268207;-85.6527099609375;
2417435897.437077;-85.654632568359375;
2417596153.8473334;-85.660369873046875;
2417756410.2575898;-85.624061584472656;
2417916666.6678462;-85.645072937011719;
2418076923.0781026;-85.680656433105469;
2418237179.488359;-85.70068359375;
2418397435.8986154;-85.681472778320312;
2418557692.3088717;-85.635459899902344;
2418717948.7191281;-85.603080749511719;
2418878205.1293845;-85.624053955078125;
2419038461.5396409;-85.63360595703125;
2419198717.9498973;-85.683387756347656;
2419358974.3601537;-85.645072937011719;
2419519230.7704101;-85.643150329589844;
2419679487.1806664;-85.627876281738281;
2419839743.5909228;-85.612579345703125;
2420000000.0011792;-85.685279846191406;
2420160256.4114356;-85.674057006835938;
2420320512.8216925;-85.691085815429687;
2420480769.2319489;-85.69683837890625;
2420641025.6422052;-85.693008422851562;
2420801282.0524616;-85.622123718261719;
2420961538.462718;-85.648887634277344;
2421121794.8729744;-85.646957397460938;
2421282051.2832308;-85.624061584472656;
2421442307.6934872;-85.597381591796875;
2421602564.1037436;-85.597381591796875;
2421762820.5139999;-85.622100830078125;
2421923076.9242563;-85.666114807128906;
2422083333.3345127;-85.635498046875;
2422243589.7447691;-85.623786926269531;
2422403846.1550255;-85.622138977050781;
2422564102.5652819;-85.63360595703125;
2422724358.9755383;-85.593559265136719;
2422884615.3857946;-85.63360595703125;
2423044871.796051;-85.584068298339844;
2423205128.2063074;-85.622146606445313;
2423365384.6165643;-85.614501953125;
2423525641.0268207;-85.641212463378906;
2423685897.437077;-85.553733825683594;
2423846153.8473334;-85.6240234375;
2424006410.2575898;-85.523513793945313;
2424166666.6678462;-85.559425354003906;
2424326923.0781026;-85.525337219238281;
2424487179.488359;-85.546096801757813;
2424647435.8986154;-85.549942016601562;
2424807692.3088717;-85.549964904785156;
2424967948.7191281;-85.556427001953125;
2425128205.1293845;-85.551780700683594;
2425288461.5396409;-85.508003234863281;
2425448717.9498973;-85.502754211425781;
2425608974.3601537;-85.551841735839844;
2425769230.7704101;-85.521598815917969;
2425929487.1806664;-85.574577331542969;
2426089743.5909228;-85.525390625;
2426250000.0011792;-85.483749389648437;
2426410256.4114356;-85.468185424804688;
2426570512.8216925;-85.434799194335938;
2426730769.2319489;-85.362815856933594;
2426891025.6422052;-85.355209350585937;
2427051282.0524616;-85.24884033203125;
2427211538.462718;-85.251708984375;
2427371794.8729744;-84.540908813476563;
2427532051.2832308;-84.931037902832031;
2427692307.6934872;-83.844879150390625;
2427852564.1037436;-84.271049499511719;
2428012820.5139999;-82.6685791015625;
2428173076.9242563;-83.238807678222656;
2428333333.3345127;-79.966751098632812;
2428493589.7447691;-80.842170715332031;
2428653846.1550255;-77.594985961914063;
2428814102.5652819;-77.736801147460938;
2428974358.9755383;-72.793655395507813;
2429134615.3857946;-73.336441040039063;
2429294871.796051;-69.265617370605469;
2429455128.2063074;-69.358848571777344;
2429615384.6165643;-64.990432739257812;
2429775641.0268207;-64.6080322265625;
2429935897.437077;-61.417293548583984;
2430096153.8473334;-61.557201385498047;
2430256410.2575898;-58.046733856201172;
2430416666.6678462;-56.774501800537109;
2430576923.0781026;-54.502647399902344;
2430737179.488359;-52.793460845947266;
2430897435.8986154;-51.962287902832031;
2431057692.3088717;-50.959178924560547;
2431217948.7191281;-47.467422485351563;
2431378205.1293845;-47.445068359375;
2431538461.5396409;-44.611106872558594;
2431698717.9498973;-44.703216552734375;
2431858974.3601537;-41.961353302001953;
2432019230.7704101;-41.337688446044922;
2432179487.1806664;-38.856101989746094;
2432339743.5909228;-38.450531005859375;
2432500000.0011792;-36.444385528564453;
2432660256.4114356;-36.068923950195312;
2432820512.8216925;-33.613910675048828;
2432980769.2319489;-33.184055328369141;
2433141025.6422052;-32.067874908447266;
2433301282.0524616;-31.260265350341797;
2433461538.462718;-30.516464233398438;
2433621794.8729744;-29.562875747680664;
2433782051.2832308;-29.164138793945313;
2433942307.6934872;-28.779760360717773;
2434102564.1037436;-28.6116943359375;
2434262820.5139999;-28.329433441162109;
2434423076.9242563;-28.59809684753418;
2434583333.3345127;-28.582441329956055;
2434743589.7447691;-29.172658920288086;
2434903846.1550255;-29.315816879272461;
2435064102.5652819;-30.210250854492188;
2435224358.9755383;-30.923620223999023;
2435384615.3857946;-32.147796630859375;
2435544871.796051;-32.648262023925781;
2435705128.2063074;-33.862113952636719;
2435865384.6165643;-34.724693298339844;
2436025641.0268207;-36.716419219970703;
2436185897.437077;-37.470420837402344;
2436346153.8473334;-38.946075439453125;
2436506410.2575898;-39.673667907714844;
2436666666.6678462;-41.388744354248047;
2436826923.0781026;-42.831138610839844;
2436987179.488359;-44.4625244140625;
2437147435.8986154;-45.146640777587891;
2437307692.3088717;-46.522678375244141;
2437467948.7191281;-47.662063598632813;
2437628205.1293845;-49.6285400390625;
2437788461.5396409;-50.750961303710937;
2437948717.9498973;-52.037738800048828;
2438108974.3601537;-53.104881286621094;
2438269230.7704101;-54.570232391357422;
2438429487.1806664;-56.2266845703125;
2438589743.5909228;-57.945205688476563;
2438750000.0011792;-58.720695495605469;
2438910256.4114356;-60.346023559570313;
2439070512.8216925;-61.196029663085938;
2439230769.2319489;-63.627044677734375;
2439391025.6422052;-64.642440795898437;
2439551282.0524616;-66.426765441894531;
2439711538.462718;-67.290382385253906;
2439871794.8729744;-69.201065063476563;
2440032051.2832308;-71.393539428710938;
2440192307.6934872;-73.243263244628906;
2440352564.1037436;-74.793914794921875;
2440512820.5139999;-76.320808410644531;
2440673076.9242563;-78.056221008300781;
2440833333.3345127;-80.475601196289063;
2440993589.7447691;-81.731109619140625;
2441153846.1550255;-82.802970886230469;
2441314102.5652819;-83.5054931640625;
2441474358.9755383;-84.266197204589844;
2441634615.3857946;-84.914459228515625;
2441794871.796051;-85.168479919433594;
2441955128.2063074;-85.331382751464844;
2442115384.6165643;-85.3739013671875;
2442275641.0268207;-85.49603271484375;
2442435897.437077;-85.557479858398437;
2442596153.8473334;-85.622154235839844;
2442756410.2575898;-85.622116088867188;
2442916666.6678462;-85.624038696289062;
2443076923.0781026;-85.572486877441406;
2443237179.488359;-85.587806701660156;
2443397435.8986154;-85.652671813964844;
2443557692.3088717;-85.6929931640625;
2443717948.7191281;-85.6202392578125;
2443878205.1293845;-85.639328002929688;
2444038461.5396409;-85.614501953125;
2444198717.9498973;-85.7410888671875;
2444358974.3601537;-85.659706115722656;
2444519230.7704101;-85.467079162597656;
2444679487.1806664;-85.429122924804687;
2444839743.5909228;-85.138824462890625;
2445000000.0011792;-85.343299865722656;
2445160256.4114356;-85.643051147460938;
2445320512.8216925;-85.725715637207031;
2445480769.2319489;-85.776092529296875;
2445641025.6422052;-85.764457702636719;
2445801282.0524616;-85.791633605957031;
2445961538.462718;-85.762474060058594;
2446121794.8729744;-85.2484130859375;
2446282051.2832308;-85.086624145507813;
2446442307.6934872;-85.519683837890625;
2446602564.1037436;-85.446426391601563;
2446762820.5139999;-85.542366027832031;
2446923076.9242563;-85.639205932617188;
2447083333.3345127;-85.716110229492188;
2447243589.7447691;-85.692977905273438;
2447403846.1550255;-85.708412170410156;
2447564102.5652819;-85.712257385253906;
2447724358.9755383;-85.772201538085938;
2447884615.3857946;-85.752822875976563;
2448044871.796051;-85.758621215820313;
2448205128.2063074;-85.822792053222656;
2448365384.6165643;-85.807205200195313;
2448525641.0268207;-85.783859252929688;
2448685897.437077;-85.772209167480469;
2448846153.8473334;-85.762504577636719;
2449006410.2575898;-85.7412109375;
2449166666.6678462;-85.745033264160156;
2449326923.0781026;-85.704124450683594;
2449487179.488359;-85.446525573730469;
2449647435.8986154;-85.421928405761719;
2449807692.3088717;-85.578285217285156;
2449967948.7191281;-85.709304809570313;
2450128205.1293845;-85.460517883300781;
2450288461.5396409;-85.166732788085938;
2450448717.9498973;-85.342842102050781;
2450608974.3601537;-85.664176940917969;
2450769230.7704101;-85.491859436035156;
2450929487.1806664;-85.421401977539062;
2451089743.5909228;-85.677558898925781;
2451250000.0011792;-85.777976989746094;
2451410256.4114356;-85.708168029785156;
2451570512.8216925;-85.721885681152344;
2451730769.2319489;-85.768257141113281;
2451891025.6422052;-85.865829467773438;
2452051282.0524616;-85.813056945800781;
2452211538.462718;-85.822799682617188;
2452371794.8729744;-81.742416381835938;
2452532051.2832308;-76.233436584472656;
2452692307.6934872;-74.194725036621094;
2452852564.1037436;-73.876152038574219;
2453012820.5139999;-73.803634643554687;
2453173076.9242563;-74.066307067871094;
2453333333.3345127;-75.555076599121094;
2453493589.7447691;-77.649421691894531;
2453653846.1550255;-74.507568359375;
2453814102.5652819;-72.464309692382812;
2453974358.9755383;-72.037651062011719;
2454134615.3857946;-72.166542053222656;
2454294871.796051;-71.730537414550781;
2454455128.2063074;-71.934761047363281;
2454615384.6165643;-73.064125061035156;
2454775641.0268207;-77.886283874511719;
2454935897.437077;-83.061264038085938;
2455096153.8473334;-84.949012756347656;
2455256410.2575898;-85.58929443359375;
2455416666.6678462;-85.688995361328125;
2455576923.0781026;-85.737144470214844;
2455737179.488359;-85.816886901855469;
2455897435.8986154;-85.826705932617188;
2456057692.3088717;-85.824752807617188;
2456217948.7191281;-85.754615783691406;
2456378205.1293845;-85.229331970214844;
2456538461.5396409;-83.546646118164062;
2456698717.9498973;-85.20947265625;
2456858974.3601537;-85.62554931640625;
2457019230.7704101;-85.795516967773438;
2457179487.1806664;-85.795402526855469;
2457339743.5909228;-85.850166320800781;
2457500000.0011792;-85.81451416015625;
2457660256.4114356;-85.858016967773438;
2457820512.8216925;-85.800666809082031;
2457980769.2319489;-85.833389282226562;
2458141025.6422052;-85.804122924804688;
2458301282.0524616;-85.784126281738281;
2458461538.462718;-85.778099060058594;
2458621794.8729744;-85.822784423828125;
2458782051.2832308;-85.848220825195313;
2458942307.6934872;-85.859954833984375;
2459102564.1037436;-85.848220825195313;
2459262820.5139999;-85.85015869140625;
2459423076.9242563;-85.824569702148438;
2459583333.3345127;-85.599250793457031;
2459743589.7447691;-85.451347351074219;
2459903846.1550255;-85.036781311035156;
2460064102.5652819;-85.122314453125;
2460224358.9755383;-85.568687438964844;
2460384615.3857946;-85.748893737792969;
2460544871.796051;-85.764091491699219;
2460705128.2063074;-85.640937805175781;
2460865384.6165643;-85.772209167480469;
2461025641.0268207;-85.838424682617187;
2461185897.437077;-85.846244812011719;
2461346153.8473334;-85.893333435058594;
2461506410.2575898;-85.85601806640625;
2461666666.6678462;-85.857986450195313;
2461826923.0781026;-85.803207397460938;
2461987179.488359;-85.897270202636719;
2462147435.8986154;-85.887428283691406;
2462307692.3088717;-85.877540588378906;
2462467948.7191281;-85.873710632324219;
2462628205.1293845;-85.842308044433594;
2462788461.5396409;-85.856040954589844;
2462948717.9498973;-85.852088928222656;
2463108974.3601537;-85.844284057617188;
2463269230.7704101;-85.838386535644531;
2463429487.1806664;-85.867782592773438;
2463589743.5909228;-85.834419250488281;
2463750000.0011792;-85.879600524902344;
2463910256.4114356;-85.832542419433594;
2464070512.8216925;-85.853981018066406;
2464230769.2319489;-85.787651062011719;
2464391025.6422052;-85.822723388671875;
2464551282.0524616;-85.805198669433594;
2464711538.462718;-85.82666015625;
2464871794.8729744;-85.826705932617188;
2465032051.2832308;-85.768051147460938;
2465192307.6934872;-85.809112548828125;
2465352564.1037436;-85.770172119140625;
2465512820.5139999;-85.857978820800781;
2465673076.9242563;-85.822685241699219;
2465833333.3345127;-85.766204833984375;
2465993589.7447691;-85.857986450195313;
2466153846.1550255;-85.818801879882813;
2466314102.5652819;-85.807136535644531;
2466474358.9755383;-85.789596557617187;
2466634615.3857946;-85.80902099609375;
2466794871.796051;-85.826713562011719;
2466955128.2063074;-85.770027160644531;
2467115384.6165643;-85.813034057617188;
2467275641.0268207;-85.775787353515625;
2467435897.437077;-85.750747680664063;
2467596153.8473334;-85.77569580078125;
2467756410.2575898;-85.775985717773438;
2467916666.6678462;-85.789451599121094;
2468076923.0781026;-85.735679626464844;
2468237179.488359;-85.811019897460938;
2468397435.8986154;-85.728721618652344;
2468557692.3088717;-85.823204040527344;
2468717948.7191281;-85.711143493652344;
2468878205.1293845;-85.793502807617187;
2469038461.5396409;-85.72662353515625;
2469198717.9498973;-85.848106384277344;
2469358974.3601537;-85.746803283691406;
2469519230.7704101;-85.793472290039063;
2469679487.1806664;-85.5760498046875;
2469839743.5909228;-85.760360717773438;
2470000000.0011792;-85.709625244140625;
2470160256.4114356;-85.78564453125;
2470320512.8216925;-85.745315551757813;
2470480769.2319489;-85.696510314941406;
2470641025.6422052;-85.7049560546875;
2470801282.0524616;-85.708045959472656;
2470961538.462718;-85.636016845703125;
2471121794.8729744;-85.717811584472656;
2471282051.2832308;-85.595718383789063;
2471442307.6934872;-85.577590942382812;
2471602564.1037436;-85.563941955566406;
2471762820.5139999;-85.633132934570313;
2471923076.9242563;-85.537361145019531;
2472083333.3345127;-85.388114929199219;
2472243589.7447691;-85.501319885253906;
2472403846.1550255;-85.599807739257812;
2472564102.5652819;-84.838516235351563;
2472724358.9755383;-85.460304260253906;
2472884615.3857946;-84.9005126953125;
2473044871.796051;-85.501220703125;
2473205128.2063074;-84.938339233398437;
2473365384.6165643;-85.431297302246094;
2473525641.0268207;-84.914833068847656;
2473685897.437077;-85.268180847167969;
2473846153.8473334;-85.080696105957031;
2474006410.2575898;-85.399330139160156;
2474166666.6678462;-85.148284912109375;
2474326923.0781026;-85.190963745117188;
2474487179.488359;-85.336997985839844;
2474647435.8986154;-85.21990966796875;
2474807692.3088717;-85.512992858886719;
2474967948.7191281;-85.321304321289063;
2475128205.1293845;-85.552803039550781;
2475288461.5396409;-85.385169982910156;
2475448717.9498973;-85.496139526367188;
2475608974.3601537;-85.476692199707031;
2475769230.7704101;-85.690742492675781;
2475929487.1806664;-85.584068298339844;
2476089743.5909228;-85.65252685546875;
2476250000.0011792;-85.516555786132812;
2476410256.4114356;-85.656387329101563;
2476570512.8216925;-85.605979919433594;
2476730769.2319489;-85.638923645019531;
2476891025.6422052;-85.623283386230469;
2477051282.0524616;-85.625946044921875;
2477211538.462718;-85.576103210449219;
2477371794.8729744;-85.683311462402344;
2477532051.2832308;-85.589271545410156;
2477692307.6934872;-85.694816589355469;
2477852564.1037436;-85.593170166015625;
2478012820.5139999;-85.669891357421875;
2478173076.9242563;-85.620025634765625;
2478333333.3345127;-85.681373596191406;
2478493589.7447691;-85.667762756347656;
2478653846.1550255;-85.745048522949219;
2478814102.5652819;-85.710189819335938;
2478974358.9755383;-85.785743713378906;
2479134615.3857946;-85.702491760253906;
2479294871.796051;-85.795501708984375;
2479455128.2063074;-85.73150634765625;
2479615384.6165643;-85.834503173828125;
2479775641.0268207;-85.733451843261719;
2479935897.437077;-85.814949035644531;
2480096153.8473334;-85.746978759765625;
2480256410.2575898;-85.824729919433594;
2480416666.6678462;-85.781814575195313;
2480576923.0781026;-85.877586364746094;
2480737179.488359;-85.83837890625;
2480897435.8986154;-85.891365051269531;
2481057692.3088717;-85.842315673828125;
2481217948.7191281;-85.881568908691406;
2481378205.1293845;-85.873611450195312;
2481538461.5396409;-85.911048889160156;
2481698717.9498973;-85.838432312011719;
2481858974.3601537;-85.838417053222656;
2482019230.7704101;-85.856033325195313;
2482179487.1806664;-85.846244812011719;
2482339743.5909228;-85.883445739746094;
2482500000.0011792;-85.895309448242188;
2482660256.4114356;-85.881515502929688;
2482820512.8216925;-85.893341064453125;
2482980769.2319489;-85.905166625976563;
2483141025.6422052;-85.889389038085938;
2483301282.0524616;-85.907135009765625;
2483461538.462718;-85.913055419921875;
2483621794.8729744;-85.911094665527344;
2483782051.2832308;-85.909103393554688;
2483942307.6934872;-85.918983459472656;
2484102564.1037436;-85.89532470703125;
2484262820.5139999;-85.934783935546875;
