Type;ESU;
Version;4.43;
Date;03.Jun 16;
Mode;ANALYZER;
Center Freq;2434262820.514000;Hz
Freq Offset;0.000000;Hz
Span;100000000.000000;Hz
x-Axis;LIN;
Start;2384262820.514000;Hz
Stop;2484262820.514000;Hz
Ref Level;-9.000000;dBm
Level Offset;0.000000;dB
Ref Position;100.000000;%
y-Axis;LOG;
Level Range;100.000000;dB
Rf Att;5.000000;dB
RBW;2000000.000000;Hz
VBW;50.000000;Hz
SWT;2.500000;s
Trace Mode;CLR/WRITE;
Detector;RMS;
Sweep Count;0;
Trace 1:;;
x-Unit;Hz;
y-Unit;dBm;
Values;625;
2384262820.5139999;-85.73065185546875;
2384423076.9242563;-85.721893310546875;
2384583333.3345127;-85.708404541015625;
2384743589.7447691;-85.721893310546875;
2384903846.1550255;-85.729606628417969;
2385064102.5652819;-85.700706481933594;
2385224358.9755383;-85.700698852539063;
2385384615.3857946;-85.67572021484375;
2385544871.796051;-85.685325622558594;
2385705128.2063074;-85.716102600097656;
2385865384.6165643;-85.752822875976563;
2386025641.0268207;-85.704551696777344;
2386185897.437077;-85.731544494628906;
2386346153.8473334;-85.762481689453125;
2386506410.2575898;-85.75860595703125;
2386666666.6678462;-85.752799987792969;
2386826923.0781026;-85.758575439453125;
2386987179.488359;-85.693008422851562;
2387147435.8986154;-85.685310363769531;
2387307692.3088717;-85.696846008300781;
2387467948.7191281;-85.708389282226563;
2387628205.1293845;-85.719970703125;
2387788461.5396409;-85.698768615722656;
2387948717.9498973;-85.673797607421875;
2388108974.3601537;-85.685226440429688;
2388269230.7704101;-85.675682067871094;
2388429487.1806664;-85.719947814941406;
2388589743.5909228;-85.70648193359375;
2388750000.0011792;-85.683380126953125;
2388910256.4114356;-85.710334777832031;
2389070512.8216925;-85.675704956054688;
2389230769.2319489;-85.710311889648438;
2389391025.6422052;-85.646896362304688;
2389551282.0524616;-85.669937133789063;
2389711538.462718;-85.664154052734375;
2389871794.8729744;-85.708244323730469;
2390032051.2832308;-85.706329345703125;
2390192307.6934872;-85.691085815429687;
2390352564.1037436;-85.641212463378906;
2390512820.5139999;-85.658447265625;
2390673076.9242563;-85.623924255371094;
2390833333.3345127;-85.631683349609375;
2390993589.7447691;-85.591529846191406;
2391153846.1550255;-85.593498229980469;
2391314102.5652819;-85.581787109375;
2391474358.9755383;-85.551651000976562;
2391634615.3857946;-85.627838134765625;
2391794871.796051;-85.446144104003906;
2391955128.2063074;-85.604576110839844;
2392115384.6165643;-85.50445556640625;
2392275641.0268207;-85.539649963378906;
2392435897.437077;-85.423629760742188;
2392596153.8473334;-85.608772277832031;
2392756410.2575898;-85.265769958496094;
2392916666.6678462;-85.485679626464844;
2393076923.0781026;-85.341468811035156;
2393237179.488359;-85.551834106445313;
2393397435.8986154;-85.216316223144531;
2393557692.3088717;-85.532707214355469;
2393717948.7191281;-85.315582275390625;
2393878205.1293845;-85.521598815917969;
2394038461.5396409;-85.301292419433594;
2394198717.9498973;-85.525344848632812;
2394358974.3601537;-85.347587585449219;
2394519230.7704101;-85.5667724609375;
2394679487.1806664;-85.416282653808594;
2394839743.5909228;-85.565093994140625;
2395000000.0011792;-85.515983581542969;
2395160256.4114356;-85.589645385742188;
2395320512.8216925;-85.524604797363281;
2395480769.2319489;-85.523460388183594;
2395641025.6422052;-85.562934875488281;
2395801282.0524616;-85.591621398925781;
2395961538.462718;-85.614509582519531;
2396121794.8729744;-85.544219970703125;
2396282051.2832308;-85.595451354980469;
2396442307.6934872;-85.574478149414063;
2396602564.1037436;-85.603065490722656;
2396762820.5139999;-85.561126708984375;
2396923076.9242563;-85.561317443847656;
2397083333.3345127;-85.593544006347656;
2397243589.7447691;-85.627861022949219;
2397403846.1550255;-85.572608947753906;
2397564102.5652819;-85.616424560546875;
2397724358.9755383;-85.585952758789063;
2397884615.3857946;-85.616432189941406;
2398044871.796051;-85.606887817382812;
2398205128.2063074;-85.629776000976563;
2398365384.6165643;-85.6068115234375;
2398525641.0268207;-85.5821533203125;
2398685897.437077;-85.60302734375;
2398846153.8473334;-85.604927062988281;
2399006410.2575898;-85.644973754882813;
2399166666.6678462;-85.620231628417969;
2399326923.0781026;-85.608802795410156;
2399487179.488359;-85.608802795410156;
2399647435.8986154;-85.551834106445313;
2399807692.3088717;-85.570793151855469;
2399967948.7191281;-85.622146606445313;
2400128205.1293845;-85.643142700195313;
2400288461.5396409;-85.637413024902344;
2400448717.9498973;-85.645065307617188;
2400608974.3601537;-85.622146606445313;
2400769230.7704101;-85.614509582519531;
2400929487.1806664;-85.582466125488281;
2401089743.5909228;-85.605636596679688;
2401250000.0011792;-85.612846374511719;
2401410256.4114356;-85.561744689941406;
2401570512.8216925;-85.610687255859375;
2401730769.2319489;-85.645072937011719;
2401891025.6422052;-85.625961303710938;
2402051282.0524616;-85.648895263671875;
2402211538.462718;-85.622154235839844;
2402371794.8729744;-85.627876281738281;
2402532051.2832308;-85.604995727539063;
2402692307.6934872;-85.610710144042969;
2402852564.1037436;-85.614517211914062;
2403012820.5139999;-85.612617492675781;
2403173076.9242563;-85.618331909179687;
2403333333.3345127;-85.616416931152344;
2403493589.7447691;-85.627876281738281;
2403653846.1550255;-85.627876281738281;
2403814102.5652819;-85.612602233886719;
2403974358.9755383;-85.582168579101563;
2404134615.3857946;-85.646965026855469;
2404294871.796051;-85.610694885253906;
2404455128.2063074;-85.618339538574219;
2404615384.6165643;-85.620246887207031;
2404775641.0268207;-85.63275146484375;
2404935897.437077;-85.621597290039063;
2405096153.8473334;-85.625953674316406;
2405256410.2575898;-85.614517211914062;
2405416666.6678462;-85.619430541992188;
2405576923.0781026;-85.622566223144531;
2405737179.488359;-85.6412353515625;
2405897435.8986154;-85.625953674316406;
2406057692.3088717;-85.62786865234375;
2406217948.7191281;-85.61260986328125;
2406378205.1293845;-85.620246887207031;
2406538461.5396409;-85.608802795410156;
2406698717.9498973;-85.6202392578125;
2406858974.3601537;-85.624038696289062;
2407019230.7704101;-85.63360595703125;
2407179487.1806664;-85.629783630371094;
2407339743.5909228;-85.645034790039063;
2407500000.0011792;-85.683387756347656;
2407660256.4114356;-85.67572021484375;
2407820512.8216925;-85.671867370605469;
2407980769.2319489;-85.639320373535156;
2408141025.6422052;-85.631668090820312;
2408301282.0524616;-85.65655517578125;
2408461538.462718;-85.6202392578125;
2408621794.8729744;-85.624061584472656;
2408782051.2832308;-85.593559265136719;
2408942307.6934872;-85.671859741210938;
2409102564.1037436;-85.629753112792969;
2409262820.5139999;-85.646957397460938;
2409423076.9242563;-85.620193481445313;
2409583333.3345127;-85.622146606445313;
2409743589.7447691;-85.597373962402344;
2409903846.1550255;-85.650772094726563;
2410064102.5652819;-85.633598327636719;
2410224358.9755383;-85.622146606445313;
2410384615.3857946;-85.627861022949219;
2410544871.796051;-85.650794982910156;
2410705128.2063074;-85.622146606445313;
2410865384.6165643;-85.620223999023437;
2411025641.0268207;-85.587867736816406;
2411185897.437077;-85.618339538574219;
2411346153.8473334;-85.589767456054688;
2411506410.2575898;-85.627494812011719;
2411666666.6678462;-85.694915771484375;
2411826923.0781026;-85.6412353515625;
2411987179.488359;-85.693000793457031;
2412147435.8986154;-85.654632568359375;
2412307692.3088717;-85.648895263671875;
2412467948.7191281;-85.654609680175781;
2412628205.1293845;-85.635482788085937;
2412788461.5396409;-85.635513305664063;
2412948717.9498973;-85.624053955078125;
2413108974.3601537;-85.641242980957031;
2413269230.7704101;-85.664207458496094;
2413429487.1806664;-85.704559326171875;
2413589743.5909228;-85.654586791992188;
2413750000.0011792;-85.692977905273438;
2413910256.4114356;-85.645050048828125;
2414070512.8216925;-85.660354614257813;
2414230769.2319489;-85.65869140625;
2414391025.6422052;-85.702560424804688;
2414551282.0524616;-85.721878051757812;
2414711538.462718;-85.654617309570313;
2414871794.8729744;-85.72381591796875;
2415032051.2832308;-85.714141845703125;
2415192307.6934872;-85.764450073242188;
2415352564.1037436;-85.712257385253906;
2415512820.5139999;-85.687225341796875;
2415673076.9242563;-85.70648193359375;
2415833333.3345127;-85.694923400878906;
2415993589.7447691;-85.712265014648437;
2416153846.1550255;-85.68145751953125;
2416314102.5652819;-85.685317993164063;
2416474358.9755383;-85.694931030273438;
2416634615.3857946;-85.654342651367188;
2416794871.796051;-85.648887634277344;
2416955128.2063074;-85.696853637695313;
2417115384.6165643;-85.696853637695313;
2417275641.0268207;-85.704551696777344;
2417435897.437077;-85.708412170410156;
2417596153.8473334;-85.70648193359375;
2417756410.2575898;-85.712265014648437;
2417916666.6678462;-85.708412170410156;
2418076923.0781026;-85.689163208007813;
2418237179.488359;-85.723808288574219;
2418397435.8986154;-85.731521606445312;
2418557692.3088717;-85.635505676269531;
2418717948.7191281;-85.652717590332031;
2418878205.1293845;-85.70703125;
2419038461.5396409;-85.704551696777344;
2419198717.9498973;-85.693008422851562;
2419358974.3601537;-85.70263671875;
2419519230.7704101;-85.70648193359375;
2419679487.1806664;-85.704559326171875;
2419839743.5909228;-85.696853637695313;
2420000000.0011792;-85.691085815429687;
2420160256.4114356;-85.683403015136719;
2420320512.8216925;-85.645042419433594;
2420480769.2319489;-85.631690979003906;
2420641025.6422052;-85.635498046875;
2420801282.0524616;-85.646965026855469;
2420961538.462718;-85.625961303710938;
2421121794.8729744;-85.656486511230469;
2421282051.2832308;-85.719970703125;
2421442307.6934872;-85.662239074707031;
2421602564.1037436;-85.677604675292969;
2421762820.5139999;-85.660346984863281;
2421923076.9242563;-85.639320373535156;
2422083333.3345127;-85.65460205078125;
2422243589.7447691;-85.669952392578125;
2422403846.1550255;-85.624061584472656;
2422564102.5652819;-85.622146606445313;
2422724358.9755383;-85.648895263671875;
2422884615.3857946;-85.620246887207031;
2423044871.796051;-85.612884521484375;
2423205128.2063074;-85.643157958984375;
2423365384.6165643;-85.597373962402344;
2423525641.0268207;-85.620246887207031;
2423685897.437077;-85.63739013671875;
2423846153.8473334;-85.614517211914062;
2424006410.2575898;-85.650794982910156;
2424166666.6678462;-85.660377502441406;
2424326923.0781026;-85.637344360351563;
2424487179.488359;-85.60687255859375;
2424647435.8986154;-85.658447265625;
2424807692.3088717;-85.63739013671875;
2424967948.7191281;-85.616409301757812;
2425128205.1293845;-85.662200927734375;
2425288461.5396409;-85.652694702148438;
2425448717.9498973;-85.645072937011719;
2425608974.3601537;-85.614517211914062;
2425769230.7704101;-85.549919128417969;
2425929487.1806664;-85.616432189941406;
2426089743.5909228;-85.576492309570313;
2426250000.0011792;-85.6240234375;
2426410256.4114356;-85.595466613769531;
2426570512.8216925;-85.612617492675781;
2426730769.2319489;-85.532905578613281;
2426891025.6422052;-85.542404174804687;
2427051282.0524616;-85.435043334960937;
2427211538.462718;-85.517868041992188;
2427371794.8729744;-85.192947387695313;
2427532051.2832308;-85.336959838867188;
2427692307.6934872;-84.716781616210938;
2427852564.1037436;-84.688331604003906;
2428012820.5139999;-83.779212951660156;
2428173076.9242563;-84.431343078613281;
2428333333.3345127;-82.463783264160156;
2428493589.7447691;-83.1712646484375;
2428653846.1550255;-79.501800537109375;
2428814102.5652819;-80.2186279296875;
2428974358.9755383;-76.761322021484375;
2429134615.3857946;-76.81451416015625;
2429294871.796051;-72.847076416015625;
2429455128.2063074;-71.04791259765625;
2429615384.6165643;-69.750473022460938;
2429775641.0268207;-66.921218872070313;
2429935897.437077;-66.609001159667969;
2430096153.8473334;-63.321968078613281;
2430256410.2575898;-61.459640502929687;
2430416666.6678462;-60.093280792236328;
2430576923.0781026;-58.297557830810547;
2430737179.488359;-56.998725891113281;
2430897435.8986154;-54.477695465087891;
2431057692.3088717;-54.236358642578125;
2431217948.7191281;-50.723926544189453;
2431378205.1293845;-50.951927185058594;
2431538461.5396409;-48.224483489990234;
2431698717.9498973;-47.471237182617188;
2431858974.3601537;-44.705310821533203;
2432019230.7704101;-44.535373687744141;
2432179487.1806664;-42.2283935546875;
2432339743.5909228;-41.831291198730469;
2432500000.0011792;-39.301490783691406;
2432660256.4114356;-38.655780792236328;
2432820512.8216925;-36.955184936523438;
2432980769.2319489;-36.355342864990234;
2433141025.6422052;-35.118061065673828;
2433301282.0524616;-33.818519592285156;
2433461538.462718;-33.140022277832031;
2433621794.8729744;-32.363162994384766;
2433782051.2832308;-31.81402587890625;
2433942307.6934872;-31.265459060668945;
2434102564.1037436;-30.721376419067383;
2434262820.5139999;-30.594266891479492;
2434423076.9242563;-30.478853225708008;
2434583333.3345127;-30.576778411865234;
2434743589.7447691;-30.707304000854492;
2434903846.1550255;-31.283491134643555;
2435064102.5652819;-31.768310546875;
2435224358.9755383;-32.416069030761719;
2435384615.3857946;-33.100452423095703;
2435544871.796051;-33.884292602539062;
2435705128.2063074;-35.318046569824219;
2435865384.6165643;-36.217720031738281;
2436025641.0268207;-37.382728576660156;
2436185897.437077;-38.347282409667969;
2436346153.8473334;-39.593730926513672;
2436506410.2575898;-41.287349700927734;
2436666666.6678462;-42.599071502685547;
2436826923.0781026;-43.650115966796875;
2436987179.488359;-44.938316345214844;
2437147435.8986154;-46.063388824462891;
2437307692.3088717;-48.210735321044922;
2437467948.7191281;-49.133491516113281;
2437628205.1293845;-50.642593383789062;
2437788461.5396409;-51.539203643798828;
2437948717.9498973;-53.170394897460938;
2438108974.3601537;-54.661594390869141;
2438269230.7704101;-56.331371307373047;
2438429487.1806664;-57.260337829589844;
2438589743.5909228;-58.571205139160156;
2438750000.0011792;-59.727725982666016;
2438910256.4114356;-61.890018463134766;
2439070512.8216925;-62.808010101318359;
2439230769.2319489;-64.238998413085938;
2439391025.6422052;-65.1279296875;
2439551282.0524616;-66.590812683105469;
2439711538.462718;-68.796699523925781;
2439871794.8729744;-70.165908813476563;
2440032051.2832308;-71.916664123535156;
2440192307.6934872;-73.116081237792969;
2440352564.1037436;-74.920387268066406;
2440512820.5139999;-77.172767639160156;
2440673076.9242563;-79.037971496582031;
2440833333.3345127;-80.199974060058594;
2440993589.7447691;-81.757118225097656;
2441153846.1550255;-82.713104248046875;
2441314102.5652819;-84.096702575683594;
2441474358.9755383;-84.583610534667969;
2441634615.3857946;-84.95928955078125;
2441794871.796051;-85.159599304199219;
2441955128.2063074;-85.392318725585937;
2442115384.6165643;-85.574546813964844;
2442275641.0268207;-85.624061584472656;
2442435897.437077;-85.662284851074219;
2442596153.8473334;-85.712242126464844;
2442756410.2575898;-85.731529235839844;
2442916666.6678462;-85.716117858886719;
2443076923.0781026;-85.7296142578125;
2443237179.488359;-85.718048095703125;
2443397435.8986154;-85.739288330078125;
2443557692.3088717;-85.733489990234375;
2443717948.7191281;-85.7838134765625;
2443878205.1293845;-85.787750244140625;
2444038461.5396409;-85.746963500976562;
2444198717.9498973;-85.735397338867188;
2444358974.3601537;-85.797462463378906;
2444519230.7704101;-85.815010070800781;
2444679487.1806664;-85.803306579589844;
2444839743.5909228;-85.81500244140625;
2445000000.0011792;-85.815010070800781;
2445160256.4114356;-85.783859252929688;
2445320512.8216925;-85.81109619140625;
2445480769.2319489;-85.81500244140625;
2445641025.6422052;-85.81500244140625;
2445801282.0524616;-85.816963195800781;
2445961538.462718;-85.824760437011719;
2446121794.8729744;-85.793571472167969;
2446282051.2832308;-85.809158325195313;
2446442307.6934872;-85.81890869140625;
2446602564.1037436;-85.781913757324219;
2446762820.5139999;-85.805137634277344;
2446923076.9242563;-85.820846557617188;
2447083333.3345127;-85.768775939941406;
2447243589.7447691;-85.710334777832031;
2447403846.1550255;-85.719963073730469;
2447564102.5652819;-85.801300048828125;
2447724358.9755383;-85.805244445800781;
2447884615.3857946;-85.805259704589844;
2448044871.796051;-85.82476806640625;
2448205128.2063074;-85.805908203125;
2448365384.6165643;-85.813331604003906;
2448525641.0268207;-85.811103820800781;
2448685897.437077;-85.871711730957031;
2448846153.8473334;-85.8717041015625;
2449006410.2575898;-85.824737548828125;
2449166666.6678462;-85.832565307617188;
2449326923.0781026;-85.809158325195313;
2449487179.488359;-85.863868713378906;
2449647435.8986154;-85.816909790039063;
2449807692.3088717;-85.816963195800781;
2449967948.7191281;-85.739089965820313;
2450128205.1293845;-85.616432189941406;
2450288461.5396409;-85.725692749023437;
2450448717.9498973;-85.731536865234375;
2450608974.3601537;-85.735397338867188;
2450769230.7704101;-85.795524597167969;
2450929487.1806664;-85.797462463378906;
2451089743.5909228;-85.81304931640625;
2451250000.0011792;-85.811111450195313;
2451410256.4114356;-85.816963195800781;
2451570512.8216925;-85.7935791015625;
2451730769.2319489;-85.814987182617188;
2451891025.6422052;-85.82476806640625;
2452051282.0524616;-85.854072570800781;
2452211538.462718;-85.89532470703125;
2452371794.8729744;-85.82867431640625;
2452532051.2832308;-85.81304931640625;
2452692307.6934872;-85.83843994140625;
2452852564.1037436;-85.838432312011719;
2453012820.5139999;-85.82672119140625;
2453173076.9242563;-85.826705932617188;
2453333333.3345127;-85.84625244140625;
2453493589.7447691;-85.81890869140625;
2453653846.1550255;-85.830612182617188;
2453814102.5652819;-85.809135437011719;
2453974358.9755383;-85.82086181640625;
2454134615.3857946;-85.811111450195313;
2454294871.796051;-85.764350891113281;
2454455128.2063074;-85.756614685058594;
2454615384.6165643;-85.826713562011719;
2454775641.0268207;-85.772171020507813;
2454935897.437077;-85.850181579589844;
2455096153.8473334;-85.813018798828125;
2455256410.2575898;-85.838424682617187;
2455416666.6678462;-85.844268798828125;
2455576923.0781026;-85.828651428222656;
2455737179.488359;-85.779914855957031;
2455897435.8986154;-85.81695556640625;
2456057692.3088717;-85.735389709472656;
2456217948.7191281;-85.73541259765625;
2456378205.1293845;-85.789665222167969;
2456538461.5396409;-85.820846557617188;
2456698717.9498973;-85.785743713378906;
2456858974.3601537;-85.772193908691406;
2457019230.7704101;-85.81109619140625;
2457179487.1806664;-85.83648681640625;
2457339743.5909228;-85.816902160644531;
2457500000.0011792;-85.774116516113281;
2457660256.4114356;-85.826667785644531;
2457820512.8216925;-85.818885803222656;
2457980769.2319489;-85.828651428222656;
2458141025.6422052;-85.848213195800781;
2458301282.0524616;-85.816886901855469;
2458461538.462718;-85.772117614746094;
2458621794.8729744;-85.820816040039063;
2458782051.2832308;-85.814994812011719;
2458942307.6934872;-85.805252075195313;
2459102564.1037436;-85.807205200195313;
2459262820.5139999;-85.82281494140625;
2459423076.9242563;-85.81695556640625;
2459583333.3345127;-85.836471557617188;
2459743589.7447691;-85.893363952636719;
2459903846.1550255;-85.891403198242188;
2460064102.5652819;-85.87762451171875;
2460224358.9755383;-85.895317077636719;
2460384615.3857946;-85.871688842773438;
2460544871.796051;-85.913063049316406;
2460705128.2063074;-85.911094665527344;
2460865384.6165643;-85.875450134277344;
2461025641.0268207;-85.85577392578125;
2461185897.437077;-85.89642333984375;
2461346153.8473334;-85.893928527832031;
2461506410.2575898;-85.880661010742188;
2461666666.6678462;-85.826713562011719;
2461826923.0781026;-85.851020812988281;
2461987179.488359;-85.82672119140625;
2462147435.8986154;-85.835395812988281;
2462307692.3088717;-85.84906005859375;
2462467948.7191281;-85.901649475097656;
2462628205.1293845;-85.862495422363281;
2462788461.5396409;-85.842330932617187;
2462948717.9498973;-85.84906005859375;
2463108974.3601537;-85.882423400878906;
2463269230.7704101;-85.875930786132813;
2463429487.1806664;-85.892913818359375;
2463589743.5909228;-85.911941528320313;
2463750000.0011792;-85.905174255371094;
2463910256.4114356;-85.907432556152344;
2464070512.8216925;-85.875404357910156;
2464230769.2319489;-85.920951843261719;
2464391025.6422052;-85.854011535644531;
2464551282.0524616;-85.887428283691406;
2464711538.462718;-85.861907958984375;
2464871794.8729744;-85.83453369140625;
2465032051.2832308;-85.818885803222656;
2465192307.6934872;-85.828628540039063;
2465352564.1037436;-85.889427185058594;
2465512820.5139999;-85.879562377929688;
2465673076.9242563;-85.861930847167969;
2465833333.3345127;-85.824760437011719;
2465993589.7447691;-85.83843994140625;
2466153846.1550255;-85.901237487792969;
2466314102.5652819;-85.9031982421875;
2466474358.9755383;-85.883522033691406;
2466634615.3857946;-85.895317077636719;
2466794871.796051;-85.859931945800781;
2466955128.2063074;-85.879570007324219;
2467115384.6165643;-85.893363952636719;
2467275641.0268207;-85.893356323242187;
2467435897.437077;-85.85601806640625;
2467596153.8473334;-85.869728088378906;
2467756410.2575898;-85.875617980957031;
2467916666.6678462;-85.899177551269531;
2468076923.0781026;-85.859931945800781;
2468237179.488359;-85.903121948242188;
2468397435.8986154;-85.820831298828125;
2468557692.3088717;-85.822731018066406;
2468717948.7191281;-85.813011169433594;
2468878205.1293845;-85.865829467773438;
2469038461.5396409;-85.813011169433594;
2469198717.9498973;-85.844306945800781;
2469358974.3601537;-85.857978820800781;
2469519230.7704101;-85.842231750488281;
2469679487.1806664;-85.855918884277344;
2469839743.5909228;-85.877334594726563;
2470000000.0011792;-85.871658325195313;
2470160256.4114356;-85.861846923828125;
2470320512.8216925;-85.820724487304688;
2470480769.2319489;-85.836448669433594;
2470641025.6422052;-85.750839233398438;
2470801282.0524616;-85.846237182617187;
2470961538.462718;-85.822616577148438;
2471121794.8729744;-85.843849182128906;
2471282051.2832308;-85.795455932617188;
2471442307.6934872;-85.742477416992187;
2471602564.1037436;-85.76031494140625;
2471762820.5139999;-85.783210754394531;
2471923076.9242563;-85.735214233398438;
2472083333.3345127;-85.79473876953125;
2472243589.7447691;-85.702346801757812;
2472403846.1550255;-85.753372192382812;
2472564102.5652819;-85.6964111328125;
2472724358.9755383;-85.737548828125;
2472884615.3857946;-85.592872619628906;
2473044871.796051;-85.646751403808594;
2473205128.2063074;-85.64654541015625;
2473365384.6165643;-85.591392517089844;
2473525641.0268207;-85.665626525878906;
2473685897.437077;-85.593353271484375;
2473846153.8473334;-85.715606689453125;
2474006410.2575898;-85.574775695800781;
2474166666.6678462;-85.708259582519531;
2474326923.0781026;-85.591453552246094;
2474487179.488359;-85.679214477539063;
2474647435.8986154;-85.672584533691406;
2474807692.3088717;-85.706939697265625;
2474967948.7191281;-85.717201232910156;
2475128205.1293845;-85.6912841796875;
2475288461.5396409;-85.733177185058594;
2475448717.9498973;-85.719879150390625;
2475608974.3601537;-85.735206604003906;
2475769230.7704101;-85.756683349609375;
2475929487.1806664;-85.744987487792969;
2476089743.5909228;-85.815010070800781;
2476250000.0011792;-85.768272399902344;
2476410256.4114356;-85.770233154296875;
2476570512.8216925;-85.75860595703125;
2476730769.2319489;-85.747001647949219;
2476891025.6422052;-85.681472778320312;
2477051282.0524616;-85.747001647949219;
2477211538.462718;-85.718040466308594;
2477371794.8729744;-85.781883239746094;
2477532051.2832308;-85.727691650390625;
2477692307.6934872;-85.7296142578125;
2477852564.1037436;-85.719970703125;
2478012820.5139999;-85.716110229492188;
2478173076.9242563;-85.712265014648437;
2478333333.3345127;-85.70648193359375;
2478493589.7447691;-85.70068359375;
2478653846.1550255;-85.743148803710937;
2478814102.5652819;-85.745071411132812;
2478974358.9755383;-85.801361083984375;
2479134615.3857946;-85.81109619140625;
2479294871.796051;-85.861923217773438;
2479455128.2063074;-85.830612182617188;
2479615384.6165643;-85.834518432617188;
2479775641.0268207;-85.813056945800781;
2479935897.437077;-85.84429931640625;
2480096153.8473334;-85.822807312011719;
2480256410.2575898;-85.882644653320313;
2480416666.6678462;-85.873695373535156;
2480576923.0781026;-85.84234619140625;
2480737179.488359;-85.873710632324219;
2480897435.8986154;-85.887458801269531;
2481057692.3088717;-85.905174255371094;
2481217948.7191281;-85.907150268554688;
2481378205.1293845;-85.907150268554688;
2481538461.5396409;-85.9150390625;
2481698717.9498973;-85.917007446289062;
2481858974.3601537;-85.9150390625;
2482019230.7704101;-85.911094665527344;
2482179487.1806664;-85.911094665527344;
2482339743.5909228;-85.907142639160156;
2482500000.0011792;-85.926872253417969;
2482660256.4114356;-85.916999816894531;
2482820512.8216925;-85.909126281738281;
2482980769.2319489;-85.924911499023438;
2483141025.6422052;-85.92291259765625;
2483301282.0524616;-85.926872253417969;
2483461538.462718;-85.9268798828125;
2483621794.8729744;-85.901229858398438;
2483782051.2832308;-85.913063049316406;
2483942307.6934872;-85.918693542480469;
2484102564.1037436;-85.913063049316406;
2484262820.5139999;-85.875633239746094;
