Type;ESU;
Version;4.43;
Date;03.Jun 16;
Mode;ANALYZER;
Center Freq;2434262820.514000;Hz
Freq Offset;0.000000;Hz
Span;100000000.000000;Hz
x-Axis;LIN;
Start;2384262820.514000;Hz
Stop;2484262820.514000;Hz
Ref Level;-9.000000;dBm
Level Offset;0.000000;dB
Ref Position;100.000000;%
y-Axis;LOG;
Level Range;100.000000;dB
Rf Att;5.000000;dB
RBW;2000000.000000;Hz
VBW;50.000000;Hz
SWT;2.500000;s
Trace Mode;CLR/WRITE;
Detector;RMS;
Sweep Count;0;
Trace 1:;;
x-Unit;Hz;
y-Unit;dBm;
Values;625;
2384262820.5139999;-85.72637939453125;
2384423076.9242563;-85.716117858886719;
2384583333.3345127;-85.671783447265625;
2384743589.7447691;-85.677597045898438;
2384903846.1550255;-85.718032836914063;
2385064102.5652819;-85.7103271484375;
2385224358.9755383;-85.687210083007813;
2385384615.3857946;-85.716117858886719;
2385544871.796051;-85.645034790039063;
2385705128.2063074;-85.687217712402344;
2385865384.6165643;-85.622146606445313;
2386025641.0268207;-85.652702331542969;
2386185897.437077;-85.631668090820312;
2386346153.8473334;-85.694900512695312;
2386506410.2575898;-85.683334350585938;
2386666666.6678462;-85.692985534667969;
2386826923.0781026;-85.721878051757812;
2386987179.488359;-85.698707580566406;
2387147435.8986154;-85.706474304199219;
2387307692.3088717;-85.63330078125;
2387467948.7191281;-85.671798706054688;
2387628205.1293845;-85.661544799804688;
2387788461.5396409;-85.687232971191406;
2387948717.9498973;-85.618255615234375;
2388108974.3601537;-85.618255615234375;
2388269230.7704101;-85.570648193359375;
2388429487.1806664;-85.640968322753906;
2388589743.5909228;-85.619407653808594;
2388750000.0011792;-85.593513488769531;
2388910256.4114356;-85.652168273925781;
2389070512.8216925;-85.558975219726563;
2389230769.2319489;-85.624252319335938;
2389391025.6422052;-85.467948913574219;
2389551282.0524616;-85.570991516113281;
2389711538.462718;-85.498062133789063;
2389871794.8729744;-85.513717651367188;
2390032051.2832308;-85.555404663085938;
2390192307.6934872;-85.442535400390625;
2390352564.1037436;-85.534309387207031;
2390512820.5139999;-85.30535888671875;
2390673076.9242563;-85.460670471191406;
2390833333.3345127;-85.204917907714844;
2390993589.7447691;-85.511024475097656;
2391153846.1550255;-85.188980102539062;
2391314102.5652819;-85.427543640136719;
2391474358.9755383;-85.271835327148438;
2391634615.3857946;-85.287307739257813;
2391794871.796051;-85.377082824707031;
2391955128.2063074;-85.256172180175781;
2392115384.6165643;-85.435722351074219;
2392275641.0268207;-85.268638610839844;
2392435897.437077;-85.418693542480469;
2392596153.8473334;-85.271720886230469;
2392756410.2575898;-85.4915771484375;
2392916666.6678462;-85.361175537109375;
2393076923.0781026;-85.517807006835938;
2393237179.488359;-85.291572570800781;
2393397435.8986154;-85.561576843261719;
2393557692.3088717;-85.431610107421875;
2393717948.7191281;-85.515838623046875;
2393878205.1293845;-85.480873107910156;
2394038461.5396409;-85.546028137207031;
2394198717.9498973;-85.536972045898437;
2394358974.3601537;-85.521255493164062;
2394519230.7704101;-85.5234375;
2394679487.1806664;-85.500717163085938;
2394839743.5909228;-85.629638671875;
2395000000.0011792;-85.561187744140625;
2395160256.4114356;-85.578392028808594;
2395320512.8216925;-85.500846862792969;
2395480769.2319489;-85.591522216796875;
2395641025.6422052;-85.506492614746094;
2395801282.0524616;-85.576332092285156;
2395961538.462718;-85.553749084472656;
2396121794.8729744;-85.540390014648438;
2396282051.2832308;-85.565101623535156;
2396442307.6934872;-85.53094482421875;
2396602564.1037436;-85.58966064453125;
2396762820.5139999;-85.578292846679688;
2396923076.9242563;-85.654617309570313;
2397083333.3345127;-85.547889709472656;
2397243589.7447691;-85.60498046875;
2397403846.1550255;-85.599250793457031;
2397564102.5652819;-85.633552551269531;
2397724358.9755383;-85.612602233886719;
2397884615.3857946;-85.591606140136719;
2398044871.796051;-85.5897216796875;
2398205128.2063074;-85.568778991699219;
2398365384.6165643;-85.570732116699219;
2398525641.0268207;-85.60687255859375;
2398685897.437077;-85.625968933105469;
2398846153.8473334;-85.618270874023438;
2399006410.2575898;-85.616432189941406;
2399166666.6678462;-85.572677612304688;
2399326923.0781026;-85.6107177734375;
2399487179.488359;-85.521644592285156;
2399647435.8986154;-85.566970825195313;
2399807692.3088717;-85.608802795410156;
2399967948.7191281;-85.606864929199219;
2400128205.1293845;-85.604995727539063;
2400288461.5396409;-85.584022521972656;
2400448717.9498973;-85.59735107421875;
2400608974.3601537;-85.563125610351563;
2400769230.7704101;-85.584053039550781;
2400929487.1806664;-85.540489196777344;
2401089743.5909228;-85.553756713867187;
2401250000.0011792;-85.557510375976563;
2401410256.4114356;-85.603065490722656;
2401570512.8216925;-85.58782958984375;
2401730769.2319489;-85.606887817382812;
2401891025.6422052;-85.553756713867187;
2402051282.0524616;-85.540496826171875;
2402211538.462718;-85.591667175292969;
2402371794.8729744;-85.57830810546875;
2402532051.2832308;-85.546157836914063;
2402692307.6934872;-85.542373657226563;
2402852564.1037436;-85.624046325683594;
2403012820.5139999;-85.604957580566406;
2403173076.9242563;-85.610710144042969;
2403333333.3345127;-85.598854064941406;
2403493589.7447691;-85.599227905273438;
2403653846.1550255;-85.580284118652344;
2403814102.5652819;-85.589759826660156;
2403974358.9755383;-85.61639404296875;
2404134615.3857946;-85.603050231933594;
2404294871.796051;-85.66229248046875;
2404455128.2063074;-85.57080078125;
2404615384.6165643;-85.608802795410156;
2404775641.0268207;-85.603065490722656;
2404935897.437077;-85.610679626464844;
2405096153.8473334;-85.608772277832031;
2405256410.2575898;-85.591590881347656;
2405416666.6678462;-85.591590881347656;
2405576923.0781026;-85.601142883300781;
2405737179.488359;-85.608810424804688;
2405897435.8986154;-85.574508666992188;
2406057692.3088717;-85.635498046875;
2406217948.7191281;-85.589775085449219;
2406378205.1293845;-85.627853393554687;
2406538461.5396409;-85.606857299804688;
2406698717.9498973;-85.645011901855469;
2406858974.3601537;-85.591659545898438;
2407019230.7704101;-85.6240234375;
2407179487.1806664;-85.591636657714844;
2407339743.5909228;-85.599227905273438;
2407500000.0011792;-85.620201110839844;
2407660256.4114356;-85.637290954589844;
2407820512.8216925;-85.606903076171875;
2407980769.2319489;-85.578369140625;
2408141025.6422052;-85.620223999023437;
2408301282.0524616;-85.566932678222656;
2408461538.462718;-85.620246887207031;
2408621794.8729744;-85.587860107421875;
2408782051.2832308;-85.6202392578125;
2408942307.6934872;-85.565048217773438;
2409102564.1037436;-85.595359802246094;
2409262820.5139999;-85.55181884765625;
2409423076.9242563;-85.639266967773438;
2409583333.3345127;-85.625968933105469;
2409743589.7447691;-85.570716857910156;
2409903846.1550255;-85.585975646972656;
2410064102.5652819;-85.606880187988281;
2410224358.9755383;-85.629753112792969;
2410384615.3857946;-85.620147705078125;
2410544871.796051;-85.6297607421875;
2410705128.2063074;-85.60687255859375;
2410865384.6165643;-85.635505676269531;
2411025641.0268207;-85.570732116699219;
2411185897.437077;-85.646949768066406;
2411346153.8473334;-85.604988098144531;
2411506410.2575898;-85.6046142578125;
2411666666.6678462;-85.612586975097656;
2411826923.0781026;-85.61260986328125;
2411987179.488359;-85.631690979003906;
2412147435.8986154;-85.618339538574219;
2412307692.3088717;-85.627861022949219;
2412467948.7191281;-85.683372497558594;
2412628205.1293845;-85.693008422851562;
2412788461.5396409;-85.677642822265625;
2412948717.9498973;-85.652702331542969;
2413108974.3601537;-85.673759460449219;
2413269230.7704101;-85.702621459960937;
2413429487.1806664;-85.707763671875;
2413589743.5909228;-85.660903930664063;
2413750000.0011792;-85.671875;
2413910256.4114356;-85.616432189941406;
2414070512.8216925;-85.68145751953125;
2414230769.2319489;-85.677627563476562;
2414391025.6422052;-85.637413024902344;
2414551282.0524616;-85.646949768066406;
2414711538.462718;-85.696861267089844;
2414871794.8729744;-85.714179992675781;
2415032051.2832308;-85.656501770019531;
2415192307.6934872;-85.639335632324219;
2415352564.1037436;-85.627853393554687;
2415512820.5139999;-85.608779907226562;
2415673076.9242563;-85.635513305664063;
2415833333.3345127;-85.668022155761719;
2415993589.7447691;-85.660919189453125;
2416153846.1550255;-85.656517028808594;
2416314102.5652819;-85.696853637695313;
2416474358.9755383;-85.687232971191406;
2416634615.3857946;-85.650802612304688;
2416794871.796051;-85.641220092773438;
2416955128.2063074;-85.63360595703125;
2417115384.6165643;-85.645072937011719;
2417275641.0268207;-85.679527282714844;
2417435897.437077;-85.675682067871094;
2417596153.8473334;-85.631690979003906;
2417756410.2575898;-85.582183837890625;
2417916666.6678462;-85.654579162597656;
2418076923.0781026;-85.624061584472656;
2418237179.488359;-85.619430541992188;
2418397435.8986154;-85.643150329589844;
2418557692.3088717;-85.614524841308594;
2418717948.7191281;-85.683372497558594;
2418878205.1293845;-85.646919250488281;
2419038461.5396409;-85.660362243652344;
2419198717.9498973;-85.677635192871094;
2419358974.3601537;-85.643150329589844;
2419519230.7704101;-85.618316650390625;
2419679487.1806664;-85.639335632324219;
2419839743.5909228;-85.620246887207031;
2420000000.0011792;-85.610710144042969;
2420160256.4114356;-85.622146606445313;
2420320512.8216925;-85.618331909179687;
2420480769.2319489;-85.599838256835938;
2420641025.6422052;-85.62786865234375;
2420801282.0524616;-85.620231628417969;
2420961538.462718;-85.608779907226562;
2421121794.8729744;-85.593559265136719;
2421282051.2832308;-85.614501953125;
2421442307.6934872;-85.620208740234375;
2421602564.1037436;-85.610702514648437;
2421762820.5139999;-85.610710144042969;
2421923076.9242563;-85.618339538574219;
2422083333.3345127;-85.624053955078125;
2422243589.7447691;-85.587875366210938;
2422403846.1550255;-85.621604919433594;
2422564102.5652819;-85.631645202636719;
2422724358.9755383;-85.637405395507813;
2422884615.3857946;-85.589775085449219;
2423044871.796051;-85.599281311035156;
2423205128.2063074;-85.591636657714844;
2423365384.6165643;-85.604995727539063;
2423525641.0268207;-85.585975646972656;
2423685897.437077;-85.519752502441406;
2423846153.8473334;-85.595436096191406;
2424006410.2575898;-85.583999633789063;
2424166666.6678462;-85.529190063476563;
2424326923.0781026;-85.502784729003906;
2424487179.488359;-85.529182434082031;
2424647435.8986154;-85.512191772460938;
2424807692.3088717;-85.510292053222656;
2424967948.7191281;-85.390586853027344;
2425128205.1293845;-85.446029663085938;
2425288461.5396409;-85.336906433105469;
2425448717.9498973;-85.164878845214844;
2425608974.3601537;-85.183197021484375;
2425769230.7704101;-84.491134643554688;
2425929487.1806664;-84.731689453125;
2426089743.5909228;-83.129287719726563;
2426250000.0011792;-84.073829650878906;
2426410256.4114356;-81.665122985839844;
2426570512.8216925;-81.973243713378906;
2426730769.2319489;-78.661376953125;
2426891025.6422052;-78.147857666015625;
2427051282.0524616;-75.923797607421875;
2427211538.462718;-73.586944580078125;
2427371794.8729744;-71.726028442382813;
2427532051.2832308;-68.56500244140625;
2427692307.6934872;-68.116233825683594;
2427852564.1037436;-64.841064453125;
2428012820.5139999;-64.004867553710938;
2428173076.9242563;-59.805839538574219;
2428333333.3345127;-59.636287689208984;
2428493589.7447691;-56.138931274414063;
2428653846.1550255;-56.447750091552734;
2428814102.5652819;-52.788661956787109;
2428974358.9755383;-51.7899169921875;
2429134615.3857946;-49.425979614257813;
2429294871.796051;-48.446483612060547;
2429455128.2063074;-46.842853546142578;
2429615384.6165643;-45.034473419189453;
2429775641.0268207;-43.367954254150391;
2429935897.437077;-41.328948974609375;
2430096153.8473334;-40.649501800537109;
2430256410.2575898;-38.441417694091797;
2430416666.6678462;-37.844219207763672;
2430576923.0781026;-34.792472839355469;
2430737179.488359;-34.701488494873047;
2430897435.8986154;-32.528934478759766;
2431057692.3088717;-32.345630645751953;
2431217948.7191281;-29.967386245727539;
2431378205.1293845;-28.967552185058594;
2431538461.5396409;-27.679281234741211;
2431698717.9498973;-26.860811233520508;
2431858974.3601537;-26.035308837890625;
2432019230.7704101;-24.95789909362793;
2432179487.1806664;-23.936004638671875;
2432339743.5909228;-23.430490493774414;
2432500000.0011792;-22.910575866699219;
2432660256.4114356;-22.666271209716797;
2432820512.8216925;-22.194988250732422;
2432980769.2319489;-22.331600189208984;
2433141025.6422052;-22.309116363525391;
2433301282.0524616;-22.685791015625;
2433461538.462718;-22.831979751586914;
2433621794.8729744;-23.62451171875;
2433782051.2832308;-24.325803756713867;
2433942307.6934872;-25.100860595703125;
2434102564.1037436;-25.960464477539063;
2434262820.5139999;-26.673070907592773;
2434423076.9242563;-27.994821548461914;
2434583333.3345127;-29.402177810668945;
2434743589.7447691;-30.655258178710937;
2434903846.1550255;-31.482610702514648;
2435064102.5652819;-32.821807861328125;
2435224358.9755383;-34.062862396240234;
2435384615.3857946;-36.152084350585937;
2435544871.796051;-36.889156341552734;
2435705128.2063074;-38.460697174072266;
2435865384.6165643;-39.228187561035156;
2436025641.0268207;-41.102226257324219;
2436185897.437077;-42.694717407226562;
2436346153.8473334;-43.859729766845703;
2436506410.2575898;-45.036102294921875;
2436666666.6678462;-46.087810516357422;
2436826923.0781026;-47.701095581054688;
2436987179.488359;-49.387039184570313;
2437147435.8986154;-50.726348876953125;
2437307692.3088717;-51.635185241699219;
2437467948.7191281;-53.151119232177734;
2437628205.1293845;-54.303451538085938;
2437788461.5396409;-56.513950347900391;
2437948717.9498973;-57.196430206298828;
2438108974.3601537;-58.858043670654297;
2438269230.7704101;-59.791740417480469;
2438429487.1806664;-61.740829467773438;
2438589743.5909228;-63.896907806396484;
2438750000.0011792;-65.288604736328125;
2438910256.4114356;-67.0357666015625;
2439070512.8216925;-68.420669555664063;
2439230769.2319489;-70.641006469726563;
2439391025.6422052;-73.174369812011719;
2439551282.0524616;-74.986793518066406;
2439711538.462718;-76.414024353027344;
2439871794.8729744;-78.183517456054688;
2440032051.2832308;-79.891586303710938;
2440192307.6934872;-82.1456298828125;
2440352564.1037436;-82.808364868164063;
2440512820.5139999;-83.671867370605469;
2440673076.9242563;-84.015342712402344;
2440833333.3345127;-84.677391052246094;
2440993589.7447691;-85.126945495605469;
2441153846.1550255;-85.299919128417969;
2441314102.5652819;-85.39434814453125;
2441474358.9755383;-85.508392333984375;
2441634615.3857946;-85.565101623535156;
2441794871.796051;-85.606887817382812;
2441955128.2063074;-85.622154235839844;
2442115384.6165643;-85.622146606445313;
2442275641.0268207;-85.634681701660156;
2442435897.437077;-85.629776000976563;
2442596153.8473334;-85.6202392578125;
2442756410.2575898;-85.669929504394531;
2442916666.6678462;-85.446502685546875;
2443076923.0781026;-85.321907043457031;
2443237179.488359;-85.173965454101563;
2443397435.8986154;-85.538581848144531;
2443557692.3088717;-85.60308837890625;
2443717948.7191281;-85.616424560546875;
2443878205.1293845;-85.639320373535156;
2444038461.5396409;-85.704544067382812;
2444198717.9498973;-85.694931030273438;
2444358974.3601537;-85.718025207519531;
2444519230.7704101;-85.405708312988281;
2444679487.1806664;-85.508293151855469;
2444839743.5909228;-85.624046325683594;
2445000000.0011792;-85.637306213378906;
2445160256.4114356;-85.719978332519531;
2445320512.8216925;-85.795516967773438;
2445480769.2319489;-85.803314208984375;
2445641025.6422052;-85.772163391113281;
2445801282.0524616;-85.673797607421875;
2445961538.462718;-85.694931030273438;
2446121794.8729744;-85.691085815429687;
2446282051.2832308;-85.639328002929688;
2446442307.6934872;-85.652137756347656;
2446602564.1037436;-85.67572021484375;
2446762820.5139999;-85.623992919921875;
2446923076.9242563;-85.036720275878906;
2447083333.3345127;-85.315437316894531;
2447243589.7447691;-85.422996520996094;
2447403846.1550255;-82.172195434570313;
2447564102.5652819;-81.977066040039063;
2447724358.9755383;-82.833969116210937;
2447884615.3857946;-83.16998291015625;
2448044871.796051;-82.112236022949219;
2448205128.2063074;-79.519561767578125;
2448365384.6165643;-80.777786254882813;
2448525641.0268207;-82.035751342773438;
2448685897.437077;-84.015678405761719;
2448846153.8473334;-84.68707275390625;
2449006410.2575898;-84.9307861328125;
2449166666.6678462;-79.784927368164063;
2449326923.0781026;-83.445159912109375;
2449487179.488359;-85.223472595214844;
2449647435.8986154;-85.6488037109375;
2449807692.3088717;-85.723831176757813;
2449967948.7191281;-85.770256042480469;
2450128205.1293845;-85.799407958984375;
2450288461.5396409;-85.785797119140625;
2450448717.9498973;-84.988296508789063;
2450608974.3601537;-85.151046752929688;
2450769230.7704101;-85.813026428222656;
2450929487.1806664;-85.826713562011719;
2451089743.5909228;-85.830604553222656;
2451250000.0011792;-85.789665222167969;
2451410256.4114356;-85.81500244140625;
2451570512.8216925;-85.834526062011719;
2451730769.2319489;-85.82086181640625;
2451891025.6422052;-85.799400329589844;
2452051282.0524616;-85.813056945800781;
2452211538.462718;-85.81695556640625;
2452371794.8729744;-85.805229187011719;
2452532051.2832308;-85.826683044433594;
2452692307.6934872;-85.809074401855469;
2452852564.1037436;-85.81109619140625;
2453012820.5139999;-85.801338195800781;
2453173076.9242563;-85.809158325195313;
2453333333.3345127;-85.733451843261719;
2453493589.7447691;-85.756629943847656;
2453653846.1550255;-85.704521179199219;
2453814102.5652819;-85.781867980957031;
2453974358.9755383;-85.700660705566406;
2454134615.3857946;-85.77410888671875;
2454294871.796051;-85.799346923828125;
2454455128.2063074;-85.463226318359375;
2454615384.6165643;-85.524566650390625;
2454775641.0268207;-85.714141845703125;
2454935897.437077;-85.785797119140625;
2455096153.8473334;-85.752792358398437;
2455256410.2575898;-85.813011169433594;
2455416666.6678462;-85.739234924316406;
2455576923.0781026;-85.826705932617188;
2455737179.488359;-85.731521606445312;
2455897435.8986154;-85.791534423828125;
2456057692.3088717;-85.708404541015625;
2456217948.7191281;-85.760887145996094;
2456378205.1293845;-85.595146179199219;
2456538461.5396409;-85.614013671875;
2456698717.9498973;-85.520683288574219;
2456858974.3601537;-85.544830322265625;
2457019230.7704101;-85.662162780761719;
2457179487.1806664;-85.679313659667969;
2457339743.5909228;-85.7760009765625;
2457500000.0011792;-85.735313415527344;
2457660256.4114356;-85.716011047363281;
2457820512.8216925;-85.7489013671875;
2457980769.2319489;-85.799346923828125;
2458141025.6422052;-85.828628540039063;
2458301282.0524616;-85.834465026855469;
2458461538.462718;-85.826713562011719;
2458621794.8729744;-85.733428955078125;
2458782051.2832308;-85.799301147460938;
2458942307.6934872;-85.801338195800781;
2459102564.1037436;-85.818878173828125;
2459262820.5139999;-85.787628173828125;
2459423076.9242563;-85.803268432617188;
2459583333.3345127;-85.813011169433594;
2459743589.7447691;-85.814834594726563;
2459903846.1550255;-85.820854187011719;
2460064102.5652819;-85.770156860351563;
2460224358.9755383;-85.863853454589844;
2460384615.3857946;-85.828620910644531;
2460544871.796051;-85.885490417480469;
2460705128.2063074;-85.797431945800781;
2460865384.6165643;-85.82275390625;
2461025641.0268207;-85.768264770507813;
2461185897.437077;-85.830474853515625;
2461346153.8473334;-85.80706787109375;
2461506410.2575898;-85.893325805664063;
2461666666.6678462;-85.830612182617188;
2461826923.0781026;-85.822723388671875;
2461987179.488359;-85.813026428222656;
2462147435.8986154;-85.791473388671875;
2462307692.3088717;-85.752830505371094;
2462467948.7191281;-85.748809814453125;
2462628205.1293845;-85.84234619140625;
2462788461.5396409;-85.80517578125;
2462948717.9498973;-85.852073669433594;
2463108974.3601537;-85.832504272460937;
2463269230.7704101;-85.826438903808594;
2463429487.1806664;-85.801246643066406;
2463589743.5909228;-85.826492309570313;
2463750000.0011792;-85.824745178222656;
2463910256.4114356;-85.781646728515625;
2464070512.8216925;-85.772117614746094;
2464230769.2319489;-85.772026062011719;
2464391025.6422052;-85.834518432617188;
2464551282.0524616;-85.760459899902344;
2464711538.462718;-85.85205078125;
2464871794.8729744;-85.801307678222656;
2465032051.2832308;-85.787445068359375;
2465192307.6934872;-85.774055480957031;
2465352564.1037436;-85.779777526855469;
2465512820.5139999;-85.799301147460938;
2465673076.9242563;-85.775680541992188;
2465833333.3345127;-85.846084594726563;
2465993589.7447691;-85.789398193359375;
2466153846.1550255;-85.789665222167969;
2466314102.5652819;-85.702392578125;
2466474358.9755383;-85.793502807617187;
2466634615.3857946;-85.704429626464844;
2466794871.796051;-85.81109619140625;
2466955128.2063074;-85.702507019042969;
2467115384.6165643;-85.779647827148438;
2467275641.0268207;-85.772087097167969;
2467435897.437077;-85.785194396972656;
2467596153.8473334;-85.764358520507813;
2467756410.2575898;-85.717445373535156;
2467916666.6678462;-85.807121276855469;
2468076923.0781026;-85.742713928222656;
2468237179.488359;-85.826683044433594;
2468397435.8986154;-85.675369262695312;
2468557692.3088717;-85.807075500488281;
2468717948.7191281;-85.673149108886719;
2468878205.1293845;-85.802330017089844;
2469038461.5396409;-85.711738586425781;
2469198717.9498973;-85.749237060546875;
2469358974.3601537;-85.692771911621094;
2469519230.7704101;-85.67633056640625;
2469679487.1806664;-85.762252807617188;
2469839743.5909228;-85.630775451660156;
2470000000.0011792;-85.766510009765625;
2470160256.4114356;-85.518989562988281;
2470320512.8216925;-85.7398681640625;
2470480769.2319489;-85.484527587890625;
2470641025.6422052;-85.724525451660156;
2470801282.0524616;-85.332878112792969;
2470961538.462718;-85.656021118164063;
2471121794.8729744;-85.279838562011719;
2471282051.2832308;-85.448776245117187;
2471442307.6934872;-85.237983703613281;
2471602564.1037436;-85.3118896484375;
2471762820.5139999;-85.264701843261719;
2471923076.9242563;-85.116218566894531;
2472083333.3345127;-85.435379028320313;
2472243589.7447691;-85.019309997558594;
2472403846.1550255;-85.422271728515625;
2472564102.5652819;-84.994918823242188;
2472724358.9755383;-85.452171325683594;
2472884615.3857946;-84.998893737792969;
2473044871.796051;-85.416763305664063;
2473205128.2063074;-85.180900573730469;
2473365384.6165643;-85.433799743652344;
2473525641.0268207;-85.158660888671875;
2473685897.437077;-85.340957641601563;
2473846153.8473334;-85.42279052734375;
2474006410.2575898;-85.382881164550781;
2474166666.6678462;-85.583488464355469;
2474326923.0781026;-85.375732421875;
2474487179.488359;-85.681129455566406;
2474647435.8986154;-85.501869201660156;
2474807692.3088717;-85.719879150390625;
2474967948.7191281;-85.517021179199219;
2475128205.1293845;-85.649642944335938;
2475288461.5396409;-85.612113952636719;
2475448717.9498973;-85.613296508789063;
2475608974.3601537;-85.675559997558594;
2475769230.7704101;-85.590988159179688;
2475929487.1806664;-85.692878723144531;
2476089743.5909228;-85.581649780273438;
2476250000.0011792;-85.696807861328125;
2476410256.4114356;-85.583732604980469;
2476570512.8216925;-85.671859741210938;
2476730769.2319489;-85.555305480957031;
2476891025.6422052;-85.689300537109375;
2477051282.0524616;-85.588470458984375;
2477211538.462718;-85.632148742675781;
2477371794.8729744;-85.633346557617188;
2477532051.2832308;-85.685028076171875;
2477692307.6934872;-85.664192199707031;
2477852564.1037436;-85.61431884765625;
2478012820.5139999;-85.685287475585937;
2478173076.9242563;-85.622016906738281;
2478333333.3345127;-85.679519653320313;
2478493589.7447691;-85.627792358398438;
2478653846.1550255;-85.718017578125;
2478814102.5652819;-85.679466247558594;
2478974358.9755383;-85.704490661621094;
2479134615.3857946;-85.702590942382813;
2479294871.796051;-85.70257568359375;
2479455128.2063074;-85.716094970703125;
2479615384.6165643;-85.750808715820313;
2479775641.0268207;-85.764442443847656;
2479935897.437077;-85.770210266113281;
2480096153.8473334;-85.816940307617188;
2480256410.2575898;-85.791572570800781;
2480416666.6678462;-85.816940307617188;
2480576923.0781026;-85.801246643066406;
2480737179.488359;-85.869735717773438;
2480897435.8986154;-85.869773864746094;
2481057692.3088717;-85.873649597167969;
2481217948.7191281;-85.828941345214844;
2481378205.1293845;-85.805824279785156;
2481538461.5396409;-85.820022583007812;
2481698717.9498973;-85.787734985351563;
2481858974.3601537;-85.867706298828125;
2482019230.7704101;-85.885475158691406;
2482179487.1806664;-85.899253845214844;
2482339743.5909228;-85.816925048828125;
2482500000.0011792;-85.885459899902344;
2482660256.4114356;-85.84234619140625;
2482820512.8216925;-85.907119750976563;
2482980769.2319489;-85.846267700195313;
2483141025.6422052;-85.881553649902344;
2483301282.0524616;-85.901229858398438;
2483461538.462718;-85.859931945800781;
2483621794.8729744;-85.869773864746094;
2483782051.2832308;-85.852088928222656;
2483942307.6934872;-85.856033325195313;
2484102564.1037436;-85.85211181640625;
2484262820.5139999;-85.846267700195313;
