Type;ESU;
Version;4.43;
Date;03.Jun 16;
Mode;ANALYZER;
Center Freq;2434262820.514000;Hz
Freq Offset;0.000000;Hz
Span;100000000.000000;Hz
x-Axis;LIN;
Start;2384262820.514000;Hz
Stop;2484262820.514000;Hz
Ref Level;-9.000000;dBm
Level Offset;0.000000;dB
Ref Position;100.000000;%
y-Axis;LOG;
Level Range;100.000000;dB
Rf Att;5.000000;dB
RBW;2000000.000000;Hz
VBW;50.000000;Hz
SWT;2.500000;s
Trace Mode;CLR/WRITE;
Detector;RMS;
Sweep Count;0;
Trace 1:;;
x-Unit;Hz;
y-Unit;dBm;
Values;625;
2384262820.5139999;-85.718040466308594;
2384423076.9242563;-85.737350463867188;
2384583333.3345127;-85.696823120117187;
2384743589.7447691;-85.710319519042969;
2384903846.1550255;-85.70648193359375;
2385064102.5652819;-85.708412170410156;
2385224358.9755383;-85.731559753417969;
2385384615.3857946;-85.739265441894531;
2385544871.796051;-85.708404541015625;
2385705128.2063074;-85.712265014648437;
2385865384.6165643;-85.685295104980469;
2386025641.0268207;-85.698776245117188;
2386185897.437077;-85.704551696777344;
2386346153.8473334;-85.716087341308594;
2386506410.2575898;-85.666114807128906;
2386666666.6678462;-85.712257385253906;
2386826923.0781026;-85.718040466308594;
2386987179.488359;-85.716087341308594;
2387147435.8986154;-85.646957397460938;
2387307692.3088717;-85.691070556640625;
2387467948.7191281;-85.689155578613281;
2387628205.1293845;-85.70648193359375;
2387788461.5396409;-85.704551696777344;
2387948717.9498973;-85.725761413574219;
2388108974.3601537;-85.693000793457031;
2388269230.7704101;-85.708404541015625;
2388429487.1806664;-85.681480407714844;
2388589743.5909228;-85.727668762207031;
2388750000.0011792;-85.652725219726563;
2388910256.4114356;-85.631622314453125;
2389070512.8216925;-85.612564086914063;
2389230769.2319489;-85.616348266601563;
2389391025.6422052;-85.622100830078125;
2389551282.0524616;-85.664077758789063;
2389711538.462718;-85.629776000976563;
2389871794.8729744;-85.666030883789063;
2390032051.2832308;-85.666091918945313;
2390192307.6934872;-85.654533386230469;
2390352564.1037436;-85.656494140625;
2390512820.5139999;-85.648750305175781;
2390673076.9242563;-85.631690979003906;
2390833333.3345127;-85.5838623046875;
2390993589.7447691;-85.595436096191406;
2391153846.1550255;-85.558998107910156;
2391314102.5652819;-85.583930969238281;
2391474358.9755383;-85.5625;
2391634615.3857946;-85.564689636230469;
2391794871.796051;-85.642539978027344;
2391955128.2063074;-85.498687744140625;
2392115384.6165643;-85.551055908203125;
2392275641.0268207;-85.480003356933594;
2392435897.437077;-85.600929260253906;
2392596153.8473334;-85.288185119628906;
2392756410.2575898;-85.565032958984375;
2392916666.6678462;-85.236785888671875;
2393076923.0781026;-85.504623413085938;
2393237179.488359;-85.201934814453125;
2393397435.8986154;-85.472343444824219;
2393557692.3088717;-85.278465270996094;
2393717948.7191281;-85.403114318847656;
2393878205.1293845;-85.2933349609375;
2394038461.5396409;-85.336128234863281;
2394198717.9498973;-85.521163940429687;
2394358974.3601537;-85.321212768554688;
2394519230.7704101;-85.513587951660156;
2394679487.1806664;-85.301124572753906;
2394839743.5909228;-85.563156127929688;
2395000000.0011792;-85.382720947265625;
2395160256.4114356;-85.517692565917969;
2395320512.8216925;-85.51385498046875;
2395480769.2319489;-85.585929870605469;
2395641025.6422052;-85.500640869140625;
2395801282.0524616;-85.6181640625;
2395961538.462718;-85.55712890625;
2396121794.8729744;-85.578353881835938;
2396282051.2832308;-85.525192260742188;
2396442307.6934872;-85.606880187988281;
2396602564.1037436;-85.553695678710938;
2396762820.5139999;-85.616378784179688;
2396923076.9242563;-85.534767150878906;
2397083333.3345127;-85.62786865234375;
2397243589.7447691;-85.549911499023438;
2397403846.1550255;-85.612602233886719;
2397564102.5652819;-85.570747375488281;
2397724358.9755383;-85.648849487304688;
2397884615.3857946;-85.587791442871094;
2398044871.796051;-85.635498046875;
2398205128.2063074;-85.604995727539063;
2398365384.6165643;-85.597373962402344;
2398525641.0268207;-85.59356689453125;
2398685897.437077;-85.601181030273438;
2398846153.8473334;-85.548080444335938;
2399006410.2575898;-85.599235534667969;
2399166666.6678462;-85.624038696289062;
2399326923.0781026;-85.614524841308594;
2399487179.488359;-85.559371948242187;
2399647435.8986154;-85.563201904296875;
2399807692.3088717;-85.614524841308594;
2399967948.7191281;-85.616416931152344;
2400128205.1293845;-85.584083557128906;
2400288461.5396409;-85.614517211914062;
2400448717.9498973;-85.620216369628906;
2400608974.3601537;-85.637428283691406;
2400769230.7704101;-85.582168579101563;
2400929487.1806664;-85.614517211914062;
2401089743.5909228;-85.6011962890625;
2401250000.0011792;-85.624053955078125;
2401410256.4114356;-85.618331909179687;
2401570512.8216925;-85.614517211914062;
2401730769.2319489;-85.601188659667969;
2401891025.6422052;-85.62786865234375;
2402051282.0524616;-85.6202392578125;
2402211538.462718;-85.618339538574219;
2402371794.8729744;-85.604171752929688;
2402532051.2832308;-85.622535705566406;
2402692307.6934872;-85.606353759765625;
2402852564.1037436;-85.636116027832031;
2403012820.5139999;-85.656547546386719;
2403173076.9242563;-85.654609680175781;
2403333333.3345127;-85.651435852050781;
2403493589.7447691;-85.628143310546875;
2403653846.1550255;-85.598846435546875;
2403814102.5652819;-85.641242980957031;
2403974358.9755383;-85.616432189941406;
2404134615.3857946;-85.618331909179687;
2404294871.796051;-85.620246887207031;
2404455128.2063074;-85.618316650390625;
2404615384.6165643;-85.544288635253906;
2404775641.0268207;-85.627838134765625;
2404935897.437077;-85.648849487304688;
2405096153.8473334;-85.645050048828125;
2405256410.2575898;-85.612617492675781;
2405416666.6678462;-85.62786865234375;
2405576923.0781026;-85.627876281738281;
2405737179.488359;-85.622154235839844;
2405897435.8986154;-85.631690979003906;
2406057692.3088717;-85.604988098144531;
2406217948.7191281;-85.608802795410156;
2406378205.1293845;-85.618331909179687;
2406538461.5396409;-85.616432189941406;
2406698717.9498973;-85.631690979003906;
2406858974.3601537;-85.6202392578125;
2407019230.7704101;-85.635498046875;
2407179487.1806664;-85.654632568359375;
2407339743.5909228;-85.622138977050781;
2407500000.0011792;-85.618331909179687;
2407660256.4114356;-85.6202392578125;
2407820512.8216925;-85.66986083984375;
2407980769.2319489;-85.675674438476563;
2408141025.6422052;-85.629768371582031;
2408301282.0524616;-85.646980285644531;
2408461538.462718;-85.681472778320312;
2408621794.8729744;-85.65655517578125;
2408782051.2832308;-85.631690979003906;
2408942307.6934872;-85.614517211914062;
2409102564.1037436;-85.616401672363281;
2409262820.5139999;-85.677635192871094;
2409423076.9242563;-85.624038696289062;
2409583333.3345127;-85.648887634277344;
2409743589.7447691;-85.625961303710938;
2409903846.1550255;-85.662254333496094;
2410064102.5652819;-85.648841857910156;
2410224358.9755383;-85.687187194824219;
2410384615.3857946;-85.637367248535156;
2410544871.796051;-85.614486694335938;
2410705128.2063074;-85.614517211914062;
2410865384.6165643;-85.625961303710938;
2411025641.0268207;-85.612579345703125;
2411185897.437077;-85.689132690429688;
2411346153.8473334;-85.639320373535156;
2411506410.2575898;-85.625930786132813;
2411666666.6678462;-85.631645202636719;
2411826923.0781026;-85.650794982910156;
2411987179.488359;-85.691032409667969;
2412147435.8986154;-85.667503356933594;
2412307692.3088717;-85.652687072753906;
2412467948.7191281;-85.675689697265625;
2412628205.1293845;-85.648849487304688;
2412788461.5396409;-85.679557800292969;
2412948717.9498973;-85.696853637695313;
2413108974.3601537;-85.706474304199219;
2413269230.7704101;-85.708412170410156;
2413429487.1806664;-85.702629089355469;
2413589743.5909228;-85.6068115234375;
2413750000.0011792;-85.637397766113281;
2413910256.4114356;-85.702621459960937;
2414070512.8216925;-85.702621459960937;
2414230769.2319489;-85.648895263671875;
2414391025.6422052;-85.64697265625;
2414551282.0524616;-85.694923400878906;
2414711538.462718;-85.700431823730469;
2414871794.8729744;-85.698783874511719;
2415032051.2832308;-85.704559326171875;
2415192307.6934872;-85.704544067382812;
2415352564.1037436;-85.698768615722656;
2415512820.5139999;-85.725761413574219;
2415673076.9242563;-85.696861267089844;
2415833333.3345127;-85.704551696777344;
2415993589.7447691;-85.693008422851562;
2416153846.1550255;-85.689155578613281;
2416314102.5652819;-85.725746154785156;
2416474358.9755383;-85.718040466308594;
2416634615.3857946;-85.704559326171875;
2416794871.796051;-85.673805236816406;
2416955128.2063074;-85.675712585449219;
2417115384.6165643;-85.673797607421875;
2417275641.0268207;-85.687248229980469;
2417435897.437077;-85.677627563476562;
2417596153.8473334;-85.658462524414062;
2417756410.2575898;-85.650802612304688;
2417916666.6678462;-85.631690979003906;
2418076923.0781026;-85.660346984863281;
2418237179.488359;-85.639328002929688;
2418397435.8986154;-85.625968933105469;
2418557692.3088717;-85.664154052734375;
2418717948.7191281;-85.708404541015625;
2418878205.1293845;-85.702629089355469;
2419038461.5396409;-85.706474304199219;
2419198717.9498973;-85.70648193359375;
2419358974.3601537;-85.682846069335938;
2419519230.7704101;-85.706459045410156;
2419679487.1806664;-85.694892883300781;
2419839743.5909228;-85.656547546386719;
2420000000.0011792;-85.687217712402344;
2420160256.4114356;-85.668045043945313;
2420320512.8216925;-85.66229248046875;
2420480769.2319489;-85.627876281738281;
2420641025.6422052;-85.616432189941406;
2420801282.0524616;-85.603080749511719;
2420961538.462718;-85.645072937011719;
2421121794.8729744;-85.625968933105469;
2421282051.2832308;-85.604988098144531;
2421442307.6934872;-85.608474731445313;
2421602564.1037436;-85.637405395507813;
2421762820.5139999;-85.625961303710938;
2421923076.9242563;-85.618331909179687;
2422083333.3345127;-85.625968933105469;
2422243589.7447691;-85.614517211914062;
2422403846.1550255;-85.639320373535156;
2422564102.5652819;-85.658454895019531;
2422724358.9755383;-85.610710144042969;
2422884615.3857946;-85.631690979003906;
2423044871.796051;-85.61260986328125;
2423205128.2063074;-85.624061584472656;
2423365384.6165643;-85.636871337890625;
2423525641.0268207;-85.646980285644531;
2423685897.437077;-85.631683349609375;
2423846153.8473334;-85.624061584472656;
2424006410.2575898;-85.606895446777344;
2424166666.6678462;-85.629776000976563;
2424326923.0781026;-85.629753112792969;
2424487179.488359;-85.671867370605469;
2424647435.8986154;-85.608802795410156;
2424807692.3088717;-85.625968933105469;
2424967948.7191281;-85.620246887207031;
2425128205.1293845;-85.610702514648437;
2425288461.5396409;-85.610710144042969;
2425448717.9498973;-85.654632568359375;
2425608974.3601537;-85.637397766113281;
2425769230.7704101;-85.656539916992188;
2425929487.1806664;-85.639328002929688;
2426089743.5909228;-85.614524841308594;
2426250000.0011792;-85.625953674316406;
2426410256.4114356;-85.629783630371094;
2426570512.8216925;-85.618316650390625;
2426730769.2319489;-85.624053955078125;
2426891025.6422052;-85.62591552734375;
2427051282.0524616;-85.614524841308594;
2427211538.462718;-85.485595703125;
2427371794.8729744;-85.491371154785156;
2427532051.2832308;-85.536636352539063;
2427692307.6934872;-85.292625427246094;
2427852564.1037436;-85.29681396484375;
2428012820.5139999;-85.034889221191406;
2428173076.9242563;-84.811996459960937;
2428333333.3345127;-84.076118469238281;
2428493589.7447691;-83.484115600585937;
2428653846.1550255;-83.09625244140625;
2428814102.5652819;-82.250465393066406;
2428974358.9755383;-80.10626220703125;
2429134615.3857946;-79.644073486328125;
2429294871.796051;-76.377365112304688;
2429455128.2063074;-76.587417602539062;
2429615384.6165643;-72.812271118164063;
2429775641.0268207;-72.155593872070312;
2429935897.437077;-68.45965576171875;
2430096153.8473334;-68.346839904785156;
2430256410.2575898;-65.049606323242188;
2430416666.6678462;-65.014114379882813;
2430576923.0781026;-61.336479187011719;
2430737179.488359;-60.786411285400391;
2430897435.8986154;-58.131599426269531;
2431057692.3088717;-57.758724212646484;
2431217948.7191281;-55.410575866699219;
2431378205.1293845;-54.101921081542969;
2431538461.5396409;-51.916938781738281;
2431698717.9498973;-51.003635406494141;
2431858974.3601537;-49.480728149414063;
2432019230.7704101;-47.957061767578125;
2432179487.1806664;-46.504878997802734;
2432339743.5909228;-44.520389556884766;
2432500000.0011792;-43.790294647216797;
2432660256.4114356;-42.084136962890625;
2432820512.8216925;-41.310897827148438;
2432980769.2319489;-39.399837493896484;
2433141025.6422052;-38.641887664794922;
2433301282.0524616;-37.537715911865234;
2433461538.462718;-36.825565338134766;
2433621794.8729744;-35.888282775878906;
2433782051.2832308;-35.101890563964844;
2433942307.6934872;-34.598960876464844;
2434102564.1037436;-34.331077575683594;
2434262820.5139999;-33.953254699707031;
2434423076.9242563;-33.986656188964844;
2434583333.3345127;-33.899192810058594;
2434743589.7447691;-34.328651428222656;
2434903846.1550255;-34.442512512207031;
2435064102.5652819;-35.102729797363281;
2435224358.9755383;-35.399803161621094;
2435384615.3857946;-36.609912872314453;
2435544871.796051;-37.516273498535156;
2435705128.2063074;-38.320034027099609;
2435865384.6165643;-39.146095275878906;
2436025641.0268207;-40.306785583496094;
2436185897.437077;-41.826652526855469;
2436346153.8473334;-43.298969268798828;
2436506410.2575898;-44.064624786376953;
2436666666.6678462;-45.498725891113281;
2436826923.0781026;-46.262088775634766;
2436987179.488359;-48.505081176757813;
2437147435.8986154;-49.51666259765625;
2437307692.3088717;-50.991424560546875;
2437467948.7191281;-51.751407623291016;
2437628205.1293845;-53.433902740478516;
2437788461.5396409;-54.925018310546875;
2437948717.9498973;-56.449256896972656;
2438108974.3601537;-57.355575561523438;
2438269230.7704101;-58.716354370117188;
2438429487.1806664;-59.745429992675781;
2438589743.5909228;-61.809547424316406;
2438750000.0011792;-63.058467864990234;
2438910256.4114356;-64.165016174316406;
2439070512.8216925;-65.483245849609375;
2439230769.2319489;-66.513656616210937;
2439391025.6422052;-68.790817260742188;
2439551282.0524616;-69.899810791015625;
2439711538.462718;-71.570014953613281;
2439871794.8729744;-72.648880004882813;
2440032051.2832308;-74.240974426269531;
2440192307.6934872;-76.421592712402344;
2440352564.1037436;-78.144767761230469;
2440512820.5139999;-79.29547119140625;
2440673076.9242563;-80.653419494628906;
2440833333.3345127;-81.800949096679688;
2440993589.7447691;-83.441726684570313;
2441153846.1550255;-84.180397033691406;
2441314102.5652819;-84.601425170898437;
2441474358.9755383;-84.917106628417969;
2441634615.3857946;-85.161094665527344;
2441794871.796051;-85.4613037109375;
2441955128.2063074;-85.574562072753906;
2442115384.6165643;-85.622138977050781;
2442275641.0268207;-85.677627563476562;
2442435897.437077;-85.719970703125;
2442596153.8473334;-85.723831176757813;
2442756410.2575898;-85.754714965820313;
2442916666.6678462;-85.791641235351563;
2443076923.0781026;-85.7508544921875;
2443237179.488359;-85.746978759765625;
2443397435.8986154;-85.56842041015625;
2443557692.3088717;-85.470169067382813;
2443717948.7191281;-85.71221923828125;
2443878205.1293845;-85.706474304199219;
2444038461.5396409;-85.714187622070313;
2444198717.9498973;-85.750862121582031;
2444358974.3601537;-85.727668762207031;
2444519230.7704101;-85.737899780273437;
2444679487.1806664;-85.725700378417969;
2444839743.5909228;-85.746963500976562;
2445000000.0011792;-85.795478820800781;
2445160256.4114356;-85.813056945800781;
2445320512.8216925;-85.846267700195313;
2445480769.2319489;-85.815010070800781;
2445641025.6422052;-85.811111450195313;
2445801282.0524616;-85.813034057617188;
2445961538.462718;-85.854103088378906;
2446121794.8729744;-85.822799682617188;
2446282051.2832308;-85.799407958984375;
2446442307.6934872;-85.811103820800781;
2446602564.1037436;-85.816963195800781;
2446762820.5139999;-85.805252075195313;
2446923076.9242563;-85.809158325195313;
2447083333.3345127;-85.791633605957031;
2447243589.7447691;-85.813056945800781;
2447403846.1550255;-85.457290649414063;
2447564102.5652819;-85.689018249511719;
2447724358.9755383;-85.791610717773438;
2447884615.3857946;-85.81500244140625;
2448044871.796051;-85.826713562011719;
2448205128.2063074;-85.82086181640625;
2448365384.6165643;-85.7896728515625;
2448525641.0268207;-82.800857543945313;
2448685897.437077;-83.897918701171875;
2448846153.8473334;-85.275489807128906;
2449006410.2575898;-85.69482421875;
2449166666.6678462;-85.774131774902344;
2449326923.0781026;-85.766387939453125;
2449487179.488359;-85.764450073242188;
2449647435.8986154;-85.783828735351563;
2449807692.3088717;-85.828651428222656;
2449967948.7191281;-85.836471557617188;
2450128205.1293845;-85.824760437011719;
2450288461.5396409;-85.805259704589844;
2450448717.9498973;-85.787712097167969;
2450608974.3601537;-85.803291320800781;
2450769230.7704101;-85.787712097167969;
2450929487.1806664;-85.758628845214844;
2451089743.5909228;-85.824752807617188;
2451250000.0011792;-85.807212829589844;
2451410256.4114356;-85.809158325195313;
2451570512.8216925;-85.816940307617188;
2451730769.2319489;-85.809150695800781;
2451891025.6422052;-85.824760437011719;
2452051282.0524616;-85.826713562011719;
2452211538.462718;-85.802169799804688;
2452371794.8729744;-85.757560729980469;
2452532051.2832308;-85.807197570800781;
2452692307.6934872;-85.838432312011719;
2452852564.1037436;-85.82281494140625;
2453012820.5139999;-85.809127807617188;
2453173076.9242563;-85.857978820800781;
2453333333.3345127;-85.824752807617188;
2453493589.7447691;-85.828666687011719;
2453653846.1550255;-85.795516967773438;
2453814102.5652819;-85.81304931640625;
2453974358.9755383;-85.830619812011719;
2454134615.3857946;-85.82086181640625;
2454294871.796051;-85.754745483398438;
2454455128.2063074;-85.750877380371094;
2454615384.6165643;-85.731544494628906;
2454775641.0268207;-85.789665222167969;
2454935897.437077;-85.80523681640625;
2455096153.8473334;-85.82281494140625;
2455256410.2575898;-85.6168212890625;
2455416666.6678462;-82.883216857910156;
2455576923.0781026;-84.833648681640625;
2455737179.488359;-85.521232604980469;
2455897435.8986154;-85.66595458984375;
2456057692.3088717;-85.764457702636719;
2456217948.7191281;-85.768302917480469;
2456378205.1293845;-85.826713562011719;
2456538461.5396409;-85.73541259765625;
2456698717.9498973;-85.719955444335938;
2456858974.3601537;-85.706474304199219;
2457019230.7704101;-85.6412353515625;
2457179487.1806664;-85.748924255371094;
2457339743.5909228;-85.781883239746094;
2457500000.0011792;-85.80914306640625;
2457660256.4114356;-85.793556213378906;
2457820512.8216925;-85.809051513671875;
2457980769.2319489;-85.719764709472656;
2458141025.6422052;-85.7740478515625;
2458301282.0524616;-85.762474060058594;
2458461538.462718;-85.75665283203125;
2458621794.8729744;-85.725601196289062;
2458782051.2832308;-85.816963195800781;
2458942307.6934872;-85.791557312011719;
2459102564.1037436;-85.85015869140625;
2459262820.5139999;-85.814964294433594;
2459423076.9242563;-85.830619812011719;
2459583333.3345127;-85.799354553222656;
2459743589.7447691;-85.857994079589844;
2459903846.1550255;-85.81097412109375;
2460064102.5652819;-85.811088562011719;
2460224358.9755383;-85.789627075195313;
2460384615.3857946;-85.824745178222656;
2460544871.796051;-85.803253173828125;
2460705128.2063074;-85.879562377929688;
2460865384.6165643;-85.842330932617187;
2461025641.0268207;-85.846267700195313;
2461185897.437077;-85.772140502929687;
2461346153.8473334;-85.818885803222656;
2461506410.2575898;-85.81695556640625;
2461666666.6678462;-85.84234619140625;
2461826923.0781026;-85.7838134765625;
2461987179.488359;-85.861915588378906;
2462147435.8986154;-85.81298828125;
2462307692.3088717;-85.885490417480469;
2462467948.7191281;-85.828636169433594;
2462628205.1293845;-85.840377807617188;
2462788461.5396409;-85.82476806640625;
2462948717.9498973;-85.8677978515625;
2463108974.3601537;-85.875679016113281;
2463269230.7704101;-85.885467529296875;
2463429487.1806664;-85.850166320800781;
2463589743.5909228;-85.907135009765625;
2463750000.0011792;-85.869758605957031;
2463910256.4114356;-85.867790222167969;
2464070512.8216925;-85.873703002929687;
2464230769.2319489;-85.818840026855469;
2464391025.6422052;-85.83648681640625;
2464551282.0524616;-85.863861083984375;
2464711538.462718;-85.899261474609375;
2464871794.8729744;-85.911094665527344;
2465032051.2832308;-85.881553649902344;
2465192307.6934872;-85.899246215820313;
2465352564.1037436;-85.850143432617188;
2465512820.5139999;-85.889350891113281;
2465673076.9242563;-85.832572937011719;
2465833333.3345127;-85.816909790039063;
2465993589.7447691;-85.838386535644531;
2466153846.1550255;-85.873664855957031;
2466314102.5652819;-85.865837097167969;
2466474358.9755383;-85.853973388671875;
2466634615.3857946;-85.814987182617188;
2466794871.796051;-85.826698303222656;
2466955128.2063074;-85.856010437011719;
2467115384.6165643;-85.856002807617188;
2467275641.0268207;-85.848220825195313;
2467435897.437077;-85.84423828125;
2467596153.8473334;-85.859947204589844;
2467756410.2575898;-85.85205078125;
2467916666.6678462;-85.859954833984375;
2468076923.0781026;-85.873680114746094;
2468237179.488359;-85.859962463378906;
2468397435.8986154;-85.879447937011719;
2468557692.3088717;-85.84234619140625;
2468717948.7191281;-85.813003540039063;
2468878205.1293845;-85.826713562011719;
2469038461.5396409;-85.818748474121094;
2469198717.9498973;-85.81500244140625;
2469358974.3601537;-85.807083129882813;
2469519230.7704101;-85.854034423828125;
2469679487.1806664;-85.867774963378906;
2469839743.5909228;-85.80706787109375;
2470000000.0011792;-85.881515502929688;
2470160256.4114356;-85.797431945800781;
2470320512.8216925;-85.828605651855469;
2470480769.2319489;-85.824638366699219;
2470641025.6422052;-85.893348693847656;
2470801282.0524616;-85.752647399902344;
2470961538.462718;-85.8775634765625;
2471121794.8729744;-85.785499572753906;
2471282051.2832308;-85.832527160644531;
2471442307.6934872;-85.721633911132813;
2471602564.1037436;-85.828659057617188;
2471762820.5139999;-85.71966552734375;
2471923076.9242563;-85.887458801269531;
2472083333.3345127;-85.654151916503906;
2472243589.7447691;-85.809127807617188;
2472403846.1550255;-85.617691040039063;
2472564102.5652819;-85.809120178222656;
2472724358.9755383;-85.598419189453125;
2472884615.3857946;-85.807022094726563;
2473044871.796051;-85.590476989746094;
2473205128.2063074;-85.57958984375;
2473365384.6165643;-85.631195068359375;
2473525641.0268207;-85.64068603515625;
2473685897.437077;-85.750175476074219;
2473846153.8473334;-85.467918395996094;
2474006410.2575898;-85.688392639160156;
2474166666.6678462;-85.630867004394531;
2474326923.0781026;-85.785964965820312;
2474487179.488359;-85.5877685546875;
2474647435.8986154;-85.804206848144531;
2474807692.3088717;-85.638916015625;
2474967948.7191281;-85.814964294433594;
2475128205.1293845;-85.692649841308594;
2475288461.5396409;-85.79931640625;
2475448717.9498973;-85.706344604492187;
2475608974.3601537;-85.803298950195313;
2475769230.7704101;-85.692901611328125;
2475929487.1806664;-85.791580200195313;
2476089743.5909228;-85.748908996582031;
2476250000.0011792;-85.818885803222656;
2476410256.4114356;-85.723777770996094;
2476570512.8216925;-85.80718994140625;
2476730769.2319489;-85.743019104003906;
2476891025.6422052;-85.735420227050781;
2477051282.0524616;-85.700691223144531;
2477211538.462718;-85.70648193359375;
2477371794.8729744;-85.718032836914063;
2477532051.2832308;-85.729606628417969;
2477692307.6934872;-85.748947143554688;
2477852564.1037436;-85.712257385253906;
2478012820.5139999;-85.687240600585938;
2478173076.9242563;-85.704559326171875;
2478333333.3345127;-85.710319519042969;
2478493589.7447691;-85.714179992675781;
2478653846.1550255;-85.737335205078125;
2478814102.5652819;-85.774139404296875;
2478974358.9755383;-85.75665283203125;
2479134615.3857946;-85.719940185546875;
2479294871.796051;-85.7916259765625;
2479455128.2063074;-85.811111450195313;
2479615384.6165643;-85.79107666015625;
2479775641.0268207;-85.81890869140625;
2479935897.437077;-85.822807312011719;
2480096153.8473334;-85.83258056640625;
2480256410.2575898;-85.836479187011719;
2480416666.6678462;-85.875663757324219;
2480576923.0781026;-85.863883972167969;
2480737179.488359;-85.8638916015625;
2480897435.8986154;-85.895332336425781;
2481057692.3088717;-85.91107177734375;
2481217948.7191281;-85.889404296875;
2481378205.1293845;-85.889427185058594;
2481538461.5396409;-85.887458801269531;
2481698717.9498973;-85.895317077636719;
2481858974.3601537;-85.899269104003906;
2482019230.7704101;-85.903205871582031;
2482179487.1806664;-85.90911865234375;
2482339743.5909228;-85.9150390625;
2482500000.0011792;-85.911094665527344;
2482660256.4114356;-85.905181884765625;
2482820512.8216925;-85.889411926269531;
2482980769.2319489;-85.928840637207031;
2483141025.6422052;-85.934768676757813;
2483301282.0524616;-85.9150390625;
2483461538.462718;-85.889396667480469;
2483621794.8729744;-85.905166625976563;
2483782051.2832308;-85.913047790527344;
2483942307.6934872;-85.895317077636719;
2484102564.1037436;-85.9150390625;
2484262820.5139999;-85.918968200683594;
