Type;ESU;
Version;4.43;
Date;03.Jun 16;
Mode;ANALYZER;
Center Freq;2434262820.514000;Hz
Freq Offset;0.000000;Hz
Span;100000000.000000;Hz
x-Axis;LIN;
Start;2384262820.514000;Hz
Stop;2484262820.514000;Hz
Ref Level;-9.000000;dBm
Level Offset;0.000000;dB
Ref Position;100.000000;%
y-Axis;LOG;
Level Range;100.000000;dB
Rf Att;5.000000;dB
RBW;2000000.000000;Hz
VBW;50.000000;Hz
SWT;2.500000;s
Trace Mode;CLR/WRITE;
Detector;RMS;
Sweep Count;0;
Trace 1:;;
x-Unit;Hz;
y-Unit;dBm;
Values;625;
2384262820.5139999;-85.692649841308594;
2384423076.9242563;-85.702529907226562;
2384583333.3345127;-85.721900939941406;
2384743589.7447691;-85.704544067382812;
2384903846.1550255;-85.718048095703125;
2385064102.5652819;-85.679519653320313;
2385224358.9755383;-85.698776245117188;
2385384615.3857946;-85.679527282714844;
2385544871.796051;-85.716117858886719;
2385705128.2063074;-85.679481506347656;
2385865384.6165643;-85.729598999023438;
2386025641.0268207;-85.687240600585938;
2386185897.437077;-85.696792602539063;
2386346153.8473334;-85.639320373535156;
2386506410.2575898;-85.667816162109375;
2386666666.6678462;-85.635498046875;
2386826923.0781026;-85.662200927734375;
2386987179.488359;-85.691070556640625;
2387147435.8986154;-85.656501770019531;
2387307692.3088717;-85.687210083007813;
2387467948.7191281;-85.631629943847656;
2387628205.1293845;-85.692977905273438;
2387788461.5396409;-85.578208923339844;
2387948717.9498973;-85.685211181640625;
2388108974.3601537;-85.631645202636719;
2388269230.7704101;-85.631256103515625;
2388429487.1806664;-85.604789733886719;
2388589743.5909228;-85.621788024902344;
2388750000.0011792;-85.601158142089844;
2388910256.4114356;-85.538291931152344;
2389070512.8216925;-85.6240234375;
2389230769.2319489;-85.54779052734375;
2389391025.6422052;-85.635513305664063;
2389551282.0524616;-85.470504760742187;
2389711538.462718;-85.658363342285156;
2389871794.8729744;-85.451766967773438;
2390032051.2832308;-85.576210021972656;
2390192307.6934872;-85.400993347167969;
2390352564.1037436;-85.491676330566406;
2390512820.5139999;-85.440635681152344;
2390673076.9242563;-85.354682922363281;
2390833333.3345127;-85.474136352539062;
2390993589.7447691;-85.308853149414063;
2391153846.1550255;-85.527099609375;
2391314102.5652819;-85.224800109863281;
2391474358.9755383;-85.483673095703125;
2391634615.3857946;-85.232780456542969;
2391794871.796051;-85.433151245117188;
2391955128.2063074;-85.269378662109375;
2392115384.6165643;-85.325279235839844;
2392275641.0268207;-85.418083190917969;
2392435897.437077;-85.313034057617188;
2392596153.8473334;-85.502426147460938;
2392756410.2575898;-85.36181640625;
2392916666.6678462;-85.591621398925781;
2393076923.0781026;-85.379104614257813;
2393237179.488359;-85.551719665527344;
2393397435.8986154;-85.464698791503906;
2393557692.3088717;-85.558998107910156;
2393717948.7191281;-85.5064697265625;
2393878205.1293845;-85.511863708496094;
2394038461.5396409;-85.527275085449219;
2394198717.9498973;-85.498794555664063;
2394358974.3601537;-85.595382690429688;
2394519230.7704101;-85.570625305175781;
2394679487.1806664;-85.601097106933594;
2394839743.5909228;-85.534568786621094;
2395000000.0011792;-85.6202392578125;
2395160256.4114356;-85.546058654785156;
2395320512.8216925;-85.583900451660156;
2395480769.2319489;-85.583938598632813;
2395641025.6422052;-85.58209228515625;
2395801282.0524616;-85.591636657714844;
2395961538.462718;-85.580162048339844;
2396121794.8729744;-85.6202392578125;
2396282051.2832308;-85.585899353027344;
2396442307.6934872;-85.625961303710938;
2396602564.1037436;-85.572601318359375;
2396762820.5139999;-85.627861022949219;
2396923076.9242563;-85.534828186035156;
2397083333.3345127;-85.523475646972656;
2397243589.7447691;-85.559219360351563;
2397403846.1550255;-85.589607238769531;
2397564102.5652819;-85.582145690917969;
2397724358.9755383;-85.56695556640625;
2397884615.3857946;-85.624000549316406;
2398044871.796051;-85.5574951171875;
2398205128.2063074;-85.608802795410156;
2398365384.6165643;-85.538566589355469;
2398525641.0268207;-85.5916748046875;
2398685897.437077;-85.599273681640625;
2398846153.8473334;-85.608726501464844;
2399006410.2575898;-85.604995727539063;
2399166666.6678462;-85.608802795410156;
2399326923.0781026;-85.641220092773438;
2399487179.488359;-85.60107421875;
2399647435.8986154;-85.625961303710938;
2399807692.3088717;-85.56884765625;
2399967948.7191281;-85.60687255859375;
2400128205.1293845;-85.595451354980469;
2400288461.5396409;-85.625961303710938;
2400448717.9498973;-85.544273376464844;
2400608974.3601537;-85.574554443359375;
2400769230.7704101;-85.574531555175781;
2400929487.1806664;-85.604957580566406;
2401089743.5909228;-85.599281311035156;
2401250000.0011792;-85.608779907226562;
2401410256.4114356;-85.618270874023438;
2401570512.8216925;-85.635490417480469;
2401730769.2319489;-85.620246887207031;
2401891025.6422052;-85.584068298339844;
2402051282.0524616;-85.6107177734375;
2402211538.462718;-85.531028747558594;
2402371794.8729744;-85.608757019042969;
2402532051.2832308;-85.553749084472656;
2402692307.6934872;-85.603073120117187;
2402852564.1037436;-85.553756713867187;
2403012820.5139999;-85.593574523925781;
2403173076.9242563;-85.597373962402344;
2403333333.3345127;-85.604995727539063;
2403493589.7447691;-85.563194274902344;
2403653846.1550255;-85.60498046875;
2403814102.5652819;-85.595489501953125;
2403974358.9755383;-85.597312927246094;
2404134615.3857946;-85.608795166015625;
2404294871.796051;-85.570762634277344;
2404455128.2063074;-85.618324279785156;
2404615384.6165643;-85.549873352050781;
2404775641.0268207;-85.593574523925781;
2404935897.437077;-85.5916748046875;
2405096153.8473334;-85.604927062988281;
2405256410.2575898;-85.549919128417969;
2405416666.6678462;-85.614501953125;
2405576923.0781026;-85.618278503417969;
2405737179.488359;-85.610389709472656;
2405897435.8986154;-85.617393493652344;
2406057692.3088717;-85.617210388183594;
2406217948.7191281;-85.625968933105469;
2406378205.1293845;-85.590385437011719;
2406538461.5396409;-85.623779296875;
2406698717.9498973;-85.574508666992188;
2406858974.3601537;-85.568466186523438;
2407019230.7704101;-85.618324279785156;
2407179487.1806664;-85.622116088867188;
2407339743.5909228;-85.608779907226562;
2407500000.0011792;-85.6143798828125;
2407660256.4114356;-85.612594604492187;
2407820512.8216925;-85.612586975097656;
2407980769.2319489;-85.624061584472656;
2408141025.6422052;-85.631645202636719;
2408301282.0524616;-85.664192199707031;
2408461538.462718;-85.604942321777344;
2408621794.8729744;-85.633583068847656;
2408782051.2832308;-85.572677612304688;
2408942307.6934872;-85.599205017089844;
2409102564.1037436;-85.580177307128906;
2409262820.5139999;-85.604888916015625;
2409423076.9242563;-85.595481872558594;
2409583333.3345127;-85.601112365722656;
2409743589.7447691;-85.610671997070313;
2409903846.1550255;-85.599166870117187;
2410064102.5652819;-85.625946044921875;
2410224358.9755383;-85.566886901855469;
2410384615.3857946;-85.608795166015625;
2410544871.796051;-85.616424560546875;
2410705128.2063074;-85.641242980957031;
2410865384.6165643;-85.610679626464844;
2411025641.0268207;-85.675712585449219;
2411185897.437077;-85.627876281738281;
2411346153.8473334;-85.608795166015625;
2411506410.2575898;-85.644256591796875;
2411666666.6678462;-85.6297607421875;
2411826923.0781026;-85.616416931152344;
2411987179.488359;-85.625961303710938;
2412147435.8986154;-85.629776000976563;
2412307692.3088717;-85.614524841308594;
2412467948.7191281;-85.610710144042969;
2412628205.1293845;-85.65264892578125;
2412788461.5396409;-85.666107177734375;
2412948717.9498973;-85.679557800292969;
2413108974.3601537;-85.648895263671875;
2413269230.7704101;-85.62786865234375;
2413429487.1806664;-85.620246887207031;
2413589743.5909228;-85.616432189941406;
2413750000.0011792;-85.660926818847656;
2413910256.4114356;-85.691085815429687;
2414070512.8216925;-85.669952392578125;
2414230769.2319489;-85.673797607421875;
2414391025.6422052;-85.67572021484375;
2414551282.0524616;-85.671882629394531;
2414711538.462718;-85.671875;
2414871794.8729744;-85.625961303710938;
2415032051.2832308;-85.624061584472656;
2415192307.6934872;-85.629776000976563;
2415352564.1037436;-85.652725219726563;
2415512820.5139999;-85.624061584472656;
2415673076.9242563;-85.64697265625;
2415833333.3345127;-85.681480407714844;
2415993589.7447691;-85.65655517578125;
2416153846.1550255;-85.680656433105469;
2416314102.5652819;-85.687240600585938;
2416474358.9755383;-85.654632568359375;
2416634615.3857946;-85.654594421386719;
2416794871.796051;-85.700706481933594;
2416955128.2063074;-85.691078186035156;
2417115384.6165643;-85.68145751953125;
2417275641.0268207;-85.614524841308594;
2417435897.437077;-85.641220092773438;
2417596153.8473334;-85.639335632324219;
2417756410.2575898;-85.641227722167969;
2417916666.6678462;-85.625961303710938;
2418076923.0781026;-85.62786865234375;
2418237179.488359;-85.637420654296875;
2418397435.8986154;-85.629776000976563;
2418557692.3088717;-85.6412353515625;
2418717948.7191281;-85.599288940429688;
2418878205.1293845;-85.620246887207031;
2419038461.5396409;-85.622154235839844;
2419198717.9498973;-85.627876281738281;
2419358974.3601537;-85.612617492675781;
2419519230.7704101;-85.658462524414062;
2419679487.1806664;-85.625968933105469;
2419839743.5909228;-85.614517211914062;
2420000000.0011792;-85.662239074707031;
2420160256.4114356;-85.68914794921875;
2420320512.8216925;-85.627876281738281;
2420480769.2319489;-85.612602233886719;
2420641025.6422052;-85.595489501953125;
2420801282.0524616;-85.60308837890625;
2420961538.462718;-85.631690979003906;
2421121794.8729744;-85.618324279785156;
2421282051.2832308;-85.639335632324219;
2421442307.6934872;-85.601188659667969;
2421602564.1037436;-85.635505676269531;
2421762820.5139999;-85.578384399414063;
2421923076.9242563;-85.614517211914062;
2422083333.3345127;-85.608802795410156;
2422243589.7447691;-85.604995727539063;
2422403846.1550255;-85.608810424804688;
2422564102.5652819;-85.560752868652344;
2422724358.9755383;-85.558380126953125;
2422884615.3857946;-85.565116882324219;
2423044871.796051;-85.551864624023438;
2423205128.2063074;-85.538612365722656;
2423365384.6165643;-85.555633544921875;
2423525641.0268207;-85.515968322753906;
2423685897.437077;-85.557540893554688;
2423846153.8473334;-85.544296264648438;
2424006410.2575898;-85.595466613769531;
2424166666.6678462;-85.538581848144531;
2424326923.0781026;-85.599189758300781;
2424487179.488359;-85.540504455566406;
2424647435.8986154;-85.487449645996094;
2424807692.3088717;-85.478294372558594;
2424967948.7191281;-85.423759460449219;
2425128205.1293845;-85.394355773925781;
2425288461.5396409;-85.266044616699219;
2425448717.9498973;-85.314781188964844;
2425608974.3601537;-84.948860168457031;
2425769230.7704101;-85.02508544921875;
2425929487.1806664;-83.812614440917969;
2426089743.5909228;-84.107307434082031;
2426250000.0011792;-82.711502075195313;
2426410256.4114356;-82.44287109375;
2426570512.8216925;-80.788253784179687;
2426730769.2319489;-78.855903625488281;
2426891025.6422052;-77.816154479980469;
2427051282.0524616;-75.220039367675781;
2427211538.462718;-74.23907470703125;
2427371794.8729744;-70.70855712890625;
2427532051.2832308;-69.780906677246094;
2427692307.6934872;-66.273117065429688;
2427852564.1037436;-65.887100219726563;
2428012820.5139999;-62.582439422607422;
2428173076.9242563;-62.107723236083984;
2428333333.3345127;-57.696277618408203;
2428493589.7447691;-57.704208374023438;
2428653846.1550255;-54.382846832275391;
2428814102.5652819;-53.597221374511719;
2428974358.9755383;-51.730514526367188;
2429134615.3857946;-49.102916717529297;
2429294871.796051;-48.423236846923828;
2429455128.2063074;-45.801326751708984;
2429615384.6165643;-45.842323303222656;
2429775641.0268207;-42.663246154785156;
2429935897.437077;-41.997135162353516;
2430096153.8473334;-39.405845642089844;
2430256410.2575898;-38.647109985351563;
2430416666.6678462;-37.044288635253906;
2430576923.0781026;-35.682159423828125;
2430737179.488359;-33.783092498779297;
2430897435.8986154;-32.400009155273438;
2431057692.3088717;-31.479093551635742;
2431217948.7191281;-30.108041763305664;
2431378205.1293845;-29.101652145385742;
2431538461.5396409;-27.306472778320312;
2431698717.9498973;-26.691963195800781;
2431858974.3601537;-25.651700973510742;
2432019230.7704101;-25.151052474975586;
2432179487.1806664;-24.150384902954102;
2432339743.5909228;-23.284524917602539;
2432500000.0011792;-22.966726303100586;
2432660256.4114356;-22.589164733886719;
2432820512.8216925;-22.513355255126953;
2432980769.2319489;-22.308023452758789;
2433141025.6422052;-22.496162414550781;
2433301282.0524616;-22.781429290771484;
2433461538.462718;-23.132492065429687;
2433621794.8729744;-23.629936218261719;
2433782051.2832308;-24.221420288085938;
2433942307.6934872;-25.546098709106445;
2434102564.1037436;-26.023052215576172;
2434262820.5139999;-27.323083877563477;
2434423076.9242563;-27.822536468505859;
2434583333.3345127;-29.429000854492188;
2434743589.7447691;-30.911670684814453;
2434903846.1550255;-31.994707107543945;
2435064102.5652819;-33.229816436767578;
2435224358.9755383;-34.096290588378906;
2435384615.3857946;-35.795375823974609;
2435544871.796051;-37.364517211914063;
2435705128.2063074;-38.777980804443359;
2435865384.6165643;-39.717479705810547;
2436025641.0268207;-41.057186126708984;
2436185897.437077;-42.415283203125;
2436346153.8473334;-44.264759063720703;
2436506410.2575898;-45.468738555908203;
2436666666.6678462;-46.520053863525391;
2436826923.0781026;-47.797142028808594;
2436987179.488359;-49.095779418945313;
2437147435.8986154;-51.272571563720703;
2437307692.3088717;-52.019378662109375;
2437467948.7191281;-53.537986755371094;
2437628205.1293845;-54.443088531494141;
2437788461.5396409;-56.158271789550781;
2437948717.9498973;-58.033405303955078;
2438108974.3601537;-59.399005889892578;
2438269230.7704101;-60.685985565185547;
2438429487.1806664;-61.999374389648438;
2438589743.5909228;-63.881744384765625;
2438750000.0011792;-66.103767395019531;
2438910256.4114356;-67.571220397949219;
2439070512.8216925;-69.082130432128906;
2439230769.2319489;-70.9683837890625;
2439391025.6422052;-72.722969055175781;
2439551282.0524616;-75.64581298828125;
2439711538.462718;-76.958831787109375;
2439871794.8729744;-78.831161499023438;
2440032051.2832308;-79.945106506347656;
2440192307.6934872;-81.832313537597656;
2440352564.1037436;-83.35845947265625;
2440512820.5139999;-84.045654296875;
2440673076.9242563;-84.462730407714844;
2440833333.3345127;-84.744300842285156;
2440993589.7447691;-85.105216979980469;
2441153846.1550255;-85.320281982421875;
2441314102.5652819;-85.360984802246094;
2441474358.9755383;-85.482109069824219;
2441634615.3857946;-85.51220703125;
2441794871.796051;-85.540512084960937;
2441955128.2063074;-85.542388916015625;
2442115384.6165643;-85.625930786132813;
2442275641.0268207;-85.650772094726563;
2442435897.437077;-85.597373962402344;
2442596153.8473334;-85.624061584472656;
2442756410.2575898;-85.627861022949219;
2442916666.6678462;-85.648857116699219;
2443076923.0781026;-85.646949768066406;
2443237179.488359;-85.608528137207031;
2443397435.8986154;-85.643089294433594;
2443557692.3088717;-85.679550170898437;
2443717948.7191281;-85.660377502441406;
2443878205.1293845;-85.618339538574219;
2444038461.5396409;-85.627876281738281;
2444198717.9498973;-85.648872375488281;
2444358974.3601537;-85.624061584472656;
2444519230.7704101;-85.658462524414062;
2444679487.1806664;-85.660377502441406;
2444839743.5909228;-85.582145690917969;
2445000000.0011792;-85.57080078125;
2445160256.4114356;-85.531059265136719;
2445320512.8216925;-85.5821533203125;
2445480769.2319489;-85.544281005859375;
2445641025.6422052;-85.525398254394531;
2445801282.0524616;-85.515983581542969;
2445961538.462718;-85.542396545410156;
2446121794.8729744;-85.500923156738281;
2446282051.2832308;-85.519744873046875;
2446442307.6934872;-85.530532836914063;
2446602564.1037436;-85.536735534667969;
2446762820.5139999;-85.601188659667969;
2446923076.9242563;-85.6202392578125;
2447083333.3345127;-85.614517211914062;
2447243589.7447691;-85.60308837890625;
2447403846.1550255;-85.625961303710938;
2447564102.5652819;-85.608795166015625;
2447724358.9755383;-85.532936096191406;
2447884615.3857946;-85.555465698242187;
2448044871.796051;-85.658462524414062;
2448205128.2063074;-85.698776245117188;
2448365384.6165643;-85.691078186035156;
2448525641.0268207;-85.691085815429687;
2448685897.437077;-85.673797607421875;
2448846153.8473334;-85.705955505371094;
2449006410.2575898;-85.593307495117188;
2449166666.6678462;-85.531471252441406;
2449326923.0781026;-85.536727905273438;
2449487179.488359;-85.584068298339844;
2449647435.8986154;-85.561286926269531;
2449807692.3088717;-85.679527282714844;
2449967948.7191281;-85.747001647949219;
2450128205.1293845;-85.710235595703125;
2450288461.5396409;-85.431243896484375;
2450448717.9498973;-85.303817749023438;
2450608974.3601537;-85.296463012695312;
2450769230.7704101;-85.296432495117188;
2450929487.1806664;-85.3443603515625;
2451089743.5909228;-85.4632568359375;
2451250000.0011792;-85.574600219726563;
2451410256.4114356;-85.572624206542969;
2451570512.8216925;-85.660377502441406;
2451730769.2319489;-85.605003356933594;
2451891025.6422052;-85.641212463378906;
2452051282.0524616;-85.762466430664063;
2452211538.462718;-85.795516967773438;
2452371794.8729744;-85.7857666015625;
2452532051.2832308;-85.77203369140625;
2452692307.6934872;-85.762496948242188;
2452852564.1037436;-85.735336303710937;
2453012820.5139999;-85.710296630859375;
2453173076.9242563;-85.692985534667969;
2453333333.3345127;-85.74310302734375;
2453493589.7447691;-85.698699951171875;
2453653846.1550255;-85.710090637207031;
2453814102.5652819;-85.622093200683594;
2453974358.9755383;-85.665969848632813;
2454134615.3857946;-85.683357238769531;
2454294871.796051;-85.671699523925781;
2454455128.2063074;-85.660377502441406;
2454615384.6165643;-85.623741149902344;
2454775641.0268207;-85.641242980957031;
2454935897.437077;-85.630973815917969;
2455096153.8473334;-85.643409729003906;
2455256410.2575898;-85.518028259277344;
2455416666.6678462;-85.5064697265625;
2455576923.0781026;-85.457672119140625;
2455737179.488359;-85.497085571289063;
2455897435.8986154;-85.553665161132812;
2456057692.3088717;-85.604896545410156;
2456217948.7191281;-85.620231628417969;
2456378205.1293845;-85.548027038574219;
2456538461.5396409;-85.57269287109375;
2456698717.9498973;-85.491455078125;
2456858974.3601537;-85.531005859375;
2457019230.7704101;-85.542251586914063;
2457179487.1806664;-85.581993103027344;
2457339743.5909228;-85.62396240234375;
2457500000.0011792;-85.622085571289063;
2457660256.4114356;-85.685249328613281;
2457820512.8216925;-85.692962646484375;
2457980769.2319489;-85.743110656738281;
2458141025.6422052;-85.706398010253906;
2458301282.0524616;-85.698776245117188;
2458461538.462718;-85.654617309570313;
2458621794.8729744;-85.712211608886719;
2458782051.2832308;-85.685302734375;
2458942307.6934872;-85.706398010253906;
2459102564.1037436;-85.692886352539062;
2459262820.5139999;-85.708320617675781;
2459423076.9242563;-85.746932983398438;
2459583333.3345127;-85.762321472167969;
2459743589.7447691;-85.104461669921875;
2459903846.1550255;-85.144721984863281;
2460064102.5652819;-85.65045166015625;
2460224358.9755383;-85.66412353515625;
2460384615.3857946;-85.615966796875;
2460544871.796051;-85.505950927734375;
2460705128.2063074;-85.679275512695312;
2460865384.6165643;-85.731468200683594;
2461025641.0268207;-85.82275390625;
2461185897.437077;-85.814964294433594;
2461346153.8473334;-85.8441162109375;
2461506410.2575898;-85.813018798828125;
2461666666.6678462;-85.808967590332031;
2461826923.0781026;-85.807182312011719;
2461987179.488359;-85.803138732910156;
2462147435.8986154;-85.816963195800781;
2462307692.3088717;-85.781875610351562;
2462467948.7191281;-85.893341064453125;
2462628205.1293845;-85.832550048828125;
2462788461.5396409;-85.857887268066406;
2462948717.9498973;-85.832496643066406;
2463108974.3601537;-85.863632202148438;
2463269230.7704101;-85.838401794433594;
2463429487.1806664;-85.806884765625;
2463589743.5909228;-85.789634704589844;
2463750000.0011792;-85.801223754882812;
2463910256.4114356;-85.899261474609375;
2464070512.8216925;-85.820747375488281;
2464230769.2319489;-85.895317077636719;
2464391025.6422052;-85.793487548828125;
2464551282.0524616;-85.830535888671875;
2464711538.462718;-85.764244079589844;
2464871794.8729744;-85.849983215332031;
2465032051.2832308;-85.863853454589844;
2465192307.6934872;-85.777702331542969;
2465352564.1037436;-85.82086181640625;
2465512820.5139999;-85.748733520507813;
2465673076.9242563;-85.848220825195313;
2465833333.3345127;-85.735359191894531;
2465993589.7447691;-85.8265380859375;
2466153846.1550255;-85.764228820800781;
2466314102.5652819;-85.779518127441406;
2466474358.9755383;-85.748748779296875;
2466634615.3857946;-85.797065734863281;
2466794871.796051;-85.814933776855469;
2466955128.2063074;-85.738662719726562;
2467115384.6165643;-85.838294982910156;
2467275641.0268207;-85.732872009277344;
2467435897.437077;-85.822738647460938;
2467596153.8473334;-85.700401306152344;
2467756410.2575898;-85.802803039550781;
2467916666.6678462;-85.742744445800781;
2468076923.0781026;-85.779006958007812;
2468237179.488359;-85.692779541015625;
2468397435.8986154;-85.649787902832031;
2468557692.3088717;-85.754600524902344;
2468717948.7191281;-85.619224548339844;
2468878205.1293845;-85.7352294921875;
2469038461.5396409;-85.573646545410156;
2469198717.9498973;-85.80316162109375;
2469358974.3601537;-85.598655700683594;
2469519230.7704101;-85.734451293945313;
2469679487.1806664;-85.640327453613281;
2469839743.5909228;-85.675376892089844;
2470000000.0011792;-85.65216064453125;
2470160256.4114356;-85.535308837890625;
2470320512.8216925;-85.673118591308594;
2470480769.2319489;-85.45989990234375;
2470641025.6422052;-85.704246520996094;
2470801282.0524616;-85.31671142578125;
2470961538.462718;-85.662933349609375;
2471121794.8729744;-85.167678833007813;
2471282051.2832308;-85.516098022460938;
2471442307.6934872;-85.128509521484375;
2471602564.1037436;-85.542739868164063;
2471762820.5139999;-84.983383178710938;
2471923076.9242563;-85.257499694824219;
2472083333.3345127;-85.16961669921875;
2472243589.7447691;-85.140144348144531;
2472403846.1550255;-85.326828002929688;
2472564102.5652819;-85.090263366699219;
2472724358.9755383;-85.318229675292969;
2472884615.3857946;-84.955924987792969;
2473044871.796051;-85.448860168457031;
2473205128.2063074;-84.987846374511719;
2473365384.6165643;-85.505500793457031;
2473525641.0268207;-85.116691589355469;
2473685897.437077;-85.547805786132813;
2473846153.8473334;-85.297439575195313;
2474006410.2575898;-85.49566650390625;
2474166666.6678462;-85.465774536132813;
2474326923.0781026;-85.518043518066406;
2474487179.488359;-85.543601989746094;
2474647435.8986154;-85.502311706542969;
2474807692.3088717;-85.602767944335937;
2474967948.7191281;-85.497711181640625;
2475128205.1293845;-85.681373596191406;
2475288461.5396409;-85.496330261230469;
2475448717.9498973;-85.710128784179688;
2475608974.3601537;-85.566604614257813;
2475769230.7704101;-85.698524475097656;
2475929487.1806664;-85.575950622558594;
2476089743.5909228;-85.652091979980469;
2476250000.0011792;-85.621826171875;
2476410256.4114356;-85.640640258789063;
2476570512.8216925;-85.631492614746094;
2476730769.2319489;-85.616081237792969;
2476891025.6422052;-85.692939758300781;
2477051282.0524616;-85.58941650390625;
2477211538.462718;-85.694900512695312;
2477371794.8729744;-85.570724487304687;
2477532051.2832308;-85.622055053710938;
2477692307.6934872;-85.540420532226562;
2477852564.1037436;-85.643356323242188;
2478012820.5139999;-85.6068115234375;
2478173076.9242563;-85.623786926269531;
2478333333.3345127;-85.574455261230469;
2478493589.7447691;-85.675704956054688;
2478653846.1550255;-85.616294860839844;
2478814102.5652819;-85.687210083007813;
2478974358.9755383;-85.637359619140625;
2479134615.3857946;-85.669754028320313;
2479294871.796051;-85.683341979980469;
2479455128.2063074;-85.698699951171875;
2479615384.6165643;-85.710334777832031;
2479775641.0268207;-85.679489135742188;
2479935897.437077;-85.7740478515625;
2480096153.8473334;-85.793510437011719;
2480256410.2575898;-85.826713562011719;
2480416666.6678462;-85.799949645996094;
2480576923.0781026;-85.873710632324219;
2480737179.488359;-85.822212219238281;
2480897435.8986154;-85.828666687011719;
2481057692.3088717;-85.832534790039063;
2481217948.7191281;-85.83251953125;
2481378205.1293845;-85.857933044433594;
2481538461.5396409;-85.871559143066406;
2481698717.9498973;-85.828666687011719;
2481858974.3601537;-85.803291320800781;
2482019230.7704101;-85.861915588378906;
2482179487.1806664;-85.863883972167969;
2482339743.5909228;-85.926834106445312;
2482500000.0011792;-85.883491516113281;
2482660256.4114356;-85.871711730957031;
2482820512.8216925;-85.838409423828125;
2482980769.2319489;-85.879600524902344;
2483141025.6422052;-85.807167053222656;
2483301282.0524616;-85.897285461425781;
2483461538.462718;-85.903190612792969;
2483621794.8729744;-85.893302917480469;
2483782051.2832308;-85.875640869140625;
2483942307.6934872;-85.895317077636719;
2484102564.1037436;-85.954566955566406;
2484262820.5139999;-85.883468627929688;
