Type;ESU;
Version;4.43;
Date;03.Jun 16;
Mode;ANALYZER;
Center Freq;2434262820.514000;Hz
Freq Offset;0.000000;Hz
Span;100000000.000000;Hz
x-Axis;LIN;
Start;2384262820.514000;Hz
Stop;2484262820.514000;Hz
Ref Level;-9.000000;dBm
Level Offset;0.000000;dB
Ref Position;100.000000;%
y-Axis;LOG;
Level Range;100.000000;dB
Rf Att;5.000000;dB
RBW;2000000.000000;Hz
VBW;50.000000;Hz
SWT;2.500000;s
Trace Mode;CLR/WRITE;
Detector;RMS;
Sweep Count;0;
Trace 1:;;
x-Unit;Hz;
y-Unit;dBm;
Values;625;
2384262820.5139999;-85.722244262695313;
2384423076.9242563;-85.698768615722656;
2384583333.3345127;-85.706474304199219;
2384743589.7447691;-85.702613830566406;
2384903846.1550255;-85.698776245117188;
2385064102.5652819;-85.706474304199219;
2385224358.9755383;-85.7392578125;
2385384615.3857946;-85.762451171875;
2385544871.796051;-85.716110229492188;
2385705128.2063074;-85.675666809082031;
2385865384.6165643;-85.698745727539063;
2386025641.0268207;-85.671806335449219;
2386185897.437077;-85.708404541015625;
2386346153.8473334;-85.683380126953125;
2386506410.2575898;-85.689163208007813;
2386666666.6678462;-85.658424377441406;
2386826923.0781026;-85.733474731445313;
2386987179.488359;-85.691047668457031;
2387147435.8986154;-85.671821594238281;
2387307692.3088717;-85.59735107421875;
2387467948.7191281;-85.624031066894531;
2387628205.1293845;-85.62017822265625;
2387788461.5396409;-85.654563903808594;
2387948717.9498973;-85.679443359375;
2388108974.3601537;-85.716056823730469;
2388269230.7704101;-85.696853637695313;
2388429487.1806664;-85.662223815917969;
2388589743.5909228;-85.635513305664063;
2388750000.0011792;-85.580215454101563;
2388910256.4114356;-85.622138977050781;
2389070512.8216925;-85.633514404296875;
2389230769.2319489;-85.68145751953125;
2389391025.6422052;-85.646873474121094;
2389551282.0524616;-85.704536437988281;
2389711538.462718;-85.635391235351562;
2389871794.8729744;-85.710334777832031;
2390032051.2832308;-85.606773376464844;
2390192307.6934872;-85.706344604492187;
2390352564.1037436;-85.546028137207031;
2390512820.5139999;-85.576133728027344;
2390673076.9242563;-85.536529541015625;
2390833333.3345127;-85.600936889648438;
2390993589.7447691;-85.461135864257813;
2391153846.1550255;-85.536003112792969;
2391314102.5652819;-85.493171691894531;
2391474358.9755383;-85.540290832519531;
2391634615.3857946;-85.299468994140625;
2391794871.796051;-85.589515686035156;
2391955128.2063074;-85.279098510742187;
2392115384.6165643;-85.513885498046875;
2392275641.0268207;-85.267608642578125;
2392435897.437077;-85.553733825683594;
2392596153.8473334;-85.145835876464844;
2392756410.2575898;-85.49896240234375;
2392916666.6678462;-85.082290649414063;
2393076923.0781026;-85.427421569824219;
2393237179.488359;-85.167564392089844;
2393397435.8986154;-85.299064636230469;
2393557692.3088717;-85.297187805175781;
2393717948.7191281;-85.290863037109375;
2393878205.1293845;-85.360183715820313;
2394038461.5396409;-85.353729248046875;
2394198717.9498973;-85.354660034179688;
2394358974.3601537;-85.403915405273438;
2394519230.7704101;-85.461204528808594;
2394679487.1806664;-85.43536376953125;
2394839743.5909228;-85.410881042480469;
2395000000.0011792;-85.438613891601563;
2395160256.4114356;-85.563034057617188;
2395320512.8216925;-85.473953247070313;
2395480769.2319489;-85.576278686523438;
2395641025.6422052;-85.549591064453125;
2395801282.0524616;-85.612579345703125;
2395961538.462718;-85.542228698730469;
2396121794.8729744;-85.616409301757812;
2396282051.2832308;-85.551506042480469;
2396442307.6934872;-85.521553039550781;
2396602564.1037436;-85.587547302246094;
2396762820.5139999;-85.531005859375;
2396923076.9242563;-85.561027526855469;
2397083333.3345127;-85.502723693847656;
2397243589.7447691;-85.549583435058594;
2397403846.1550255;-85.540176391601563;
2397564102.5652819;-85.576210021972656;
2397724358.9755383;-85.551841735839844;
2397884615.3857946;-85.557456970214844;
2398044871.796051;-85.532951354980469;
2398205128.2063074;-85.529083251953125;
2398365384.6165643;-85.603073120117187;
2398525641.0268207;-85.549896240234375;
2398685897.437077;-85.582084655761719;
2398846153.8473334;-85.546043395996094;
2399006410.2575898;-85.567001342773437;
2399166666.6678462;-85.566970825195313;
2399326923.0781026;-85.622108459472656;
2399487179.488359;-85.599250793457031;
2399647435.8986154;-85.604972839355469;
2399807692.3088717;-85.606880187988281;
2399967948.7191281;-85.589706420898437;
2400128205.1293845;-85.588905334472656;
2400288461.5396409;-85.589706420898437;
2400448717.9498973;-85.566925048828125;
2400608974.3601537;-85.599250793457031;
2400769230.7704101;-85.608802795410156;
2400929487.1806664;-85.604942321777344;
2401089743.5909228;-85.614494323730469;
2401250000.0011792;-85.576385498046875;
2401410256.4114356;-85.595428466796875;
2401570512.8216925;-85.622085571289063;
2401730769.2319489;-85.675704956054688;
2401891025.6422052;-85.589759826660156;
2402051282.0524616;-85.608802795410156;
2402211538.462718;-85.566940307617188;
2402371794.8729744;-85.60498046875;
2402532051.2832308;-85.599258422851562;
2402692307.6934872;-85.612617492675781;
2402852564.1037436;-85.568901062011719;
2403012820.5139999;-85.606895446777344;
2403173076.9242563;-85.502532958984375;
2403333333.3345127;-85.46514892578125;
2403493589.7447691;-85.557502746582031;
2403653846.1550255;-85.366455078125;
2403814102.5652819;-85.544113159179687;
2403974358.9755383;-85.614494323730469;
2404134615.3857946;-85.582145690917969;
2404294871.796051;-85.593551635742187;
2404455128.2063074;-85.618339538574219;
2404615384.6165643;-85.578346252441406;
2404775641.0268207;-85.622154235839844;
2404935897.437077;-85.614517211914062;
2405096153.8473334;-85.624053955078125;
2405256410.2575898;-85.604988098144531;
2405416666.6678462;-85.625961303710938;
2405576923.0781026;-85.584083557128906;
2405737179.488359;-85.643150329589844;
2405897435.8986154;-85.639533996582031;
2406057692.3088717;-85.660926818847656;
2406217948.7191281;-85.61260986328125;
2406378205.1293845;-85.614089965820313;
2406538461.5396409;-85.634658813476563;
2406698717.9498973;-85.658462524414062;
2406858974.3601537;-85.609001159667969;
2407019230.7704101;-85.624046325683594;
2407179487.1806664;-85.597366333007813;
2407339743.5909228;-85.650779724121094;
2407500000.0011792;-85.654632568359375;
2407660256.4114356;-85.629783630371094;
2407820512.8216925;-85.624061584472656;
2407980769.2319489;-85.616432189941406;
2408141025.6422052;-85.618331909179687;
2408301282.0524616;-85.627876281738281;
2408461538.462718;-85.616424560546875;
2408621794.8729744;-85.637397766113281;
2408782051.2832308;-85.631668090820312;
2408942307.6934872;-85.650802612304688;
2409102564.1037436;-85.603057861328125;
2409262820.5139999;-85.645034790039063;
2409423076.9242563;-85.587852478027344;
2409583333.3345127;-85.64697265625;
2409743589.7447691;-85.6240234375;
2409903846.1550255;-85.618331909179687;
2410064102.5652819;-85.616386413574219;
2410224358.9755383;-85.625968933105469;
2410384615.3857946;-85.576454162597656;
2410544871.796051;-85.603065490722656;
2410705128.2063074;-85.55364990234375;
2410865384.6165643;-85.614501953125;
2411025641.0268207;-85.595405578613281;
2411185897.437077;-85.623878479003906;
2411346153.8473334;-85.63165283203125;
2411506410.2575898;-85.58624267578125;
2411666666.6678462;-85.587821960449219;
2411826923.0781026;-85.641212463378906;
2411987179.488359;-85.691047668457031;
2412147435.8986154;-85.658355712890625;
2412307692.3088717;-85.646934509277344;
2412467948.7191281;-85.633575439453125;
2412628205.1293845;-85.63360595703125;
2412788461.5396409;-85.618316650390625;
2412948717.9498973;-85.650779724121094;
2413108974.3601537;-85.608779907226562;
2413269230.7704101;-85.696846008300781;
2413429487.1806664;-85.658462524414062;
2413589743.5909228;-85.70648193359375;
2413750000.0011792;-85.639030456542969;
2413910256.4114356;-85.624267578125;
2414070512.8216925;-85.632484436035156;
2414230769.2319489;-85.6297607421875;
2414391025.6422052;-85.624061584472656;
2414551282.0524616;-85.635505676269531;
2414711538.462718;-85.633598327636719;
2414871794.8729744;-85.658447265625;
2415032051.2832308;-85.627876281738281;
2415192307.6934872;-85.624053955078125;
2415352564.1037436;-85.66802978515625;
2415512820.5139999;-85.689170837402344;
2415673076.9242563;-85.694931030273438;
2415833333.3345127;-85.702621459960937;
2415993589.7447691;-85.70648193359375;
2416153846.1550255;-85.648880004882813;
2416314102.5652819;-85.637420654296875;
2416474358.9755383;-85.656547546386719;
2416634615.3857946;-85.633590698242188;
2416794871.796051;-85.646980285644531;
2416955128.2063074;-85.694931030273438;
2417115384.6165643;-85.656547546386719;
2417275641.0268207;-85.6929931640625;
2417435897.437077;-85.648880004882813;
2417596153.8473334;-85.696853637695313;
2417756410.2575898;-85.671867370605469;
2417916666.6678462;-85.624061584472656;
2418076923.0781026;-85.652694702148438;
2418237179.488359;-85.702629089355469;
2418397435.8986154;-85.687240600585938;
2418557692.3088717;-85.700706481933594;
2418717948.7191281;-85.643417358398438;
2418878205.1293845;-85.666114807128906;
2419038461.5396409;-85.599266052246094;
2419198717.9498973;-85.637413024902344;
2419358974.3601537;-85.627838134765625;
2419519230.7704101;-85.669960021972656;
2419679487.1806664;-85.666130065917969;
2419839743.5909228;-85.677642822265625;
2420000000.0011792;-85.679527282714844;
2420160256.4114356;-85.704551696777344;
2420320512.8216925;-85.645011901855469;
2420480769.2319489;-85.685287475585937;
2420641025.6422052;-85.639022827148438;
2420801282.0524616;-85.636138916015625;
2420961538.462718;-85.593299865722656;
2421121794.8729744;-85.616432189941406;
2421282051.2832308;-85.620216369628906;
2421442307.6934872;-85.641220092773438;
2421602564.1037436;-85.60498046875;
2421762820.5139999;-85.499656677246094;
2421923076.9242563;-85.214714050292969;
2422083333.3345127;-85.502769470214844;
2422243589.7447691;-85.566947937011719;
2422403846.1550255;-85.610710144042969;
2422564102.5652819;-85.358993530273438;
2422724358.9755383;-85.142311096191406;
2422884615.3857946;-85.465911865234375;
2423044871.796051;-85.62213134765625;
2423205128.2063074;-85.645057678222656;
2423365384.6165643;-85.637397766113281;
2423525641.0268207;-85.61260986328125;
2423685897.437077;-85.580268859863281;
2423846153.8473334;-85.601188659667969;
2424006410.2575898;-85.55743408203125;
2424166666.6678462;-85.551856994628906;
2424326923.0781026;-85.510261535644531;
2424487179.488359;-85.542373657226563;
2424647435.8986154;-85.546173095703125;
2424807692.3088717;-85.567001342773437;
2424967948.7191281;-85.57269287109375;
2425128205.1293845;-85.627853393554687;
2425288461.5396409;-85.542366027832031;
2425448717.9498973;-85.595474243164063;
2425608974.3601537;-85.542343139648438;
2425769230.7704101;-85.60498046875;
2425929487.1806664;-85.532958984375;
2426089743.5909228;-85.530982971191406;
2426250000.0011792;-85.517837524414063;
2426410256.4114356;-85.434677124023438;
2426570512.8216925;-85.422233581542969;
2426730769.2319489;-85.328788757324219;
2426891025.6422052;-85.401634216308594;
2427051282.0524616;-85.214347839355469;
2427211538.462718;-85.170440673828125;
2427371794.8729744;-84.734870910644531;
2427532051.2832308;-84.871482849121094;
2427692307.6934872;-83.716445922851563;
2427852564.1037436;-84.300880432128906;
2428012820.5139999;-81.609916687011719;
2428173076.9242563;-82.566642761230469;
2428333333.3345127;-79.257926940917969;
2428493589.7447691;-79.60748291015625;
2428653846.1550255;-76.159690856933594;
2428814102.5652819;-74.210517883300781;
2428974358.9755383;-72.256866455078125;
2429134615.3857946;-70.122543334960937;
2429294871.796051;-68.811927795410156;
2429455128.2063074;-65.804481506347656;
2429615384.6165643;-64.534080505371094;
2429775641.0268207;-61.454410552978516;
2429935897.437077;-61.079414367675781;
2430096153.8473334;-58.200653076171875;
2430256410.2575898;-57.475090026855469;
2430416666.6678462;-54.229228973388672;
2430576923.0781026;-53.194343566894531;
2430737179.488359;-51.597816467285156;
2430897435.8986154;-50.06390380859375;
2431057692.3088717;-48.672351837158203;
2431217948.7191281;-46.337398529052734;
2431378205.1293845;-44.993061065673828;
2431538461.5396409;-43.361705780029297;
2431698717.9498973;-42.405036926269531;
2431858974.3601537;-40.488449096679688;
2432019230.7704101;-39.042953491210937;
2432179487.1806664;-37.391407012939453;
2432339743.5909228;-36.628787994384766;
2432500000.0011792;-35.214149475097656;
2432660256.4114356;-34.247550964355469;
2432820512.8216925;-32.489284515380859;
2432980769.2319489;-31.620542526245117;
2433141025.6422052;-30.589061737060547;
2433301282.0524616;-29.880029678344727;
2433461538.462718;-28.958890914916992;
2433621794.8729744;-28.011924743652344;
2433782051.2832308;-27.636962890625;
2433942307.6934872;-27.163137435913086;
2434102564.1037436;-27.112409591674805;
2434262820.5139999;-26.707298278808594;
2434423076.9242563;-27.130865097045898;
2434583333.3345127;-27.064853668212891;
2434743589.7447691;-27.644941329956055;
2434903846.1550255;-27.937902450561523;
2435064102.5652819;-28.666549682617187;
2435224358.9755383;-29.742544174194336;
2435384615.3857946;-30.582088470458984;
2435544871.796051;-31.352678298950195;
2435705128.2063074;-32.285285949707031;
2435865384.6165643;-33.437057495117188;
2436025641.0268207;-35.224922180175781;
2436185897.437077;-36.074344635009766;
2436346153.8473334;-37.546558380126953;
2436506410.2575898;-38.330539703369141;
2436666666.6678462;-39.985260009765625;
2436826923.0781026;-41.617626190185547;
2436987179.488359;-43.104286193847656;
2437147435.8986154;-43.921474456787109;
2437307692.3088717;-45.366584777832031;
2437467948.7191281;-46.436283111572266;
2437628205.1293845;-48.682224273681641;
2437788461.5396409;-49.4537353515625;
2437948717.9498973;-51.070716857910156;
2438108974.3601537;-51.793235778808594;
2438269230.7704101;-53.552467346191406;
2438429487.1806664;-55.106586456298828;
2438589743.5909228;-56.692596435546875;
2438750000.0011792;-57.358455657958984;
2438910256.4114356;-58.768714904785156;
2439070512.8216925;-59.805580139160156;
2439230769.2319489;-62.226509094238281;
2439391025.6422052;-63.154735565185547;
2439551282.0524616;-65.044403076171875;
2439711538.462718;-65.814834594726563;
2439871794.8729744;-67.859344482421875;
2440032051.2832308;-69.944686889648437;
2440192307.6934872;-71.932388305664063;
2440352564.1037436;-73.1055908203125;
2440512820.5139999;-74.950523376464844;
2440673076.9242563;-76.4971923828125;
2440833333.3345127;-79.2872314453125;
2440993589.7447691;-80.596733093261719;
2441153846.1550255;-81.826156616210937;
2441314102.5652819;-82.650947570800781;
2441474358.9755383;-83.722190856933594;
2441634615.3857946;-84.54522705078125;
2441794871.796051;-84.864410400390625;
2441955128.2063074;-85.055389404296875;
2442115384.6165643;-85.221290588378906;
2442275641.0268207;-85.411018371582031;
2442435897.437077;-85.487762451171875;
2442596153.8473334;-85.521644592285156;
2442756410.2575898;-85.540496826171875;
2442916666.6678462;-85.563224792480469;
2443076923.0781026;-85.6527099609375;
2443237179.488359;-85.315818786621094;
2443397435.8986154;-85.335777282714844;
2443557692.3088717;-85.612602233886719;
2443717948.7191281;-85.646980285644531;
2443878205.1293845;-85.671882629394531;
2444038461.5396409;-85.372093200683594;
2444198717.9498973;-85.451713562011719;
2444358974.3601537;-85.610649108886719;
2444519230.7704101;-85.666114807128906;
2444679487.1806664;-85.716117858886719;
2444839743.5909228;-85.694915771484375;
2445000000.0011792;-85.727684020996094;
2445160256.4114356;-85.673721313476562;
2445320512.8216925;-85.694892883300781;
2445480769.2319489;-85.729530334472656;
2445641025.6422052;-85.735374450683594;
2445801282.0524616;-85.737335205078125;
2445961538.462718;-85.733482360839844;
2446121794.8729744;-85.669807434082031;
2446282051.2832308;-85.614501953125;
2446442307.6934872;-85.59161376953125;
2446602564.1037436;-85.696693420410156;
2446762820.5139999;-85.768333435058594;
2446923076.9242563;-85.647613525390625;
2447083333.3345127;-85.687202453613281;
2447243589.7447691;-85.7412109375;
2447403846.1550255;-85.74896240234375;
2447564102.5652819;-85.74896240234375;
2447724358.9755383;-85.721900939941406;
2447884615.3857946;-85.789642333984375;
2448044871.796051;-85.756698608398437;
2448205128.2063074;-85.764411926269531;
2448365384.6165643;-85.739280700683594;
2448525641.0268207;-85.787727355957031;
2448685897.437077;-85.812835693359375;
2448846153.8473334;-85.770271301269531;
2449006410.2575898;-85.76251220703125;
2449166666.6678462;-85.766342163085938;
2449326923.0781026;-85.735420227050781;
2449487179.488359;-85.683151245117188;
2449647435.8986154;-85.450202941894531;
2449807692.3088717;-85.603080749511719;
2449967948.7191281;-85.671829223632812;
2450128205.1293845;-85.750892639160156;
2450288461.5396409;-85.741203308105469;
2450448717.9498973;-85.678970336914062;
2450608974.3601537;-85.478019714355469;
2450769230.7704101;-85.698722839355469;
2450929487.1806664;-85.772209167480469;
2451089743.5909228;-85.74896240234375;
2451250000.0011792;-85.774147033691406;
2451410256.4114356;-85.803314208984375;
2451570512.8216925;-85.805244445800781;
2451730769.2319489;-85.768325805664062;
2451891025.6422052;-85.791618347167969;
2452051282.0524616;-85.768325805664062;
2452211538.462718;-85.795516967773438;
2452371794.8729744;-85.591400146484375;
2452532051.2832308;-85.710311889648438;
2452692307.6934872;-85.721900939941406;
2452852564.1037436;-85.735420227050781;
2453012820.5139999;-85.748947143554688;
2453173076.9242563;-85.807205200195313;
2453333333.3345127;-85.766380310058594;
2453493589.7447691;-85.801353454589844;
2453653846.1550255;-85.77801513671875;
2453814102.5652819;-85.822792053222656;
2453974358.9755383;-85.59521484375;
2454134615.3857946;-85.7760009765625;
2454294871.796051;-85.799400329589844;
2454455128.2063074;-85.791954040527344;
2454615384.6165643;-85.726844787597656;
2454775641.0268207;-85.790184020996094;
2454935897.437077;-85.789665222167969;
2455096153.8473334;-85.785606384277344;
2455256410.2575898;-85.785774230957031;
2455416666.6678462;-85.770187377929688;
2455576923.0781026;-85.795516967773438;
2455737179.488359;-85.770164489746094;
2455897435.8986154;-85.756698608398437;
2456057692.3088717;-85.727592468261719;
2456217948.7191281;-85.850181579589844;
2456378205.1293845;-85.692741394042969;
2456538461.5396409;-85.710235595703125;
2456698717.9498973;-85.733467102050781;
2456858974.3601537;-85.807205200195313;
2457019230.7704101;-85.746932983398438;
2457179487.1806664;-85.818885803222656;
2457339743.5909228;-85.746978759765625;
2457500000.0011792;-85.818901062011719;
2457660256.4114356;-85.737289428710938;
2457820512.8216925;-85.767730712890625;
2457980769.2319489;-85.42437744140625;
2458141025.6422052;-85.6162109375;
2458301282.0524616;-85.694877624511719;
2458461538.462718;-85.797447204589844;
2458621794.8729744;-85.832542419433594;
2458782051.2832308;-85.481407165527344;
2458942307.6934872;-85.614181518554688;
2459102564.1037436;-85.766304016113281;
2459262820.5139999;-85.739250183105469;
2459423076.9242563;-85.795394897460938;
2459583333.3345127;-85.834465026855469;
2459743589.7447691;-85.852035522460938;
2459903846.1550255;-85.80328369140625;
2460064102.5652819;-85.844215393066406;
2460224358.9755383;-85.836479187011719;
2460384615.3857946;-85.801345825195313;
2460544871.796051;-85.824760437011719;
2460705128.2063074;-85.85009765625;
2460865384.6165643;-85.830604553222656;
2461025641.0268207;-85.86187744140625;
2461185897.437077;-85.885459899902344;
2461346153.8473334;-85.869720458984375;
2461506410.2575898;-85.893341064453125;
2461666666.6678462;-85.867729187011719;
2461826923.0781026;-85.863883972167969;
2461987179.488359;-85.844230651855469;
2462147435.8986154;-85.907142639160156;
2462307692.3088717;-85.873680114746094;
2462467948.7191281;-85.911079406738281;
2462628205.1293845;-85.834312438964844;
2462788461.5396409;-85.8795166015625;
2462948717.9498973;-85.834327697753906;
2463108974.3601537;-85.891380310058594;
2463269230.7704101;-85.824569702148438;
2463429487.1806664;-85.848220825195313;
2463589743.5909228;-85.766380310058594;
2463750000.0011792;-85.832572937011719;
2463910256.4114356;-85.733306884765625;
2464070512.8216925;-85.879554748535156;
2464230769.2319489;-85.85601806640625;
2464391025.6422052;-85.865798950195313;
2464551282.0524616;-85.824676513671875;
2464711538.462718;-85.850090026855469;
2464871794.8729744;-85.832572937011719;
2465032051.2832308;-85.8050537109375;
2465192307.6934872;-85.816749572753906;
2465352564.1037436;-85.905166625976563;
2465512820.5139999;-85.893356323242187;
2465673076.9242563;-85.826347351074219;
2465833333.3345127;-85.799270629882813;
2465993589.7447691;-85.809059143066406;
2466153846.1550255;-85.863754272460938;
2466314102.5652819;-85.861549377441406;
2466474358.9755383;-85.799369812011719;
2466634615.3857946;-85.789344787597656;
2466794871.796051;-85.725540161132813;
2466955128.2063074;-85.785476684570313;
2467115384.6165643;-85.752777099609375;
2467275641.0268207;-85.783477783203125;
2467435897.437077;-85.807121276855469;
2467596153.8473334;-85.785415649414063;
2467756410.2575898;-85.78765869140625;
2467916666.6678462;-85.799156188964844;
2468076923.0781026;-85.826614379882813;
2468237179.488359;-85.793052673339844;
2468397435.8986154;-85.78765869140625;
2468557692.3088717;-85.793167114257813;
2468717948.7191281;-85.799346923828125;
2468878205.1293845;-85.754348754882813;
2469038461.5396409;-85.770240783691406;
2469198717.9498973;-85.705802917480469;
2469358974.3601537;-85.801033020019531;
2469519230.7704101;-85.750007629394531;
2469679487.1806664;-85.838294982910156;
2469839743.5909228;-85.754165649414063;
2470000000.0011792;-85.820823669433594;
2470160256.4114356;-85.631301879882813;
2470320512.8216925;-85.766372680664063;
2470480769.2319489;-85.652442932128906;
2470641025.6422052;-85.795265197753906;
2470801282.0524616;-85.623260498046875;
2470961538.462718;-85.734359741210938;
2471121794.8729744;-85.669342041015625;
2471282051.2832308;-85.777046203613281;
2471442307.6934872;-85.480926513671875;
2471602564.1037436;-85.706649780273437;
2471762820.5139999;-85.47271728515625;
2471923076.9242563;-85.808815002441406;
2472083333.3345127;-85.292625427246094;
2472243589.7447691;-85.596649169921875;
2472403846.1550255;-85.238304138183594;
2472564102.5652819;-85.663864135742188;
2472724358.9755383;-84.869537353515625;
2472884615.3857946;-85.531723022460937;
2473044871.796051;-84.940811157226563;
2473205128.2063074;-85.340042114257813;
2473365384.6165643;-84.978233337402344;
2473525641.0268207;-85.545814514160156;
2473685897.437077;-84.694282531738281;
2473846153.8473334;-85.530509948730469;
2474006410.2575898;-84.828086853027344;
2474166666.6678462;-85.56988525390625;
2474326923.0781026;-84.843772888183594;
2474487179.488359;-85.401344299316406;
2474647435.8986154;-85.079917907714844;
2474807692.3088717;-85.297325134277344;
2474967948.7191281;-85.375419616699219;
2475128205.1293845;-85.702537536621094;
2475288461.5396409;-85.803184509277344;
2475448717.9498973;-85.638465881347656;
2475608974.3601537;-85.570297241210938;
2475769230.7704101;-85.577560424804688;
2475929487.1806664;-85.604393005371094;
2476089743.5909228;-85.628120422363281;
2476250000.0011792;-85.617912292480469;
2476410256.4114356;-85.530593872070312;
2476570512.8216925;-85.587516784667969;
2476730769.2319489;-85.584831237792969;
2476891025.6422052;-85.616249084472656;
2477051282.0524616;-85.638519287109375;
2477211538.462718;-85.627571105957031;
2477371794.8729744;-85.632827758789063;
2477532051.2832308;-85.679351806640625;
2477692307.6934872;-85.675132751464844;
2477852564.1037436;-85.65423583984375;
2478012820.5139999;-85.665824890136719;
2478173076.9242563;-85.710250854492187;
2478333333.3345127;-85.683151245117188;
2478493589.7447691;-85.746925354003906;
2478653846.1550255;-85.708053588867187;
2478814102.5652819;-85.758628845214844;
2478974358.9755383;-85.744956970214844;
2479134615.3857946;-85.791580200195313;
2479294871.796051;-85.756622314453125;
2479455128.2063074;-85.82672119140625;
2479615384.6165643;-85.772109985351563;
2479775641.0268207;-85.856056213378906;
2479935897.437077;-85.762474060058594;
2480096153.8473334;-85.840339660644531;
2480256410.2575898;-85.82281494140625;
2480416666.6678462;-85.793449401855469;
2480576923.0781026;-85.812995910644531;
2480737179.488359;-85.840362548828125;
2480897435.8986154;-85.863876342773438;
2481057692.3088717;-85.877609252929688;
2481217948.7191281;-85.907142639160156;
2481378205.1293845;-85.861862182617188;
2481538461.5396409;-85.83258056640625;
2481698717.9498973;-85.850166320800781;
2481858974.3601537;-85.856056213378906;
2482019230.7704101;-85.848121643066406;
2482179487.1806664;-85.84619140625;
2482339743.5909228;-85.9163818359375;
2482500000.0011792;-85.84234619140625;
2482660256.4114356;-85.85015869140625;
2482820512.8216925;-85.873641967773438;
2482980769.2319489;-85.911087036132812;
2483141025.6422052;-85.87957763671875;
2483301282.0524616;-85.897293090820313;
2483461538.462718;-85.922935485839844;
2483621794.8729744;-85.895332336425781;
2483782051.2832308;-85.913063049316406;
2483942307.6934872;-85.893356323242187;
2484102564.1037436;-85.913063049316406;
2484262820.5139999;-85.89532470703125;
