Type;ESU;
Version;4.43;
Date;03.Jun 16;
Mode;ANALYZER;
Center Freq;2434262820.514000;Hz
Freq Offset;0.000000;Hz
Span;100000000.000000;Hz
x-Axis;LIN;
Start;2384262820.514000;Hz
Stop;2484262820.514000;Hz
Ref Level;-9.000000;dBm
Level Offset;0.000000;dB
Ref Position;100.000000;%
y-Axis;LOG;
Level Range;100.000000;dB
Rf Att;5.000000;dB
RBW;2000000.000000;Hz
VBW;50.000000;Hz
SWT;2.500000;s
Trace Mode;CLR/WRITE;
Detector;RMS;
Sweep Count;0;
Trace 1:;;
x-Unit;Hz;
y-Unit;dBm;
Values;625;
2384262820.5139999;-85.716636657714844;
2384423076.9242563;-85.691078186035156;
2384583333.3345127;-85.706474304199219;
2384743589.7447691;-85.708404541015625;
2384903846.1550255;-85.710334777832031;
2385064102.5652819;-85.704559326171875;
2385224358.9755383;-85.708404541015625;
2385384615.3857946;-85.714179992675781;
2385544871.796051;-85.714164733886719;
2385705128.2063074;-85.693000793457031;
2385865384.6165643;-85.668052673339844;
2386025641.0268207;-85.677635192871094;
2386185897.437077;-85.716117858886719;
2386346153.8473334;-85.712265014648437;
2386506410.2575898;-85.704559326171875;
2386666666.6678462;-85.698768615722656;
2386826923.0781026;-85.660346984863281;
2386987179.488359;-85.643096923828125;
2387147435.8986154;-85.721900939941406;
2387307692.3088717;-85.716079711914062;
2387467948.7191281;-85.710334777832031;
2387628205.1293845;-85.706474304199219;
2387788461.5396409;-85.718025207519531;
2387948717.9498973;-85.712257385253906;
2388108974.3601537;-85.708412170410156;
2388269230.7704101;-85.683380126953125;
2388429487.1806664;-85.710319519042969;
2388589743.5909228;-85.721878051757812;
2388750000.0011792;-85.741218566894531;
2388910256.4114356;-85.68914794921875;
2389070512.8216925;-85.675704956054688;
2389230769.2319489;-85.698768615722656;
2389391025.6422052;-85.716110229492188;
2389551282.0524616;-85.721893310546875;
2389711538.462718;-85.704544067382812;
2389871794.8729744;-85.625961303710938;
2390032051.2832308;-85.666114807128906;
2390192307.6934872;-85.641242980957031;
2390352564.1037436;-85.658401489257813;
2390512820.5139999;-85.644981384277344;
2390673076.9242563;-85.696815490722656;
2390833333.3345127;-85.643074035644531;
2390993589.7447691;-85.656379699707031;
2391153846.1550255;-85.612594604492187;
2391314102.5652819;-85.570426940917969;
2391474358.9755383;-85.597274780273438;
2391634615.3857946;-85.562889099121094;
2391794871.796051;-85.61260986328125;
2391955128.2063074;-85.539505004882813;
2392115384.6165643;-85.438545227050781;
2392275641.0268207;-85.631622314453125;
2392435897.437077;-85.291603088378906;
2392596153.8473334;-85.508331298828125;
2392756410.2575898;-85.31427001953125;
2392916666.6678462;-85.477485656738281;
2393076923.0781026;-85.350677490234375;
2393237179.488359;-85.391487121582031;
2393397435.8986154;-85.389984130859375;
2393557692.3088717;-85.240470886230469;
2393717948.7191281;-85.449958801269531;
2393878205.1293845;-85.36798095703125;
2394038461.5396409;-85.247261047363281;
2394198717.9498973;-85.378227233886719;
2394358974.3601537;-85.251327514648438;
2394519230.7704101;-85.375228881835938;
2394679487.1806664;-85.289756774902344;
2394839743.5909228;-85.460296630859375;
2395000000.0011792;-85.45147705078125;
2395160256.4114356;-85.490425109863281;
2395320512.8216925;-85.536628723144531;
2395480769.2319489;-85.524559020996094;
2395641025.6422052;-85.523307800292969;
2395801282.0524616;-85.5703125;
2395961538.462718;-85.546058654785156;
2396121794.8729744;-85.600776672363281;
2396282051.2832308;-85.5120849609375;
2396442307.6934872;-85.551551818847656;
2396602564.1037436;-85.561210632324219;
2396762820.5139999;-85.580001831054687;
2396923076.9242563;-85.512069702148437;
2397083333.3345127;-85.576484680175781;
2397243589.7447691;-85.506484985351563;
2397403846.1550255;-85.625877380371094;
2397564102.5652819;-85.585914611816406;
2397724358.9755383;-85.648895263671875;
2397884615.3857946;-85.551849365234375;
2398044871.796051;-85.614517211914062;
2398205128.2063074;-85.544204711914063;
2398365384.6165643;-85.624038696289062;
2398525641.0268207;-85.561241149902344;
2398685897.437077;-85.542396545410156;
2398846153.8473334;-85.546134948730469;
2399006410.2575898;-85.6107177734375;
2399166666.6678462;-85.584075927734375;
2399326923.0781026;-85.627853393554687;
2399487179.488359;-85.595458984375;
2399647435.8986154;-85.60498046875;
2399807692.3088717;-85.614501953125;
2399967948.7191281;-85.645065307617188;
2400128205.1293845;-85.624038696289062;
2400288461.5396409;-85.62786865234375;
2400448717.9498973;-85.59735107421875;
2400608974.3601537;-85.534828186035156;
2400769230.7704101;-85.6011962890625;
2400929487.1806664;-85.580276489257813;
2401089743.5909228;-85.616432189941406;
2401250000.0011792;-85.555587768554688;
2401410256.4114356;-85.585952758789063;
2401570512.8216925;-85.593559265136719;
2401730769.2319489;-85.633590698242188;
2401891025.6422052;-85.61260986328125;
2402051282.0524616;-85.619430541992188;
2402211538.462718;-85.602226257324219;
2402371794.8729744;-85.615074157714844;
2402532051.2832308;-85.624015808105469;
2402692307.6934872;-85.606903076171875;
2402852564.1037436;-85.603080749511719;
2403012820.5139999;-85.618339538574219;
2403173076.9242563;-85.608802795410156;
2403333333.3345127;-85.629783630371094;
2403493589.7447691;-85.599288940429688;
2403653846.1550255;-85.610710144042969;
2403814102.5652819;-85.61724853515625;
2403974358.9755383;-85.609016418457031;
2404134615.3857946;-85.616386413574219;
2404294871.796051;-85.573745727539063;
2404455128.2063074;-85.658256530761719;
2404615384.6165643;-85.612602233886719;
2404775641.0268207;-85.620246887207031;
2404935897.437077;-85.599288940429688;
2405096153.8473334;-85.631683349609375;
2405256410.2575898;-85.631690979003906;
2405416666.6678462;-85.635505676269531;
2405576923.0781026;-85.629776000976563;
2405737179.488359;-85.644973754882813;
2405897435.8986154;-85.624053955078125;
2406057692.3088717;-85.618301391601563;
2406217948.7191281;-85.582183837890625;
2406378205.1293845;-85.608779907226562;
2406538461.5396409;-85.529190063476563;
2406698717.9498973;-85.608772277832031;
2406858974.3601537;-85.616432189941406;
2407019230.7704101;-85.624015808105469;
2407179487.1806664;-85.631690979003906;
2407339743.5909228;-85.610694885253906;
2407500000.0011792;-85.635467529296875;
2407660256.4114356;-85.65460205078125;
2407820512.8216925;-85.629768371582031;
2407980769.2319489;-85.633598327636719;
2408141025.6422052;-85.568862915039063;
2408301282.0524616;-85.624061584472656;
2408461538.462718;-85.6107177734375;
2408621794.8729744;-85.603080749511719;
2408782051.2832308;-85.623970031738281;
2408942307.6934872;-85.584091186523438;
2409102564.1037436;-85.645050048828125;
2409262820.5139999;-85.624038696289062;
2409423076.9242563;-85.679542541503906;
2409583333.3345127;-85.694923400878906;
2409743589.7447691;-85.604927062988281;
2409903846.1550255;-85.604988098144531;
2410064102.5652819;-85.60308837890625;
2410224358.9755383;-85.620246887207031;
2410384615.3857946;-85.60308837890625;
2410544871.796051;-85.635490417480469;
2410705128.2063074;-85.63543701171875;
2410865384.6165643;-85.625968933105469;
2411025641.0268207;-85.637374877929688;
2411185897.437077;-85.68145751953125;
2411346153.8473334;-85.668014526367188;
2411506410.2575898;-85.670486450195313;
2411666666.6678462;-85.646896362304688;
2411826923.0781026;-85.662254333496094;
2411987179.488359;-85.687210083007813;
2412147435.8986154;-85.650802612304688;
2412307692.3088717;-85.652694702148438;
2412467948.7191281;-85.668052673339844;
2412628205.1293845;-85.616424560546875;
2412788461.5396409;-85.629783630371094;
2412948717.9498973;-85.625961303710938;
2413108974.3601537;-85.656539916992188;
2413269230.7704101;-85.698776245117188;
2413429487.1806664;-85.694923400878906;
2413589743.5909228;-85.708412170410156;
2413750000.0011792;-85.691078186035156;
2413910256.4114356;-85.677642822265625;
2414070512.8216925;-85.702629089355469;
2414230769.2319489;-85.712249755859375;
2414391025.6422052;-85.632499694824219;
2414551282.0524616;-85.661643981933594;
2414711538.462718;-85.665306091308594;
2414871794.8729744;-85.65655517578125;
2415032051.2832308;-85.646980285644531;
2415192307.6934872;-85.633590698242188;
2415352564.1037436;-85.666130065917969;
2415512820.5139999;-85.652725219726563;
2415673076.9242563;-85.6929931640625;
2415833333.3345127;-85.70648193359375;
2415993589.7447691;-85.693000793457031;
2416153846.1550255;-85.645057678222656;
2416314102.5652819;-85.664146423339844;
2416474358.9755383;-85.708412170410156;
2416634615.3857946;-85.70263671875;
2416794871.796051;-85.696853637695313;
2416955128.2063074;-85.704551696777344;
2417115384.6165643;-85.643409729003906;
2417275641.0268207;-85.620246887207031;
2417435897.437077;-85.666053771972656;
2417596153.8473334;-85.696853637695313;
2417756410.2575898;-85.708412170410156;
2417916666.6678462;-85.708412170410156;
2418076923.0781026;-85.70648193359375;
2418237179.488359;-85.708412170410156;
2418397435.8986154;-85.70648193359375;
2418557692.3088717;-85.702629089355469;
2418717948.7191281;-85.696846008300781;
2418878205.1293845;-85.693008422851562;
2419038461.5396409;-85.710319519042969;
2419198717.9498973;-85.719917297363281;
2419358974.3601537;-85.67626953125;
2419519230.7704101;-85.673789978027344;
2419679487.1806664;-85.671875;
2419839743.5909228;-85.694931030273438;
2420000000.0011792;-85.687240600585938;
2420160256.4114356;-85.698753356933594;
2420320512.8216925;-85.629783630371094;
2420480769.2319489;-85.625961303710938;
2420641025.6422052;-85.654632568359375;
2420801282.0524616;-85.687240600585938;
2420961538.462718;-85.694931030273438;
2421121794.8729744;-85.658462524414062;
2421282051.2832308;-85.634689331054688;
2421442307.6934872;-85.658470153808594;
2421602564.1037436;-85.641197204589844;
2421762820.5139999;-85.7083740234375;
2421923076.9242563;-85.650810241699219;
2422083333.3345127;-85.625961303710938;
2422243589.7447691;-85.668045043945313;
2422403846.1550255;-85.683403015136719;
2422564102.5652819;-85.696846008300781;
2422724358.9755383;-85.635505676269531;
2422884615.3857946;-85.631690979003906;
2423044871.796051;-85.671867370605469;
2423205128.2063074;-85.700691223144531;
2423365384.6165643;-85.698211669921875;
2423525641.0268207;-85.645072937011719;
2423685897.437077;-85.698760986328125;
2423846153.8473334;-85.685287475585937;
2424006410.2575898;-85.660377502441406;
2424166666.6678462;-85.637413024902344;
2424326923.0781026;-85.627876281738281;
2424487179.488359;-85.66802978515625;
2424647435.8986154;-85.631690979003906;
2424807692.3088717;-85.610710144042969;
2424967948.7191281;-85.624061584472656;
2425128205.1293845;-85.612617492675781;
2425288461.5396409;-85.622138977050781;
2425448717.9498973;-85.620231628417969;
2425608974.3601537;-85.616432189941406;
2425769230.7704101;-85.612617492675781;
2425929487.1806664;-85.662261962890625;
2426089743.5909228;-85.635490417480469;
2426250000.0011792;-85.67572021484375;
2426410256.4114356;-85.606880187988281;
2426570512.8216925;-85.616424560546875;
2426730769.2319489;-85.469009399414063;
2426891025.6422052;-85.519691467285156;
2427051282.0524616;-85.325462341308594;
2427211538.462718;-85.439018249511719;
2427371794.8729744;-84.781661987304688;
2427532051.2832308;-85.086738586425781;
2427692307.6934872;-84.138641357421875;
2427852564.1037436;-84.007843017578125;
2428012820.5139999;-83.104988098144531;
2428173076.9242563;-81.879890441894531;
2428333333.3345127;-80.675247192382812;
2428493589.7447691;-78.567695617675781;
2428653846.1550255;-77.353691101074219;
2428814102.5652819;-75.453536987304688;
2428974358.9755383;-72.492828369140625;
2429134615.3857946;-70.717002868652344;
2429294871.796051;-69.054229736328125;
2429455128.2063074;-66.566665649414062;
2429615384.6165643;-65.499641418457031;
2429775641.0268207;-61.886096954345703;
2429935897.437077;-60.543300628662109;
2430096153.8473334;-58.052406311035156;
2430256410.2575898;-57.580459594726563;
2430416666.6678462;-55.055507659912109;
2430576923.0781026;-53.490684509277344;
2430737179.488359;-51.264816284179688;
2430897435.8986154;-50.504608154296875;
2431057692.3088717;-48.278537750244141;
2431217948.7191281;-47.733024597167969;
2431378205.1293845;-44.515983581542969;
2431538461.5396409;-44.239936828613281;
2431698717.9498973;-41.607494354248047;
2431858974.3601537;-41.2388916015625;
2432019230.7704101;-38.940639495849609;
2432179487.1806664;-37.961307525634766;
2432339743.5909228;-35.888236999511719;
2432500000.0011792;-35.421016693115234;
2432660256.4114356;-33.591037750244141;
2432820512.8216925;-32.701938629150391;
2432980769.2319489;-30.788402557373047;
2433141025.6422052;-30.359317779541016;
2433301282.0524616;-29.041168212890625;
2433461538.462718;-28.594564437866211;
2433621794.8729744;-27.614768981933594;
2433782051.2832308;-26.788661956787109;
2433942307.6934872;-26.44990348815918;
2434102564.1037436;-26.092460632324219;
2434262820.5139999;-26.126871109008789;
2434423076.9242563;-25.764413833618164;
2434583333.3345127;-26.218404769897461;
2434743589.7447691;-26.255565643310547;
2434903846.1550255;-26.855142593383789;
2435064102.5652819;-27.061197280883789;
2435224358.9755383;-28.024578094482422;
2435384615.3857946;-28.825811386108398;
2435544871.796051;-29.971477508544922;
2435705128.2063074;-30.546100616455078;
2435865384.6165643;-31.785287857055664;
2436025641.0268207;-32.848247528076172;
2436185897.437077;-34.621257781982422;
2436346153.8473334;-35.511798858642578;
2436506410.2575898;-36.898571014404297;
2436666666.6678462;-37.770915985107422;
2436826923.0781026;-39.359283447265625;
2436987179.488359;-41.017757415771484;
2437147435.8986154;-42.441005706787109;
2437307692.3088717;-43.354701995849609;
2437467948.7191281;-44.767723083496094;
2437628205.1293845;-45.988883972167969;
2437788461.5396409;-48.066707611083984;
2437948717.9498973;-48.916122436523438;
2438108974.3601537;-50.332477569580078;
2438269230.7704101;-51.383510589599609;
2438429487.1806664;-52.86614990234375;
2438589743.5909228;-54.717739105224609;
2438750000.0011792;-55.697551727294922;
2438910256.4114356;-57.081077575683594;
2439070512.8216925;-58.162067413330078;
2439230769.2319489;-59.736934661865234;
2439391025.6422052;-61.718582153320312;
2439551282.0524616;-62.821601867675781;
2439711538.462718;-64.538429260253906;
2439871794.8729744;-65.6007080078125;
2440032051.2832308;-67.47467041015625;
2440192307.6934872;-69.515762329101563;
2440352564.1037436;-71.391563415527344;
2440512820.5139999;-72.673919677734375;
2440673076.9242563;-74.703819274902344;
2440833333.3345127;-76.2791748046875;
2440993589.7447691;-79.155014038085938;
2441153846.1550255;-80.269020080566406;
2441314102.5652819;-81.876068115234375;
2441474358.9755383;-82.742660522460938;
2441634615.3857946;-83.921539306640625;
2441794871.796051;-84.685600280761719;
2441955128.2063074;-84.983161926269531;
2442115384.6165643;-85.265243530273438;
2442275641.0268207;-85.431465148925781;
2442435897.437077;-85.585777282714844;
2442596153.8473334;-85.704551696777344;
2442756410.2575898;-85.748947143554688;
2442916666.6678462;-85.7412109375;
2443076923.0781026;-85.71221923828125;
2443237179.488359;-85.748947143554688;
2443397435.8986154;-85.799407958984375;
2443557692.3088717;-85.746986389160156;
2443717948.7191281;-85.704551696777344;
2443878205.1293845;-85.716117858886719;
2444038461.5396409;-85.766639709472656;
2444198717.9498973;-85.813056945800781;
2444358974.3601537;-85.82281494140625;
2444519230.7704101;-85.805259704589844;
2444679487.1806664;-85.809158325195313;
2444839743.5909228;-85.818901062011719;
2445000000.0011792;-85.826713562011719;
2445160256.4114356;-85.809158325195313;
2445320512.8216925;-85.815010070800781;
2445480769.2319489;-85.830619812011719;
2445641025.6422052;-85.813056945800781;
2445801282.0524616;-85.824760437011719;
2445961538.462718;-85.81695556640625;
2446121794.8729744;-85.785804748535156;
2446282051.2832308;-85.832572937011719;
2446442307.6934872;-85.807212829589844;
2446602564.1037436;-85.811103820800781;
2446762820.5139999;-85.803298950195313;
2446923076.9242563;-85.813056945800781;
2447083333.3345127;-85.824760437011719;
2447243589.7447691;-85.81884765625;
2447403846.1550255;-85.785789489746094;
2447564102.5652819;-85.785720825195313;
2447724358.9755383;-85.698768615722656;
2447884615.3857946;-85.710334777832031;
2448044871.796051;-85.770256042480469;
2448205128.2063074;-85.764442443847656;
2448365384.6165643;-85.793525695800781;
2448525641.0268207;-85.816947937011719;
2448685897.437077;-85.814979553222656;
2448846153.8473334;-85.774139404296875;
2449006410.2575898;-85.813003540039063;
2449166666.6678462;-85.820854187011719;
2449326923.0781026;-85.815010070800781;
2449487179.488359;-85.818893432617188;
2449647435.8986154;-85.828651428222656;
2449807692.3088717;-85.840370178222656;
2449967948.7191281;-85.82086181640625;
2450128205.1293845;-85.82476806640625;
2450288461.5396409;-85.815010070800781;
2450448717.9498973;-85.826713562011719;
2450608974.3601537;-85.814987182617188;
2450769230.7704101;-85.661636352539062;
2450929487.1806664;-85.493385314941406;
2451089743.5909228;-85.467140197753906;
2451250000.0011792;-85.523529052734375;
2451410256.4114356;-85.523529052734375;
2451570512.8216925;-85.519737243652344;
2451730769.2319489;-85.474555969238281;
2451891025.6422052;-85.440925598144531;
2452051282.0524616;-85.557479858398437;
2452211538.462718;-85.625961303710938;
2452371794.8729744;-85.6202392578125;
2452532051.2832308;-85.620819091796875;
2452692307.6934872;-85.693824768066406;
2452852564.1037436;-85.778175354003906;
2453012820.5139999;-85.818878173828125;
2453173076.9242563;-85.795516967773438;
2453333333.3345127;-85.774070739746094;
2453493589.7447691;-85.779914855957031;
2453653846.1550255;-85.80914306640625;
2453814102.5652819;-85.789688110351562;
2453974358.9755383;-85.797454833984375;
2454134615.3857946;-85.840377807617188;
2454294871.796051;-85.775993347167969;
2454455128.2063074;-85.818870544433594;
2454615384.6165643;-85.758575439453125;
2454775641.0268207;-85.816947937011719;
2454935897.437077;-85.785789489746094;
2455096153.8473334;-82.445411682128906;
2455256410.2575898;-70.81512451171875;
2455416666.6678462;-78.014030456542969;
2455576923.0781026;-83.071563720703125;
2455737179.488359;-84.990921020507813;
2455897435.8986154;-85.459327697753906;
2456057692.3088717;-85.658401489257813;
2456217948.7191281;-85.770240783691406;
2456378205.1293845;-85.809150695800781;
2456538461.5396409;-85.822662353515625;
2456698717.9498973;-85.81890869140625;
2456858974.3601537;-85.741081237792969;
2457019230.7704101;-85.733482360839844;
2457179487.1806664;-85.748954772949219;
2457339743.5909228;-85.73541259765625;
2457500000.0011792;-85.793571472167969;
2457660256.4114356;-85.81695556640625;
2457820512.8216925;-85.846176147460938;
2457980769.2319489;-85.858001708984375;
2458141025.6422052;-85.852043151855469;
2458301282.0524616;-85.828666687011719;
2458461538.462718;-85.801322937011719;
2458621794.8729744;-85.820854187011719;
2458782051.2832308;-85.822776794433594;
2458942307.6934872;-85.871665954589844;
2459102564.1037436;-85.881507873535156;
2459262820.5139999;-85.82281494140625;
2459423076.9242563;-85.813034057617188;
2459583333.3345127;-85.824729919433594;
2459743589.7447691;-85.832550048828125;
2459903846.1550255;-85.816940307617188;
2460064102.5652819;-85.881561279296875;
2460224358.9755383;-85.822807312011719;
2460384615.3857946;-85.844306945800781;
2460544871.796051;-85.828598022460937;
2460705128.2063074;-85.836448669433594;
2460865384.6165643;-85.826698303222656;
2461025641.0268207;-85.770050048828125;
2461185897.437077;-85.673568725585938;
2461346153.8473334;-85.801345825195313;
2461506410.2575898;-85.852104187011719;
2461666666.6678462;-85.911094665527344;
2461826923.0781026;-85.307319641113281;
2461987179.488359;-83.661453247070313;
2462147435.8986154;-85.231948852539063;
2462307692.3088717;-85.696823120117187;
2462467948.7191281;-85.787673950195313;
2462628205.1293845;-84.471946716308594;
2462788461.5396409;-70.545806884765625;
2462948717.9498973;-77.296432495117188;
2463108974.3601537;-82.808769226074219;
2463269230.7704101;-85.014533996582031;
2463429487.1806664;-85.669570922851563;
2463589743.5909228;-85.805244445800781;
2463750000.0011792;-85.889411926269531;
2463910256.4114356;-85.891395568847656;
2464070512.8216925;-85.9268798828125;
2464230769.2319489;-85.850143432617188;
2464391025.6422052;-65.267562866210938;
2464551282.0524616;-67.478111267089844;
2464711538.462718;-76.784751892089844;
2464871794.8729744;-82.564308166503906;
2465032051.2832308;-84.900703430175781;
2465192307.6934872;-74.621383666992188;
2465352564.1037436;-72.229011535644531;
2465512820.5139999;-80.04010009765625;
2465673076.9242563;-84.013671875;
2465833333.3345127;-85.335174560546875;
2465993589.7447691;-85.742874145507813;
2466153846.1550255;-85.824745178222656;
2466314102.5652819;-85.856056213378906;
2466474358.9755383;-85.897285461425781;
2466634615.3857946;-85.918960571289063;
2466794871.796051;-85.887435913085937;
2466955128.2063074;-85.907150268554688;
2467115384.6165643;-85.905174255371094;
2467275641.0268207;-85.9012451171875;
2467435897.437077;-85.916999816894531;
2467596153.8473334;-85.903106689453125;
2467756410.2575898;-85.81695556640625;
2467916666.6678462;-85.81890869140625;
2468076923.0781026;-85.850120544433594;
2468237179.488359;-85.922920227050781;
2468397435.8986154;-85.913063049316406;
2468557692.3088717;-85.907135009765625;
2468717948.7191281;-85.848190307617188;
2468878205.1293845;-85.90911865234375;
2469038461.5396409;-85.861778259277344;
2469198717.9498973;-85.82672119140625;
2469358974.3601537;-85.811080932617188;
2469519230.7704101;-85.8795166015625;
2469679487.1806664;-85.871589660644531;
2469839743.5909228;-85.897293090820313;
2470000000.0011792;-85.850051879882812;
2470160256.4114356;-85.911094665527344;
2470320512.8216925;-85.863845825195313;
2470480769.2319489;-85.893348693847656;
2470641025.6422052;-85.789627075195313;
2470801282.0524616;-85.877586364746094;
2470961538.462718;-85.812850952148438;
2471121794.8729744;-85.84033203125;
2471282051.2832308;-85.822700500488281;
2471442307.6934872;-85.861930847167969;
2471602564.1037436;-85.771949768066406;
2471762820.5139999;-85.822776794433594;
2471923076.9242563;-85.746879577636719;
2472083333.3345127;-85.810722351074219;
2472243589.7447691;-85.711692810058594;
2472403846.1550255;-85.726661682128906;
2472564102.5652819;-85.75439453125;
2472724358.9755383;-85.816848754882813;
2472884615.3857946;-85.534072875976563;
2473044871.796051;-85.735298156738281;
2473205128.2063074;-85.591156005859375;
2473365384.6165643;-85.791580200195313;
2473525641.0268207;-85.881538391113281;
2473685897.437077;-85.849273681640625;
2473846153.8473334;-85.568557739257813;
2474006410.2575898;-85.797210693359375;
2474166666.6678462;-85.523529052734375;
2474326923.0781026;-85.805152893066406;
2474487179.488359;-85.587409973144531;
2474647435.8986154;-85.785751342773438;
2474807692.3088717;-85.625617980957031;
2474967948.7191281;-85.805252075195313;
2475128205.1293845;-85.660133361816406;
2475288461.5396409;-85.785758972167969;
2475448717.9498973;-85.721778869628906;
2475608974.3601537;-85.80523681640625;
2475769230.7704101;-85.73138427734375;
2475929487.1806664;-85.809158325195313;
2476089743.5909228;-85.710205078125;
2476250000.0011792;-85.750892639160156;
2476410256.4114356;-85.671806335449219;
2476570512.8216925;-85.731552124023438;
2476730769.2319489;-85.675666809082031;
2476891025.6422052;-85.7103271484375;
2477051282.0524616;-85.710212707519531;
2477211538.462718;-85.718032836914063;
2477371794.8729744;-85.668045043945313;
2477532051.2832308;-85.691024780273438;
2477692307.6934872;-85.646896362304688;
2477852564.1037436;-85.683296203613281;
2478012820.5139999;-85.6412353515625;
2478173076.9242563;-85.679557800292969;
2478333333.3345127;-85.666114807128906;
2478493589.7447691;-85.710334777832031;
2478653846.1550255;-85.685249328613281;
2478814102.5652819;-85.727684020996094;
2478974358.9755383;-85.69873046875;
2479134615.3857946;-85.795509338378906;
2479294871.796051;-85.748825073242188;
2479455128.2063074;-85.759971618652344;
2479615384.6165643;-85.803291320800781;
2479775641.0268207;-85.797462463378906;
2479935897.437077;-85.78765869140625;
2480096153.8473334;-85.807174682617188;
2480256410.2575898;-85.803298950195313;
2480416666.6678462;-85.852119445800781;
2480576923.0781026;-85.834487915039063;
2480737179.488359;-85.883514404296875;
2480897435.8986154;-85.897293090820313;
2481057692.3088717;-85.930824279785156;
2481217948.7191281;-85.89532470703125;
2481378205.1293845;-85.889434814453125;
2481538461.5396409;-85.87567138671875;
2481698717.9498973;-85.905181884765625;
2481858974.3601537;-85.899261474609375;
2482019230.7704101;-85.911087036132812;
2482179487.1806664;-85.913063049316406;
2482339743.5909228;-85.897285461425781;
2482500000.0011792;-85.915023803710938;
2482660256.4114356;-85.857963562011719;
2482820512.8216925;-85.858009338378906;
2482980769.2319489;-85.85797119140625;
2483141025.6422052;-85.901237487792969;
2483301282.0524616;-85.90966796875;
2483461538.462718;-85.883529663085937;
2483621794.8729744;-85.877632141113281;
2483782051.2832308;-85.901237487792969;
2483942307.6934872;-85.9031982421875;
2484102564.1037436;-85.917007446289062;
2484262820.5139999;-85.924903869628906;
