Type;ESU;
Version;4.43;
Date;03.Jun 16;
Mode;ANALYZER;
Center Freq;2434262820.514000;Hz
Freq Offset;0.000000;Hz
Span;100000000.000000;Hz
x-Axis;LIN;
Start;2384262820.514000;Hz
Stop;2484262820.514000;Hz
Ref Level;-9.000000;dBm
Level Offset;0.000000;dB
Ref Position;100.000000;%
y-Axis;LOG;
Level Range;100.000000;dB
Rf Att;5.000000;dB
RBW;2000000.000000;Hz
VBW;50.000000;Hz
SWT;2.500000;s
Trace Mode;CLR/WRITE;
Detector;RMS;
Sweep Count;0;
Trace 1:;;
x-Unit;Hz;
y-Unit;dBm;
Values;625;
2384262820.5139999;-85.687171936035156;
2384423076.9242563;-85.671859741210938;
2384583333.3345127;-85.671821594238281;
2384743589.7447691;-85.68719482421875;
2384903846.1550255;-85.673759460449219;
2385064102.5652819;-85.716117858886719;
2385224358.9755383;-85.700691223144531;
2385384615.3857946;-85.708412170410156;
2385544871.796051;-85.714134216308594;
2385705128.2063074;-85.706428527832031;
2385865384.6165643;-85.681449890136719;
2386025641.0268207;-85.671821594238281;
2386185897.437077;-85.637420654296875;
2386346153.8473334;-85.691062927246094;
2386506410.2575898;-85.725730895996094;
2386666666.6678462;-85.656471252441406;
2386826923.0781026;-85.658462524414062;
2386987179.488359;-85.618309020996094;
2387147435.8986154;-85.631690979003906;
2387307692.3088717;-85.599166870117187;
2387467948.7191281;-85.685310363769531;
2387628205.1293845;-85.656486511230469;
2387788461.5396409;-85.692787170410156;
2387948717.9498973;-85.60498046875;
2388108974.3601537;-85.610504150390625;
2388269230.7704101;-85.629707336425781;
2388429487.1806664;-85.618087768554688;
2388589743.5909228;-85.643104553222656;
2388750000.0011792;-85.608566284179688;
2388910256.4114356;-85.681465148925781;
2389070512.8216925;-85.612289428710938;
2389230769.2319489;-85.666122436523438;
2389391025.6422052;-85.559104919433594;
2389551282.0524616;-85.627845764160156;
2389711538.462718;-85.51776123046875;
2389871794.8729744;-85.532073974609375;
2390032051.2832308;-85.453880310058594;
2390192307.6934872;-85.436004638671875;
2390352564.1037436;-85.494857788085938;
2390512820.5139999;-85.382553100585938;
2390673076.9242563;-85.498771667480469;
2390833333.3345127;-85.309310913085938;
2390993589.7447691;-85.510177612304688;
2391153846.1550255;-85.236007690429687;
2391314102.5652819;-85.483779907226563;
2391474358.9755383;-85.201789855957031;
2391634615.3857946;-85.389358520507813;
2391794871.796051;-85.27685546875;
2391955128.2063074;-85.307342529296875;
2392115384.6165643;-85.332481384277344;
2392275641.0268207;-85.313377380371094;
2392435897.437077;-85.416221618652344;
2392596153.8473334;-85.316696166992188;
2392756410.2575898;-85.481857299804687;
2392916666.6678462;-85.291572570800781;
2393076923.0781026;-85.531005859375;
2393237179.488359;-85.295761108398438;
2393397435.8986154;-85.505691528320312;
2393557692.3088717;-85.444236755371094;
2393717948.7191281;-85.520851135253906;
2393878205.1293845;-85.510185241699219;
2394038461.5396409;-85.547538757324219;
2394198717.9498973;-85.582099914550781;
2394358974.3601537;-85.52850341796875;
2394519230.7704101;-85.589698791503906;
2394679487.1806664;-85.515655517578125;
2394839743.5909228;-85.606880187988281;
2395000000.0011792;-85.496925354003906;
2395160256.4114356;-85.561317443847656;
2395320512.8216925;-85.502632141113281;
2395480769.2319489;-85.612548828125;
2395641025.6422052;-85.544242858886719;
2395801282.0524616;-85.519508361816406;
2395961538.462718;-85.547813415527344;
2396121794.8729744;-85.564933776855469;
2396282051.2832308;-85.578323364257813;
2396442307.6934872;-85.551742553710937;
2396602564.1037436;-85.623977661132813;
2396762820.5139999;-85.574493408203125;
2396923076.9242563;-85.610694885253906;
2397083333.3345127;-85.557456970214844;
2397243589.7447691;-85.591529846191406;
2397403846.1550255;-85.580154418945313;
2397564102.5652819;-85.610542297363281;
2397724358.9755383;-85.514114379882813;
2397884615.3857946;-85.56689453125;
2398044871.796051;-85.557510375976563;
2398205128.2063074;-85.57257080078125;
2398365384.6165643;-85.597328186035156;
2398525641.0268207;-85.6087646484375;
2398685897.437077;-85.633598327636719;
2398846153.8473334;-85.56500244140625;
2399006410.2575898;-85.614463806152344;
2399166666.6678462;-85.606842041015625;
2399326923.0781026;-85.646957397460938;
2399487179.488359;-85.563224792480469;
2399647435.8986154;-85.599258422851562;
2399807692.3088717;-85.56890869140625;
2399967948.7191281;-85.587875366210938;
2400128205.1293845;-85.610710144042969;
2400288461.5396409;-85.5845947265625;
2400448717.9498973;-85.608779907226562;
2400608974.3601537;-85.597358703613281;
2400769230.7704101;-85.599288940429688;
2400929487.1806664;-85.597381591796875;
2401089743.5909228;-85.646965026855469;
2401250000.0011792;-85.585952758789063;
2401410256.4114356;-85.625961303710938;
2401570512.8216925;-85.606895446777344;
2401730769.2319489;-85.616432189941406;
2401891025.6422052;-85.606880187988281;
2402051282.0524616;-85.584075927734375;
2402211538.462718;-85.582176208496094;
2402371794.8729744;-85.582183837890625;
2402532051.2832308;-85.601188659667969;
2402692307.6934872;-85.599273681640625;
2402852564.1037436;-85.622146606445313;
2403012820.5139999;-85.591644287109375;
2403173076.9242563;-85.635498046875;
2403333333.3345127;-85.618301391601563;
2403493589.7447691;-85.633590698242188;
2403653846.1550255;-85.618331909179687;
2403814102.5652819;-85.591598510742188;
2403974358.9755383;-85.574577331542969;
2404134615.3857946;-85.601165771484375;
2404294871.796051;-85.616378784179688;
2404455128.2063074;-85.658393859863281;
2404615384.6165643;-85.624061584472656;
2404775641.0268207;-85.549942016601562;
2404935897.437077;-85.585952758789063;
2405096153.8473334;-85.610702514648437;
2405256410.2575898;-85.616416931152344;
2405416666.6678462;-85.557518005371094;
2405576923.0781026;-85.60687255859375;
2405737179.488359;-85.60498046875;
2405897435.8986154;-85.612396240234375;
2406057692.3088717;-85.625968933105469;
2406217948.7191281;-85.628082275390625;
2406378205.1293845;-85.625953674316406;
2406538461.5396409;-85.601181030273438;
2406698717.9498973;-85.601982116699219;
2406858974.3601537;-85.534828186035156;
2407019230.7704101;-85.565093994140625;
2407179487.1806664;-85.593574523925781;
2407339743.5909228;-85.610694885253906;
2407500000.0011792;-85.580253601074219;
2407660256.4114356;-85.585945129394531;
2407820512.8216925;-85.6297607421875;
2407980769.2319489;-85.5517578125;
2408141025.6422052;-85.597343444824219;
2408301282.0524616;-85.620223999023437;
2408461538.462718;-85.648895263671875;
2408621794.8729744;-85.580238342285156;
2408782051.2832308;-85.620246887207031;
2408942307.6934872;-85.631675720214844;
2409102564.1037436;-85.633590698242188;
2409262820.5139999;-85.578353881835938;
2409423076.9242563;-85.610694885253906;
2409583333.3345127;-85.585952758789063;
2409743589.7447691;-85.648841857910156;
2409903846.1550255;-85.622146606445313;
2410064102.5652819;-85.572586059570313;
2410224358.9755383;-85.602943420410156;
2410384615.3857946;-85.597282409667969;
2410544871.796051;-85.631675720214844;
2410705128.2063074;-85.622154235839844;
2410865384.6165643;-85.582138061523438;
2411025641.0268207;-85.616424560546875;
2411185897.437077;-85.603065490722656;
2411346153.8473334;-85.629768371582031;
2411506410.2575898;-85.612190246582031;
2411666666.6678462;-85.641227722167969;
2411826923.0781026;-85.643142700195313;
2411987179.488359;-85.639328002929688;
2412147435.8986154;-85.643157958984375;
2412307692.3088717;-85.627876281738281;
2412467948.7191281;-85.627876281738281;
2412628205.1293845;-85.629783630371094;
2412788461.5396409;-85.67376708984375;
2412948717.9498973;-85.700706481933594;
2413108974.3601537;-85.70648193359375;
2413269230.7704101;-85.70648193359375;
2413429487.1806664;-85.696861267089844;
2413589743.5909228;-85.682853698730469;
2413750000.0011792;-85.654624938964844;
2413910256.4114356;-85.652702331542969;
2414070512.8216925;-85.639320373535156;
2414230769.2319489;-85.643142700195313;
2414391025.6422052;-85.666130065917969;
2414551282.0524616;-85.646980285644531;
2414711538.462718;-85.652671813964844;
2414871794.8729744;-85.710334777832031;
2415032051.2832308;-85.700706481933594;
2415192307.6934872;-85.698776245117188;
2415352564.1037436;-85.6929931640625;
2415512820.5139999;-85.624061584472656;
2415673076.9242563;-85.631690979003906;
2415833333.3345127;-85.641212463378906;
2415993589.7447691;-85.702621459960937;
2416153846.1550255;-85.709236145019531;
2416314102.5652819;-85.700698852539063;
2416474358.9755383;-85.693008422851562;
2416634615.3857946;-85.70068359375;
2416794871.796051;-85.696853637695313;
2416955128.2063074;-85.687240600585938;
2417115384.6165643;-85.696861267089844;
2417275641.0268207;-85.704551696777344;
2417435897.437077;-85.704551696777344;
2417596153.8473334;-85.704551696777344;
2417756410.2575898;-85.67572021484375;
2417916666.6678462;-85.677635192871094;
2418076923.0781026;-85.654617309570313;
2418237179.488359;-85.673759460449219;
2418397435.8986154;-85.708366394042969;
2418557692.3088717;-85.639060974121094;
2418717948.7191281;-85.669952392578125;
2418878205.1293845;-85.629783630371094;
2419038461.5396409;-85.608802795410156;
2419198717.9498973;-85.639320373535156;
2419358974.3601537;-85.64697265625;
2419519230.7704101;-85.685272216796875;
2419679487.1806664;-85.669929504394531;
2419839743.5909228;-85.624046325683594;
2420000000.0011792;-85.614448547363281;
2420160256.4114356;-85.614494323730469;
2420320512.8216925;-85.599288940429688;
2420480769.2319489;-85.599777221679688;
2420641025.6422052;-85.559379577636719;
2420801282.0524616;-85.6527099609375;
2420961538.462718;-85.639305114746094;
2421121794.8729744;-85.618240356445313;
2421282051.2832308;-85.624061584472656;
2421442307.6934872;-85.629753112792969;
2421602564.1037436;-85.650802612304688;
2421762820.5139999;-85.650802612304688;
2421923076.9242563;-85.633598327636719;
2422083333.3345127;-85.6011962890625;
2422243589.7447691;-85.604972839355469;
2422403846.1550255;-85.561332702636719;
2422564102.5652819;-85.560783386230469;
2422724358.9755383;-85.589759826660156;
2422884615.3857946;-85.6011962890625;
2423044871.796051;-85.616424560546875;
2423205128.2063074;-85.604995727539063;
2423365384.6165643;-85.612602233886719;
2423525641.0268207;-85.606895446777344;
2423685897.437077;-85.534858703613281;
2423846153.8473334;-85.487754821777344;
2424006410.2575898;-85.499046325683594;
2424166666.6678462;-85.512153625488281;
2424326923.0781026;-85.58782958984375;
2424487179.488359;-85.531059265136719;
2424647435.8986154;-85.487709045410156;
2424807692.3088717;-85.544235229492187;
2424967948.7191281;-85.504432678222656;
2425128205.1293845;-85.514068603515625;
2425288461.5396409;-85.328460693359375;
2425448717.9498973;-85.323966979980469;
2425608974.3601537;-85.111457824707031;
2425769230.7704101;-85.221420288085938;
2425929487.1806664;-84.5692138671875;
2426089743.5909228;-84.868049621582031;
2426250000.0011792;-82.937919616699219;
2426410256.4114356;-83.614891052246094;
2426570512.8216925;-81.094581604003906;
2426730769.2319489;-81.044914245605469;
2426891025.6422052;-79.026809692382812;
2427051282.0524616;-76.773872375488281;
2427211538.462718;-75.443519592285156;
2427371794.8729744;-72.402191162109375;
2427532051.2832308;-72.05645751953125;
2427692307.6934872;-68.020431518554688;
2427852564.1037436;-67.143722534179688;
2428012820.5139999;-63.502750396728516;
2428173076.9242563;-63.466121673583984;
2428333333.3345127;-60.05499267578125;
2428493589.7447691;-58.998538970947266;
2428653846.1550255;-55.612014770507812;
2428814102.5652819;-54.607322692871094;
2428974358.9755383;-52.722423553466797;
2429134615.3857946;-51.1094970703125;
2429294871.796051;-49.612964630126953;
2429455128.2063074;-47.169902801513672;
2429615384.6165643;-46.330661773681641;
2429775641.0268207;-43.966567993164063;
2429935897.437077;-43.694286346435547;
2430096153.8473334;-40.857921600341797;
2430256410.2575898;-40.164150238037109;
2430416666.6678462;-37.713665008544922;
2430576923.0781026;-37.160144805908203;
2430737179.488359;-35.370277404785156;
2430897435.8986154;-33.851669311523438;
2431057692.3088717;-32.258312225341797;
2431217948.7191281;-31.065898895263672;
2431378205.1293845;-30.143938064575195;
2431538461.5396409;-28.974241256713867;
2431698717.9498973;-27.841419219970703;
2431858974.3601537;-26.552982330322266;
2432019230.7704101;-25.907560348510742;
2432179487.1806664;-25.099544525146484;
2432339743.5909228;-24.516664505004883;
2432500000.0011792;-23.816944122314453;
2432660256.4114356;-23.241262435913086;
2432820512.8216925;-23.193077087402344;
2432980769.2319489;-22.981735229492188;
2433141025.6422052;-23.04246711730957;
2433301282.0524616;-23.264163970947266;
2433461538.462718;-23.716421127319336;
2433621794.8729744;-24.204587936401367;
2433782051.2832308;-24.758615493774414;
2433942307.6934872;-25.430004119873047;
2434102564.1037436;-26.443750381469727;
2434262820.5139999;-27.839870452880859;
2434423076.9242563;-28.4351806640625;
2434583333.3345127;-29.814271926879883;
2434743589.7447691;-30.445278167724609;
2434903846.1550255;-32.340557098388672;
2435064102.5652819;-33.699249267578125;
2435224358.9755383;-34.806362152099609;
2435384615.3857946;-35.958339691162109;
2435544871.796051;-36.963565826416016;
2435705128.2063074;-38.918739318847656;
2435865384.6165643;-40.379859924316406;
2436025641.0268207;-41.655532836914063;
2436185897.437077;-42.613178253173828;
2436346153.8473334;-44.026691436767578;
2436506410.2575898;-45.546989440917969;
2436666666.6678462;-47.378822326660156;
2436826923.0781026;-48.233734130859375;
2436987179.488359;-49.513233184814453;
2437147435.8986154;-50.698619842529297;
2437307692.3088717;-52.338069915771484;
2437467948.7191281;-54.195217132568359;
2437628205.1293845;-54.960380554199219;
2437788461.5396409;-56.536109924316406;
2437948717.9498973;-57.397552490234375;
2438108974.3601537;-59.567268371582031;
2438269230.7704101;-61.323116302490234;
2438429487.1806664;-62.547809600830078;
2438589743.5909228;-64.160812377929688;
2438750000.0011792;-65.258514404296875;
2438910256.4114356;-67.561782836914063;
2439070512.8216925;-69.721717834472656;
2439230769.2319489;-71.471076965332031;
2439391025.6422052;-72.796585083007813;
2439551282.0524616;-74.721244812011719;
2439711538.462718;-76.937705993652344;
2439871794.8729744;-79.329383850097656;
2440032051.2832308;-80.436141967773437;
2440192307.6934872;-81.694313049316406;
2440352564.1037436;-82.667640686035156;
2440512820.5139999;-83.895889282226562;
2440673076.9242563;-84.594032287597656;
2440833333.3345127;-84.908050537109375;
2440993589.7447691;-85.17230224609375;
2441153846.1550255;-85.298042297363281;
2441314102.5652819;-85.433311462402344;
2441474358.9755383;-85.506561279296875;
2441634615.3857946;-85.55938720703125;
2441794871.796051;-85.612617492675781;
2441955128.2063074;-85.645057678222656;
2442115384.6165643;-85.673797607421875;
2442275641.0268207;-85.633575439453125;
2442435897.437077;-85.557525634765625;
2442596153.8473334;-85.624046325683594;
2442756410.2575898;-85.629753112792969;
2442916666.6678462;-85.660385131835938;
2443076923.0781026;-85.632514953613281;
2443237179.488359;-85.664192199707031;
2443397435.8986154;-85.70648193359375;
2443557692.3088717;-85.714187622070313;
2443717948.7191281;-85.778022766113281;
2443878205.1293845;-85.721893310546875;
2444038461.5396409;-85.739250183105469;
2444198717.9498973;-85.716072082519531;
2444358974.3601537;-85.72381591796875;
2444519230.7704101;-85.691047668457031;
2444679487.1806664;-85.7412109375;
2444839743.5909228;-85.721893310546875;
2445000000.0011792;-85.700691223144531;
2445160256.4114356;-85.727684020996094;
2445320512.8216925;-85.716087341308594;
2445480769.2319489;-85.714149475097656;
2445641025.6422052;-85.799407958984375;
2445801282.0524616;-85.791603088378906;
2445961538.462718;-85.719970703125;
2446121794.8729744;-85.710334777832031;
2446282051.2832308;-85.725753784179688;
2446442307.6934872;-85.735694885253906;
2446602564.1037436;-85.7412109375;
2446762820.5139999;-85.795501708984375;
2446923076.9242563;-85.807205200195313;
2447083333.3345127;-85.818901062011719;
2447243589.7447691;-85.7392578125;
2447403846.1550255;-85.733482360839844;
2447564102.5652819;-85.739288330078125;
2447724358.9755383;-85.731552124023438;
2447884615.3857946;-85.770271301269531;
2448044871.796051;-85.82086181640625;
2448205128.2063074;-85.803306579589844;
2448365384.6165643;-85.803314208984375;
2448525641.0268207;-85.852127075195313;
2448685897.437077;-85.801361083984375;
2448846153.8473334;-85.814552307128906;
2449006410.2575898;-85.820022583007812;
2449166666.6678462;-85.835395812988281;
2449326923.0781026;-85.816917419433594;
2449487179.488359;-85.805259704589844;
2449647435.8986154;-85.81890869140625;
2449807692.3088717;-85.815010070800781;
2449967948.7191281;-85.828651428222656;
2450128205.1293845;-85.809158325195313;
2450288461.5396409;-85.811103820800781;
2450448717.9498973;-85.803314208984375;
2450608974.3601537;-85.80914306640625;
2450769230.7704101;-85.797431945800781;
2450929487.1806664;-85.803291320800781;
2451089743.5909228;-85.813056945800781;
2451250000.0011792;-85.816963195800781;
2451410256.4114356;-85.813056945800781;
2451570512.8216925;-85.779945373535156;
2451730769.2319489;-85.74896240234375;
2451891025.6422052;-85.752777099609375;
2452051282.0524616;-85.832550048828125;
2452211538.462718;-85.768318176269531;
2452371794.8729744;-85.799407958984375;
2452532051.2832308;-85.772201538085938;
2452692307.6934872;-85.801315307617188;
2452852564.1037436;-85.748947143554688;
2453012820.5139999;-85.746986389160156;
2453173076.9242563;-85.718048095703125;
2453333333.3345127;-85.7296142578125;
2453493589.7447691;-85.7818603515625;
2453653846.1550255;-85.75469970703125;
2453814102.5652819;-85.714187622070313;
2453974358.9755383;-85.708351135253906;
2454134615.3857946;-85.783843994140625;
2454294871.796051;-85.809059143066406;
2454455128.2063074;-85.871658325195313;
2454615384.6165643;-85.766387939453125;
2454775641.0268207;-80.527984619140625;
2454935897.437077;-80.035682678222656;
2455096153.8473334;-83.712074279785156;
2455256410.2575898;-85.22930908203125;
2455416666.6678462;-85.549888610839844;
2455576923.0781026;-85.658714294433594;
2455737179.488359;-85.71630859375;
2455897435.8986154;-85.775520324707031;
2456057692.3088717;-85.75921630859375;
2456217948.7191281;-85.789688110351562;
2456378205.1293845;-85.772117614746094;
2456538461.5396409;-85.82275390625;
2456698717.9498973;-85.797431945800781;
2456858974.3601537;-85.822761535644531;
2457019230.7704101;-85.81695556640625;
2457179487.1806664;-85.785675048828125;
2457339743.5909228;-85.750846862792969;
2457500000.0011792;-85.779937744140625;
2457660256.4114356;-85.81109619140625;
2457820512.8216925;-85.807159423828125;
2457980769.2319489;-85.848220825195313;
2458141025.6422052;-85.793525695800781;
2458301282.0524616;-85.877593994140625;
2458461538.462718;-85.830604553222656;
2458621794.8729744;-85.879600524902344;
2458782051.2832308;-85.826713562011719;
2458942307.6934872;-85.854042053222656;
2459102564.1037436;-85.824760437011719;
2459262820.5139999;-85.801322937011719;
2459423076.9242563;-85.809150695800781;
2459583333.3345127;-85.774055480957031;
2459743589.7447691;-85.818885803222656;
2459903846.1550255;-85.797401428222656;
2460064102.5652819;-85.82281494140625;
2460224358.9755383;-85.791603088378906;
2460384615.3857946;-85.875640869140625;
2460544871.796051;-85.830589294433594;
2460705128.2063074;-85.889389038085938;
2460865384.6165643;-85.844268798828125;
2461025641.0268207;-85.889381408691406;
2461185897.437077;-85.877601623535156;
2461346153.8473334;-85.873504638671875;
2461506410.2575898;-85.84429931640625;
2461666666.6678462;-85.842277526855469;
2461826923.0781026;-85.883529663085937;
2461987179.488359;-85.834449768066406;
2462147435.8986154;-85.840354919433594;
2462307692.3088717;-85.772071838378906;
2462467948.7191281;-85.822639465332031;
2462628205.1293845;-85.828521728515625;
2462788461.5396409;-85.85205078125;
2462948717.9498973;-85.859977722167969;
2463108974.3601537;-85.828529357910156;
2463269230.7704101;-85.85211181640625;
2463429487.1806664;-85.807075500488281;
2463589743.5909228;-85.889404296875;
2463750000.0011792;-85.830543518066406;
2463910256.4114356;-85.85211181640625;
2464070512.8216925;-85.822708129882813;
2464230769.2319489;-85.834281921386719;
2464391025.6422052;-85.810951232910156;
2464551282.0524616;-85.822586059570312;
2464711538.462718;-85.820793151855469;
2464871794.8729744;-85.816612243652344;
2465032051.2832308;-85.844268798828125;
2465192307.6934872;-85.76812744140625;
2465352564.1037436;-85.820808410644531;
2465512820.5139999;-85.723739624023438;
2465673076.9242563;-85.818771362304687;
2465833333.3345127;-85.760459899902344;
2465993589.7447691;-85.7816162109375;
2466153846.1550255;-85.795417785644531;
2466314102.5652819;-85.810707092285156;
2466474358.9755383;-85.783805847167969;
2466634615.3857946;-85.739112854003906;
2466794871.796051;-85.844215393066406;
2466955128.2063074;-85.779792785644531;
2467115384.6165643;-85.82086181640625;
2467275641.0268207;-85.712165832519531;
2467435897.437077;-85.828536987304688;
2467596153.8473334;-85.719879150390625;
2467756410.2575898;-85.748512268066406;
2467916666.6678462;-85.667930603027344;
2468076923.0781026;-85.707908630371094;
2468237179.488359;-85.760414123535156;
2468397435.8986154;-85.732986450195313;
2468557692.3088717;-85.793533325195313;
2468717948.7191281;-85.665458679199219;
2468878205.1293845;-85.725753784179688;
2469038461.5396409;-85.656120300292969;
2469198717.9498973;-85.842254638671875;
2469358974.3601537;-85.639030456542969;
2469519230.7704101;-85.757942199707031;
2469679487.1806664;-85.671409606933594;
2469839743.5909228;-85.701644897460938;
2470000000.0011792;-85.704330444335937;
2470160256.4114356;-85.603965759277344;
2470320512.8216925;-85.739105224609375;
2470480769.2319489;-85.542999267578125;
2470641025.6422052;-85.752708435058594;
2470801282.0524616;-85.484611511230469;
2470961538.462718;-85.728889465332031;
2471121794.8729744;-85.351829528808594;
2471282051.2832308;-85.515495300292969;
2471442307.6934872;-85.387916564941406;
2471602564.1037436;-85.467254638671875;
2471762820.5139999;-85.452491760253906;
2471923076.9242563;-85.317939758300781;
2472083333.3345127;-85.501312255859375;
2472243589.7447691;-85.261711120605469;
2472403846.1550255;-85.558135986328125;
2472564102.5652819;-85.214553833007812;
2472724358.9755383;-85.490371704101563;
2472884615.3857946;-85.207893371582031;
2473044871.796051;-85.591041564941406;
2473205128.2063074;-85.191474914550781;
2473365384.6165643;-85.502853393554688;
2473525641.0268207;-85.427703857421875;
2473685897.437077;-85.590797424316406;
2473846153.8473334;-85.48077392578125;
2474006410.2575898;-85.562507629394531;
2474166666.6678462;-85.597030639648438;
2474326923.0781026;-85.550315856933594;
2474487179.488359;-85.623817443847656;
2474647435.8986154;-85.471916198730469;
2474807692.3088717;-85.727569580078125;
2474967948.7191281;-85.575851440429688;
2475128205.1293845;-85.771766662597656;
2475288461.5396409;-85.638938903808594;
2475448717.9498973;-85.758010864257813;
2475608974.3601537;-85.677528381347656;
2475769230.7704101;-85.686492919921875;
2475929487.1806664;-85.692787170410156;
2476089743.5909228;-85.667449951171875;
2476250000.0011792;-85.706306457519531;
2476410256.4114356;-85.673591613769531;
2476570512.8216925;-85.799346923828125;
2476730769.2319489;-85.687156677246094;
2476891025.6422052;-85.739173889160156;
2477051282.0524616;-85.642974853515625;
2477211538.462718;-85.681167602539062;
2477371794.8729744;-85.645606994628906;
2477532051.2832308;-85.625633239746094;
2477692307.6934872;-85.619354248046875;
2477852564.1037436;-85.631614685058594;
2478012820.5139999;-85.67950439453125;
2478173076.9242563;-85.654388427734375;
2478333333.3345127;-85.689117431640625;
2478493589.7447691;-85.650711059570313;
2478653846.1550255;-85.746994018554688;
2478814102.5652819;-85.698692321777344;
2478974358.9755383;-85.764404296875;
2479134615.3857946;-85.748931884765625;
2479294871.796051;-85.778022766113281;
2479455128.2063074;-85.735366821289063;
2479615384.6165643;-85.8717041015625;
2479775641.0268207;-85.81695556640625;
2479935897.437077;-85.807151794433594;
2480096153.8473334;-85.795440673828125;
2480256410.2575898;-85.830459594726563;
2480416666.6678462;-85.779922485351563;
2480576923.0781026;-85.805168151855469;
2480737179.488359;-85.861854553222656;
2480897435.8986154;-85.86181640625;
2481057692.3088717;-85.850173950195313;
2481217948.7191281;-85.850143432617188;
2481378205.1293845;-85.875663757324219;
2481538461.5396409;-85.824760437011719;
2481698717.9498973;-85.820854187011719;
2481858974.3601537;-85.802139282226563;
2482019230.7704101;-85.854522705078125;
2482179487.1806664;-85.824485778808594;
2482339743.5909228;-85.834449768066406;
2482500000.0011792;-85.809089660644531;
2482660256.4114356;-85.895301818847656;
2482820512.8216925;-85.869773864746094;
2482980769.2319489;-85.877525329589844;
2483141025.6422052;-85.881492614746094;
2483301282.0524616;-85.86383056640625;
2483461538.462718;-85.889366149902344;
2483621794.8729744;-85.857994079589844;
2483782051.2832308;-85.881538391113281;
2483942307.6934872;-85.856040954589844;
2484102564.1037436;-85.865852355957031;
2484262820.5139999;-85.889389038085938;
