Type;ESU;
Version;4.43;
Date;03.Jun 16;
Mode;ANALYZER;
Center Freq;2434262820.514000;Hz
Freq Offset;0.000000;Hz
Span;100000000.000000;Hz
x-Axis;LIN;
Start;2384262820.514000;Hz
Stop;2484262820.514000;Hz
Ref Level;-9.000000;dBm
Level Offset;0.000000;dB
Ref Position;100.000000;%
y-Axis;LOG;
Level Range;100.000000;dB
Rf Att;5.000000;dB
RBW;2000000.000000;Hz
VBW;50.000000;Hz
SWT;2.500000;s
Trace Mode;CLR/WRITE;
Detector;RMS;
Sweep Count;0;
Trace 1:;;
x-Unit;Hz;
y-Unit;dBm;
Values;625;
2384262820.5139999;-85.734855651855469;
2384423076.9242563;-85.716117858886719;
2384583333.3345127;-85.671852111816406;
2384743589.7447691;-85.696830749511719;
2384903846.1550255;-85.671867370605469;
2385064102.5652819;-85.708389282226563;
2385224358.9755383;-85.721855163574219;
2385384615.3857946;-85.725669860839844;
2385544871.796051;-85.675704956054688;
2385705128.2063074;-85.675605773925781;
2385865384.6165643;-85.669937133789063;
2386025641.0268207;-85.633537292480469;
2386185897.437077;-85.664215087890625;
2386346153.8473334;-85.62213134765625;
2386506410.2575898;-85.660385131835938;
2386666666.6678462;-85.627876281738281;
2386826923.0781026;-85.6890869140625;
2386987179.488359;-85.70648193359375;
2387147435.8986154;-85.685218811035156;
2387307692.3088717;-85.66607666015625;
2387467948.7191281;-85.656356811523438;
2387628205.1293845;-85.675605773925781;
2387788461.5396409;-85.656410217285156;
2387948717.9498973;-85.671875;
2388108974.3601537;-85.63543701171875;
2388269230.7704101;-85.714134216308594;
2388429487.1806664;-85.62017822265625;
2388589743.5909228;-85.656501770019531;
2388750000.0011792;-85.593482971191406;
2388910256.4114356;-85.619949340820313;
2389070512.8216925;-85.561264038085938;
2389230769.2319489;-85.572235107421875;
2389391025.6422052;-85.614273071289063;
2389551282.0524616;-85.592765808105469;
2389711538.462718;-85.620193481445313;
2389871794.8729744;-85.509567260742188;
2390032051.2832308;-85.589698791503906;
2390192307.6934872;-85.524856567382812;
2390352564.1037436;-85.455467224121094;
2390512820.5139999;-85.557197570800781;
2390673076.9242563;-85.348098754882813;
2390833333.3345127;-85.527175903320312;
2390993589.7447691;-85.238418579101563;
2391153846.1550255;-85.566856384277344;
2391314102.5652819;-85.15106201171875;
2391474358.9755383;-85.503379821777344;
2391634615.3857946;-85.245407104492188;
2391794871.796051;-85.338737487792969;
2391955128.2063074;-85.249191284179688;
2392115384.6165643;-85.289009094238281;
2392275641.0268207;-85.358436584472656;
2392435897.437077;-85.254669189453125;
2392596153.8473334;-85.392005920410156;
2392756410.2575898;-85.2818603515625;
2392916666.6678462;-85.472587585449219;
2393076923.0781026;-85.315536499023437;
2393237179.488359;-85.60284423828125;
2393397435.8986154;-85.386528015136719;
2393557692.3088717;-85.585929870605469;
2393717948.7191281;-85.444358825683594;
2393878205.1293845;-85.595413208007813;
2394038461.5396409;-85.523078918457031;
2394198717.9498973;-85.599639892578125;
2394358974.3601537;-85.487693786621094;
2394519230.7704101;-85.530052185058594;
2394679487.1806664;-85.556434631347656;
2394839743.5909228;-85.523773193359375;
2395000000.0011792;-85.570045471191406;
2395160256.4114356;-85.517623901367188;
2395320512.8216925;-85.621482849121094;
2395480769.2319489;-85.551399230957031;
2395641025.6422052;-85.591094970703125;
2395801282.0524616;-85.494606018066406;
2395961538.462718;-85.5823974609375;
2396121794.8729744;-85.563285827636719;
2396282051.2832308;-85.638954162597656;
2396442307.6934872;-85.597366333007813;
2396602564.1037436;-85.582069396972656;
2396762820.5139999;-85.610694885253906;
2396923076.9242563;-85.591636657714844;
2397083333.3345127;-85.625938415527344;
2397243589.7447691;-85.616355895996094;
2397403846.1550255;-85.645072937011719;
2397564102.5652819;-85.578361511230469;
2397724358.9755383;-85.578361511230469;
2397884615.3857946;-85.529167175292969;
2398044871.796051;-85.547996520996094;
2398205128.2063074;-85.548065185546875;
2398365384.6165643;-85.548019409179688;
2398525641.0268207;-85.576438903808594;
2398685897.437077;-85.604995727539063;
2398846153.8473334;-85.627861022949219;
2399006410.2575898;-85.591659545898438;
2399166666.6678462;-85.614524841308594;
2399326923.0781026;-85.601173400878906;
2399487179.488359;-85.618331909179687;
2399647435.8986154;-85.610710144042969;
2399807692.3088717;-85.6182861328125;
2399967948.7191281;-85.595458984375;
2400128205.1293845;-85.618301391601563;
2400288461.5396409;-85.604988098144531;
2400448717.9498973;-85.616424560546875;
2400608974.3601537;-85.645065307617188;
2400769230.7704101;-85.5802001953125;
2400929487.1806664;-85.5821533203125;
2401089743.5909228;-85.591651916503906;
2401250000.0011792;-85.624053955078125;
2401410256.4114356;-85.599273681640625;
2401570512.8216925;-85.606864929199219;
2401730769.2319489;-85.627845764160156;
2401891025.6422052;-85.616409301757812;
2402051282.0524616;-85.603057861328125;
2402211538.462718;-85.614501953125;
2402371794.8729744;-85.603096008300781;
2402532051.2832308;-85.604988098144531;
2402692307.6934872;-85.622154235839844;
2402852564.1037436;-85.60687255859375;
2403012820.5139999;-85.603080749511719;
2403173076.9242563;-85.580276489257813;
2403333333.3345127;-85.599281311035156;
2403493589.7447691;-85.563194274902344;
2403653846.1550255;-85.629745483398438;
2403814102.5652819;-85.612579345703125;
2403974358.9755383;-85.601158142089844;
2404134615.3857946;-85.595428466796875;
2404294871.796051;-85.589698791503906;
2404455128.2063074;-85.570732116699219;
2404615384.6165643;-85.593559265136719;
2404775641.0268207;-85.648841857910156;
2404935897.437077;-85.614433288574219;
2405096153.8473334;-85.635498046875;
2405256410.2575898;-85.618301391601563;
2405416666.6678462;-85.631690979003906;
2405576923.0781026;-85.608787536621094;
2405737179.488359;-85.639312744140625;
2405897435.8986154;-85.612617492675781;
2406057692.3088717;-85.595458984375;
2406217948.7191281;-85.612579345703125;
2406378205.1293845;-85.583953857421875;
2406538461.5396409;-85.574600219726563;
2406698717.9498973;-85.559379577636719;
2406858974.3601537;-85.595474243164063;
2407019230.7704101;-85.589744567871094;
2407179487.1806664;-85.643135070800781;
2407339743.5909228;-85.593521118164062;
2407500000.0011792;-85.60498046875;
2407660256.4114356;-85.629783630371094;
2407820512.8216925;-85.608718872070313;
2407980769.2319489;-85.624061584472656;
2408141025.6422052;-85.540443420410156;
2408301282.0524616;-85.63165283203125;
2408461538.462718;-85.601142883300781;
2408621794.8729744;-85.620246887207031;
2408782051.2832308;-85.608779907226562;
2408942307.6934872;-85.60687255859375;
2409102564.1037436;-85.591651916503906;
2409262820.5139999;-85.595443725585937;
2409423076.9242563;-85.618278503417969;
2409583333.3345127;-85.610588073730469;
2409743589.7447691;-85.624031066894531;
2409903846.1550255;-85.599205017089844;
2410064102.5652819;-85.62786865234375;
2410224358.9755383;-85.618309020996094;
2410384615.3857946;-85.652717590332031;
2410544871.796051;-85.591636657714844;
2410705128.2063074;-85.66033935546875;
2410865384.6165643;-85.648887634277344;
2411025641.0268207;-85.652679443359375;
2411185897.437077;-85.614524841308594;
2411346153.8473334;-85.597381591796875;
2411506410.2575898;-85.644287109375;
2411666666.6678462;-85.693000793457031;
2411826923.0781026;-85.641136169433594;
2411987179.488359;-85.639335632324219;
2412147435.8986154;-85.664161682128906;
2412307692.3088717;-85.696846008300781;
2412467948.7191281;-85.635513305664063;
2412628205.1293845;-85.641250610351563;
2412788461.5396409;-85.608787536621094;
2412948717.9498973;-85.63739013671875;
2413108974.3601537;-85.712265014648437;
2413269230.7704101;-85.708412170410156;
2413429487.1806664;-85.70648193359375;
2413589743.5909228;-85.710334777832031;
2413750000.0011792;-85.708389282226563;
2413910256.4114356;-85.654632568359375;
2414070512.8216925;-85.673789978027344;
2414230769.2319489;-85.694931030273438;
2414391025.6422052;-85.696830749511719;
2414551282.0524616;-85.66229248046875;
2414711538.462718;-85.646980285644531;
2414871794.8729744;-85.612625122070313;
2415032051.2832308;-85.629783630371094;
2415192307.6934872;-85.634689331054688;
2415352564.1037436;-85.641242980957031;
2415512820.5139999;-85.650741577148438;
2415673076.9242563;-85.681480407714844;
2415833333.3345127;-85.645050048828125;
2415993589.7447691;-85.612617492675781;
2416153846.1550255;-85.629768371582031;
2416314102.5652819;-85.654640197753906;
2416474358.9755383;-85.654640197753906;
2416634615.3857946;-85.689155578613281;
2416794871.796051;-85.694923400878906;
2416955128.2063074;-85.698783874511719;
2417115384.6165643;-85.654624938964844;
2417275641.0268207;-85.625961303710938;
2417435897.437077;-85.676231384277344;
2417596153.8473334;-85.6343994140625;
2417756410.2575898;-85.689437866210938;
2417916666.6678462;-85.691078186035156;
2418076923.0781026;-85.683387756347656;
2418237179.488359;-85.694915771484375;
2418397435.8986154;-85.687240600585938;
2418557692.3088717;-85.612617492675781;
2418717948.7191281;-85.625961303710938;
2418878205.1293845;-85.614524841308594;
2419038461.5396409;-85.620246887207031;
2419198717.9498973;-85.648887634277344;
2419358974.3601537;-85.645050048828125;
2419519230.7704101;-85.625961303710938;
2419679487.1806664;-85.59759521484375;
2419839743.5909228;-85.627822875976563;
2420000000.0011792;-85.635498046875;
2420160256.4114356;-85.620246887207031;
2420320512.8216925;-85.595474243164063;
2420480769.2319489;-85.618316650390625;
2420641025.6422052;-85.6107177734375;
2420801282.0524616;-85.643150329589844;
2420961538.462718;-85.603080749511719;
2421121794.8729744;-85.648895263671875;
2421282051.2832308;-85.639320373535156;
2421442307.6934872;-85.631668090820312;
2421602564.1037436;-85.6527099609375;
2421762820.5139999;-85.662284851074219;
2421923076.9242563;-85.663116455078125;
2422083333.3345127;-85.64697265625;
2422243589.7447691;-85.624053955078125;
2422403846.1550255;-85.635513305664063;
2422564102.5652819;-85.622154235839844;
2422724358.9755383;-85.629776000976563;
2422884615.3857946;-85.593544006347656;
2423044871.796051;-85.549919128417969;
2423205128.2063074;-85.618316650390625;
2423365384.6165643;-85.597381591796875;
2423525641.0268207;-85.616378784179688;
2423685897.437077;-85.595497131347656;
2423846153.8473334;-85.587882995605469;
2424006410.2575898;-85.62786865234375;
2424166666.6678462;-85.593544006347656;
2424326923.0781026;-85.578376770019531;
2424487179.488359;-85.519752502441406;
2424647435.8986154;-85.531082153320312;
2424807692.3088717;-85.508438110351563;
2424967948.7191281;-85.489463806152344;
2425128205.1293845;-85.347808837890625;
2425288461.5396409;-85.400634765625;
2425448717.9498973;-85.305374145507813;
2425608974.3601537;-85.134422302246094;
2425769230.7704101;-85.055160522460938;
2425929487.1806664;-84.406494140625;
2426089743.5909228;-84.588371276855469;
2426250000.0011792;-82.972419738769531;
2426410256.4114356;-83.787277221679688;
2426570512.8216925;-81.192413330078125;
2426730769.2319489;-80.001106262207031;
2426891025.6422052;-78.819999694824219;
2427051282.0524616;-76.61041259765625;
2427211538.462718;-76.131942749023437;
2427371794.8729744;-71.662910461425781;
2427532051.2832308;-70.901878356933594;
2427692307.6934872;-67.42864990234375;
2427852564.1037436;-67.347518920898438;
2428012820.5139999;-63.482898712158203;
2428173076.9242563;-62.508392333984375;
2428333333.3345127;-59.016151428222656;
2428493589.7447691;-58.008907318115234;
2428653846.1550255;-55.934600830078125;
2428814102.5652819;-54.383316040039063;
2428974358.9755383;-52.292026519775391;
2429134615.3857946;-50.136661529541016;
2429294871.796051;-49.305927276611328;
2429455128.2063074;-47.006443023681641;
2429615384.6165643;-46.620929718017578;
2429775641.0268207;-43.137138366699219;
2429935897.437077;-42.902423858642578;
2430096153.8473334;-40.301223754882813;
2430256410.2575898;-40.055843353271484;
2430416666.6678462;-37.647552490234375;
2430576923.0781026;-36.272407531738281;
2430737179.488359;-34.561508178710937;
2430897435.8986154;-33.265739440917969;
2431057692.3088717;-32.387508392333984;
2431217948.7191281;-30.713899612426758;
2431378205.1293845;-29.492206573486328;
2431538461.5396409;-28.033237457275391;
2431698717.9498973;-27.375679016113281;
2431858974.3601537;-26.218402862548828;
2432019230.7704101;-25.489461898803711;
2432179487.1806664;-24.286231994628906;
2432339743.5909228;-23.721111297607422;
2432500000.0011792;-23.301116943359375;
2432660256.4114356;-22.894609451293945;
2432820512.8216925;-22.621932983398438;
2432980769.2319489;-22.426290512084961;
2433141025.6422052;-22.647773742675781;
2433301282.0524616;-22.791091918945313;
2433461538.462718;-23.07121467590332;
2433621794.8729744;-23.672662734985352;
2433782051.2832308;-24.413856506347656;
2433942307.6934872;-25.408414840698242;
2434102564.1037436;-25.902826309204102;
2434262820.5139999;-27.086505889892578;
2434423076.9242563;-27.766624450683594;
2434583333.3345127;-29.714820861816406;
2434743589.7447691;-30.578029632568359;
2434903846.1550255;-31.822593688964844;
2435064102.5652819;-32.817943572998047;
2435224358.9755383;-34.136020660400391;
2435384615.3857946;-36.004825592041016;
2435544871.796051;-37.086746215820312;
2435705128.2063074;-38.418342590332031;
2435865384.6165643;-39.330886840820313;
2436025641.0268207;-41.03265380859375;
2436185897.437077;-42.502979278564453;
2436346153.8473334;-44.128860473632812;
2436506410.2575898;-44.833713531494141;
2436666666.6678462;-46.278942108154297;
2436826923.0781026;-47.332279205322266;
2436987179.488359;-49.335441589355469;
2437147435.8986154;-50.671272277832031;
2437307692.3088717;-51.723091125488281;
2437467948.7191281;-53.028926849365234;
2437628205.1293845;-54.183296203613281;
2437788461.5396409;-56.243507385253906;
2437948717.9498973;-57.453865051269531;
2438108974.3601537;-58.998863220214844;
2438269230.7704101;-59.964458465576172;
2438429487.1806664;-61.854534149169922;
2438589743.5909228;-63.770454406738281;
2438750000.0011792;-65.745895385742188;
2438910256.4114356;-66.986557006835938;
2439070512.8216925;-68.8336181640625;
2439230769.2319489;-70.452133178710937;
2439391025.6422052;-73.190757751464844;
2439551282.0524616;-75.151817321777344;
2439711538.462718;-76.544540405273438;
2439871794.8729744;-78.309402465820313;
2440032051.2832308;-79.774429321289063;
2440192307.6934872;-82.0723876953125;
2440352564.1037436;-82.988059997558594;
2440512820.5139999;-83.738182067871094;
2440673076.9242563;-84.267005920410156;
2440833333.3345127;-84.735588073730469;
2440993589.7447691;-85.148307800292969;
2441153846.1550255;-85.294479370117188;
2441314102.5652819;-85.404159545898438;
2441474358.9755383;-85.448417663574219;
2441634615.3857946;-85.557456970214844;
2441794871.796051;-85.618339538574219;
2441955128.2063074;-85.622154235839844;
2442115384.6165643;-85.6202392578125;
2442275641.0268207;-85.614494323730469;
2442435897.437077;-85.635490417480469;
2442596153.8473334;-85.618331909179687;
2442756410.2575898;-85.648880004882813;
2442916666.6678462;-85.698776245117188;
2443076923.0781026;-85.612594604492187;
2443237179.488359;-85.593574523925781;
2443397435.8986154;-85.525352478027344;
2443557692.3088717;-85.4534912109375;
2443717948.7191281;-84.613067626953125;
2443878205.1293845;-84.173660278320313;
2444038461.5396409;-84.377555847167969;
2444198717.9498973;-84.846214294433594;
2444358974.3601537;-85.436660766601563;
2444519230.7704101;-85.641105651855469;
2444679487.1806664;-85.702545166015625;
2444839743.5909228;-85.658439636230469;
2445000000.0011792;-85.67626953125;
2445160256.4114356;-85.685317993164063;
2445320512.8216925;-85.665977478027344;
2445480769.2319489;-85.4952392578125;
2445641025.6422052;-85.599250793457031;
2445801282.0524616;-85.60308837890625;
2445961538.462718;-85.639320373535156;
2446121794.8729744;-85.635482788085937;
2446282051.2832308;-85.643119812011719;
2446442307.6934872;-84.630989074707031;
2446602564.1037436;-85.031829833984375;
2446762820.5139999;-85.478141784667969;
2446923076.9242563;-85.580223083496094;
2447083333.3345127;-85.689018249511719;
2447243589.7447691;-85.743133544921875;
2447403846.1550255;-85.72381591796875;
2447564102.5652819;-85.700698852539063;
2447724358.9755383;-85.750892639160156;
2447884615.3857946;-85.739273071289063;
2448044871.796051;-85.706451416015625;
2448205128.2063074;-85.712265014648437;
2448365384.6165643;-85.718040466308594;
2448525641.0268207;-85.698722839355469;
2448685897.437077;-85.666053771972656;
2448846153.8473334;-85.735420227050781;
2449006410.2575898;-85.733467102050781;
2449166666.6678462;-85.787734985351563;
2449326923.0781026;-85.725738525390625;
2449487179.488359;-85.768310546875;
2449647435.8986154;-85.719970703125;
2449807692.3088717;-85.743141174316406;
2449967948.7191281;-85.729621887207031;
2450128205.1293845;-85.689132690429688;
2450288461.5396409;-85.725761413574219;
2450448717.9498973;-85.725715637207031;
2450608974.3601537;-85.725761413574219;
2450769230.7704101;-85.708412170410156;
2450929487.1806664;-85.718032836914063;
2451089743.5909228;-85.688919067382813;
2451250000.0011792;-85.724647521972656;
2451410256.4114356;-85.714599609375;
2451570512.8216925;-85.710319519042969;
2451730769.2319489;-85.743125915527344;
2451891025.6422052;-85.81695556640625;
2452051282.0524616;-85.83453369140625;
2452211538.462718;-85.818878173828125;
2452371794.8729744;-85.809158325195313;
2452532051.2832308;-85.79547119140625;
2452692307.6934872;-85.779975891113281;
2452852564.1037436;-85.739212036132813;
2453012820.5139999;-85.787704467773438;
2453173076.9242563;-85.735382080078125;
2453333333.3345127;-85.77996826171875;
2453493589.7447691;-85.716117858886719;
2453653846.1550255;-85.708366394042969;
2453814102.5652819;-85.743057250976562;
2453974358.9755383;-85.75274658203125;
2454134615.3857946;-85.712257385253906;
2454294871.796051;-85.706466674804688;
2454455128.2063074;-85.721900939941406;
2454615384.6165643;-85.739273071289063;
2454775641.0268207;-85.652511596679688;
2454935897.437077;-85.532867431640625;
2455096153.8473334;-85.403457641601562;
2455256410.2575898;-85.344223022460937;
2455416666.6678462;-85.398048400878906;
2455576923.0781026;-85.414520263671875;
2455737179.488359;-85.671791076660156;
2455897435.8986154;-85.750816345214844;
2456057692.3088717;-85.777961730957031;
2456217948.7191281;-85.816917419433594;
2456378205.1293845;-85.850090026855469;
2456538461.5396409;-85.828659057617188;
2456698717.9498973;-85.785728454589844;
2456858974.3601537;-85.811103820800781;
2457019230.7704101;-85.727645874023438;
2457179487.1806664;-85.816917419433594;
2457339743.5909228;-85.779914855957031;
2457500000.0011792;-85.791549682617188;
2457660256.4114356;-85.80712890625;
2457820512.8216925;-85.807159423828125;
2457980769.2319489;-85.830612182617188;
2458141025.6422052;-85.828590393066406;
2458301282.0524616;-85.842323303222656;
2458461538.462718;-85.77777099609375;
2458621794.8729744;-85.814949035644531;
2458782051.2832308;-85.7857666015625;
2458942307.6934872;-85.702598571777344;
2459102564.1037436;-85.551803588867188;
2459262820.5139999;-85.744926452636719;
2459423076.9242563;-85.709426879882813;
2459583333.3345127;-85.764442443847656;
2459743589.7447691;-85.768211364746094;
2459903846.1550255;-85.79150390625;
2460064102.5652819;-85.754737854003906;
2460224358.9755383;-85.822738647460938;
2460384615.3857946;-85.791618347167969;
2460544871.796051;-85.793540954589844;
2460705128.2063074;-85.838394165039063;
2460865384.6165643;-85.817977905273438;
2461025641.0268207;-85.842330932617187;
2461185897.437077;-85.811042785644531;
2461346153.8473334;-85.866973876953125;
2461506410.2575898;-85.837089538574219;
2461666666.6678462;-85.864707946777344;
2461826923.0781026;-85.807609558105469;
2461987179.488359;-85.824386596679688;
2462147435.8986154;-85.791984558105469;
2462307692.3088717;-85.819831848144531;
2462467948.7191281;-85.818016052246094;
2462628205.1293845;-85.773185729980469;
2462788461.5396409;-85.837028503417969;
2462948717.9498973;-85.826591491699219;
2463108974.3601537;-85.889411926269531;
2463269230.7704101;-85.797653198242188;
2463429487.1806664;-85.87713623046875;
2463589743.5909228;-85.802162170410156;
2463750000.0011792;-85.778045654296875;
2463910256.4114356;-85.777694702148438;
2464070512.8216925;-85.843887329101563;
2464230769.2319489;-85.826675415039063;
2464391025.6422052;-85.781471252441406;
2464551282.0524616;-85.833381652832031;
2464711538.462718;-85.81787109375;
2464871794.8729744;-85.898414611816406;
2465032051.2832308;-85.791816711425781;
2465192307.6934872;-85.85577392578125;
2465352564.1037436;-85.788528442382813;
2465512820.5139999;-85.846778869628906;
2465673076.9242563;-85.783210754394531;
2465833333.3345127;-85.824043273925781;
2465993589.7447691;-85.764358520507813;
2466153846.1550255;-85.777420043945313;
2466314102.5652819;-85.793754577636719;
2466474358.9755383;-85.73992919921875;
2466634615.3857946;-85.848098754882813;
2466794871.796051;-85.762359619140625;
2466955128.2063074;-85.787483215332031;
2467115384.6165643;-85.769989013671875;
2467275641.0268207;-85.781517028808594;
2467435897.437077;-85.801284790039063;
2467596153.8473334;-85.763847351074219;
2467756410.2575898;-85.799285888671875;
2467916666.6678462;-85.731033325195312;
2468076923.0781026;-85.822708129882813;
2468237179.488359;-85.690765380859375;
2468397435.8986154;-85.811088562011719;
2468557692.3088717;-85.652435302734375;
2468717948.7191281;-85.814910888671875;
2468878205.1293845;-85.648529052734375;
2469038461.5396409;-85.777305603027344;
2469198717.9498973;-85.673255920410156;
2469358974.3601537;-85.759117126464844;
2469519230.7704101;-85.690864562988281;
2469679487.1806664;-85.670372009277344;
2469839743.5909228;-85.717918395996094;
2470000000.0011792;-85.647651672363281;
2470160256.4114356;-85.783561706542969;
2470320512.8216925;-85.560379028320313;
2470480769.2319489;-85.750694274902344;
2470641025.6422052;-85.4622802734375;
2470801282.0524616;-85.59124755859375;
2470961538.462718;-85.450294494628906;
2471121794.8729744;-85.471572875976563;
2471282051.2832308;-85.437370300292969;
2471442307.6934872;-85.329910278320313;
2471602564.1037436;-85.450630187988281;
2471762820.5139999;-85.167915344238281;
2471923076.9242563;-85.478363037109375;
2472083333.3345127;-85.152229309082031;
2472243589.7447691;-85.600471496582031;
2472403846.1550255;-85.017768859863281;
2472564102.5652819;-85.417778015136719;
2472724358.9755383;-85.165290832519531;
2472884615.3857946;-85.395721435546875;
2473044871.796051;-85.184608459472656;
2473205128.2063074;-85.277732849121094;
2473365384.6165643;-85.387100219726563;
2473525641.0268207;-85.234588623046875;
2473685897.437077;-85.567855834960938;
2473846153.8473334;-85.328315734863281;
2474006410.2575898;-85.653892517089844;
2474166666.6678462;-85.431602478027344;
2474326923.0781026;-85.690322875976562;
2474487179.488359;-85.494010925292969;
2474647435.8986154;-85.593955993652344;
2474807692.3088717;-85.646659851074219;
2474967948.7191281;-85.583869934082031;
2475128205.1293845;-85.596878051757813;
2475288461.5396409;-85.639938354492188;
2475448717.9498973;-85.67498779296875;
2475608974.3601537;-85.61639404296875;
2475769230.7704101;-85.683250427246094;
2475929487.1806664;-85.629302978515625;
2476089743.5909228;-85.723724365234375;
2476250000.0011792;-85.604644775390625;
2476410256.4114356;-85.677581787109375;
2476570512.8216925;-85.595314025878906;
2476730769.2319489;-85.688957214355469;
2476891025.6422052;-85.606834411621094;
2477051282.0524616;-85.638923645019531;
2477211538.462718;-85.606819152832031;
2477371794.8729744;-85.616134643554688;
2477532051.2832308;-85.646812438964844;
2477692307.6934872;-85.606529235839844;
2477852564.1037436;-85.679420471191406;
2478012820.5139999;-85.587722778320312;
2478173076.9242563;-85.673759460449219;
2478333333.3345127;-85.629692077636719;
2478493589.7447691;-85.667892456054688;
2478653846.1550255;-85.667938232421875;
2478814102.5652819;-85.677536010742187;
2478974358.9755383;-85.737258911132813;
2479134615.3857946;-85.770240783691406;
2479294871.796051;-85.813056945800781;
2479455128.2063074;-85.756637573242188;
2479615384.6165643;-85.7935791015625;
2479775641.0268207;-85.779914855957031;
2479935897.437077;-85.787666320800781;
2480096153.8473334;-85.748947143554688;
2480256410.2575898;-85.753334045410156;
2480416666.6678462;-85.772163391113281;
2480576923.0781026;-85.805213928222656;
2480737179.488359;-85.816879272460938;
2480897435.8986154;-85.855964660644531;
2481057692.3088717;-85.893341064453125;
2481217948.7191281;-85.830535888671875;
2481378205.1293845;-85.863883972167969;
2481538461.5396409;-85.857994079589844;
2481698717.9498973;-85.85601806640625;
2481858974.3601537;-85.861900329589844;
2482019230.7704101;-85.891357421875;
2482179487.1806664;-85.87567138671875;
2482339743.5909228;-85.85015869140625;
2482500000.0011792;-85.88543701171875;
2482660256.4114356;-85.877616882324219;
2482820512.8216925;-85.883522033691406;
2482980769.2319489;-85.832572937011719;
2483141025.6422052;-85.818901062011719;
2483301282.0524616;-85.863876342773438;
2483461538.462718;-85.899269104003906;
2483621794.8729744;-85.913063049316406;
2483782051.2832308;-85.885452270507813;
2483942307.6934872;-85.913055419921875;
2484102564.1037436;-85.896148681640625;
2484262820.5139999;-85.926193237304688;
