Type;ESU;
Version;4.43;
Date;03.Jun 16;
Mode;ANALYZER;
Center Freq;2434262820.514000;Hz
Freq Offset;0.000000;Hz
Span;100000000.000000;Hz
x-Axis;LIN;
Start;2384262820.514000;Hz
Stop;2484262820.514000;Hz
Ref Level;-9.000000;dBm
Level Offset;0.000000;dB
Ref Position;100.000000;%
y-Axis;LOG;
Level Range;100.000000;dB
Rf Att;5.000000;dB
RBW;2000000.000000;Hz
VBW;30.000000;Hz
SWT;4.200000;s
Trace Mode;CLR/WRITE;
Detector;RMS;
Sweep Count;0;
Trace 1:;;
x-Unit;Hz;
y-Unit;dBm;
Values;625;
2384262820.5139999;-85.715240478515625;
2384423076.9242563;-85.736915588378906;
2384583333.3345127;-85.714187622070313;
2384743589.7447691;-85.718040466308594;
2384903846.1550255;-85.716117858886719;
2385064102.5652819;-85.714187622070313;
2385224358.9755383;-85.718040466308594;
2385384615.3857946;-85.714187622070313;
2385544871.796051;-85.714187622070313;
2385705128.2063074;-85.708412170410156;
2385865384.6165643;-85.718025207519531;
2386025641.0268207;-85.710334777832031;
2386185897.437077;-85.698783874511719;
2386346153.8473334;-85.704551696777344;
2386506410.2575898;-85.711189270019531;
2386666666.6678462;-85.727691650390625;
2386826923.0781026;-85.714187622070313;
2386987179.488359;-85.704559326171875;
2387147435.8986154;-85.708412170410156;
2387307692.3088717;-85.708412170410156;
2387467948.7191281;-85.708412170410156;
2387628205.1293845;-85.708412170410156;
2387788461.5396409;-85.718048095703125;
2387948717.9498973;-85.70648193359375;
2388108974.3601537;-85.698776245117188;
2388269230.7704101;-85.710334777832031;
2388429487.1806664;-85.691085815429687;
2388589743.5909228;-85.698776245117188;
2388750000.0011792;-85.683830261230469;
2388910256.4114356;-85.702621459960937;
2389070512.8216925;-85.710334777832031;
2389230769.2319489;-85.710334777832031;
2389391025.6422052;-85.714179992675781;
2389551282.0524616;-85.712265014648437;
2389711538.462718;-85.70648193359375;
2389871794.8729744;-85.710334777832031;
2390032051.2832308;-85.710334777832031;
2390192307.6934872;-85.708412170410156;
2390352564.1037436;-85.70263671875;
2390512820.5139999;-85.708412170410156;
2390673076.9242563;-85.698776245117188;
2390833333.3345127;-85.708412170410156;
2390993589.7447691;-85.700706481933594;
2391153846.1550255;-85.671890258789063;
2391314102.5652819;-85.679557800292969;
2391474358.9755383;-85.677635192871094;
2391634615.3857946;-85.677635192871094;
2391794871.796051;-85.708412170410156;
2391955128.2063074;-85.712265014648437;
2392115384.6165643;-85.70263671875;
2392275641.0268207;-85.70648193359375;
2392435897.437077;-85.702629089355469;
2392596153.8473334;-85.689163208007813;
2392756410.2575898;-85.6929931640625;
2392916666.6678462;-85.698768615722656;
2393076923.0781026;-85.669952392578125;
2393237179.488359;-85.639305114746094;
2393397435.8986154;-85.622154235839844;
2393557692.3088717;-85.641220092773438;
2393717948.7191281;-85.639549255371094;
2393878205.1293845;-85.60308837890625;
2394038461.5396409;-85.601165771484375;
2394198717.9498973;-85.606880187988281;
2394358974.3601537;-85.603065490722656;
2394519230.7704101;-85.589759826660156;
2394679487.1806664;-85.633590698242188;
2394839743.5909228;-85.627861022949219;
2395000000.0011792;-85.616416931152344;
2395160256.4114356;-85.625953674316406;
2395320512.8216925;-85.614524841308594;
2395480769.2319489;-85.612625122070313;
2395641025.6422052;-85.622138977050781;
2395801282.0524616;-85.61260986328125;
2395961538.462718;-85.616416931152344;
2396121794.8729744;-85.656539916992188;
2396282051.2832308;-85.681472778320312;
2396442307.6934872;-85.641220092773438;
2396602564.1037436;-85.614524841308594;
2396762820.5139999;-85.65313720703125;
2396923076.9242563;-85.652702331542969;
2397083333.3345127;-85.631690979003906;
2397243589.7447691;-85.637428283691406;
2397403846.1550255;-85.620246887207031;
2397564102.5652819;-85.608802795410156;
2397724358.9755383;-85.616432189941406;
2397884615.3857946;-85.616432189941406;
2398044871.796051;-85.622146606445313;
2398205128.2063074;-85.6202392578125;
2398365384.6165643;-85.618339538574219;
2398525641.0268207;-85.614524841308594;
2398685897.437077;-85.631690979003906;
2398846153.8473334;-85.622146606445313;
2399006410.2575898;-85.614517211914062;
2399166666.6678462;-85.614524841308594;
2399326923.0781026;-85.620246887207031;
2399487179.488359;-85.614517211914062;
2399647435.8986154;-85.612625122070313;
2399807692.3088717;-85.635498046875;
2399967948.7191281;-85.654640197753906;
2400128205.1293845;-85.624061584472656;
2400288461.5396409;-85.619186401367188;
2400448717.9498973;-85.606903076171875;
2400608974.3601537;-85.597389221191406;
2400769230.7704101;-85.603050231933594;
2400929487.1806664;-85.625961303710938;
2401089743.5909228;-85.620246887207031;
2401250000.0011792;-85.622154235839844;
2401410256.4114356;-85.620246887207031;
2401570512.8216925;-85.622146606445313;
2401730769.2319489;-85.622154235839844;
2401891025.6422052;-85.612617492675781;
2402051282.0524616;-85.616432189941406;
2402211538.462718;-85.616432189941406;
2402371794.8729744;-85.631690979003906;
2402532051.2832308;-85.616432189941406;
2402692307.6934872;-85.614524841308594;
2402852564.1037436;-85.6011962890625;
2403012820.5139999;-85.618339538574219;
2403173076.9242563;-85.63360595703125;
2403333333.3345127;-85.620246887207031;
2403493589.7447691;-85.624237060546875;
2403653846.1550255;-85.645050048828125;
2403814102.5652819;-85.616432189941406;
2403974358.9755383;-85.616432189941406;
2404134615.3857946;-85.625961303710938;
2404294871.796051;-85.612625122070313;
2404455128.2063074;-85.622154235839844;
2404615384.6165643;-85.618339538574219;
2404775641.0268207;-85.631690979003906;
2404935897.437077;-85.624061584472656;
2405096153.8473334;-85.620246887207031;
2405256410.2575898;-85.648872375488281;
2405416666.6678462;-85.65655517578125;
2405576923.0781026;-85.631668090820312;
2405737179.488359;-85.624053955078125;
2405897435.8986154;-85.622154235839844;
2406057692.3088717;-85.658454895019531;
2406217948.7191281;-85.629776000976563;
2406378205.1293845;-85.658462524414062;
2406538461.5396409;-85.643150329589844;
2406698717.9498973;-85.618339538574219;
2406858974.3601537;-85.635505676269531;
2407019230.7704101;-85.614524841308594;
2407179487.1806664;-85.639335632324219;
2407339743.5909228;-85.658462524414062;
2407500000.0011792;-85.625968933105469;
2407660256.4114356;-85.666130065917969;
2407820512.8216925;-85.664215087890625;
2407980769.2319489;-85.641242980957031;
2408141025.6422052;-85.639335632324219;
2408301282.0524616;-85.629783630371094;
2408461538.462718;-85.625968933105469;
2408621794.8729744;-85.629783630371094;
2408782051.2832308;-85.635505676269531;
2408942307.6934872;-85.693008422851562;
2409102564.1037436;-85.677642822265625;
2409262820.5139999;-85.696853637695313;
2409423076.9242563;-85.692367553710938;
2409583333.3345127;-85.702621459960937;
2409743589.7447691;-85.673805236816406;
2409903846.1550255;-85.650794982910156;
2410064102.5652819;-85.622146606445313;
2410224358.9755383;-85.622146606445313;
2410384615.3857946;-85.606895446777344;
2410544871.796051;-85.635513305664063;
2410705128.2063074;-85.629776000976563;
2410865384.6165643;-85.658462524414062;
2411025641.0268207;-85.669921875;
2411185897.437077;-85.702629089355469;
2411346153.8473334;-85.704559326171875;
2411506410.2575898;-85.705711364746094;
2411666666.6678462;-85.68914794921875;
2411826923.0781026;-85.641250610351563;
2411987179.488359;-85.641250610351563;
2412147435.8986154;-85.679542541503906;
2412307692.3088717;-85.704551696777344;
2412467948.7191281;-85.668045043945313;
2412628205.1293845;-85.669952392578125;
2412788461.5396409;-85.677635192871094;
2412948717.9498973;-85.681434631347656;
2413108974.3601537;-85.714179992675781;
2413269230.7704101;-85.708404541015625;
2413429487.1806664;-85.70648193359375;
2413589743.5909228;-85.70648193359375;
2413750000.0011792;-85.691070556640625;
2413910256.4114356;-85.666122436523438;
2414070512.8216925;-85.679550170898437;
2414230769.2319489;-85.685325622558594;
2414391025.6422052;-85.702629089355469;
2414551282.0524616;-85.70648193359375;
2414711538.462718;-85.70263671875;
2414871794.8729744;-85.704559326171875;
2415032051.2832308;-85.679557800292969;
2415192307.6934872;-85.67572021484375;
2415352564.1037436;-85.67572021484375;
2415512820.5139999;-85.70263671875;
2415673076.9242563;-85.708412170410156;
2415833333.3345127;-85.700706481933594;
2415993589.7447691;-85.70648193359375;
2416153846.1550255;-85.70648193359375;
2416314102.5652819;-85.70648193359375;
2416474358.9755383;-85.70648193359375;
2416634615.3857946;-85.704551696777344;
2416794871.796051;-85.662300109863281;
2416955128.2063074;-85.681465148925781;
2417115384.6165643;-85.708412170410156;
2417275641.0268207;-85.693000793457031;
2417435897.437077;-85.700698852539063;
2417596153.8473334;-85.691085815429687;
2417756410.2575898;-85.698776245117188;
2417916666.6678462;-85.700698852539063;
2418076923.0781026;-85.67572021484375;
2418237179.488359;-85.679557800292969;
2418397435.8986154;-85.671859741210938;
2418557692.3088717;-85.625961303710938;
2418717948.7191281;-85.633598327636719;
2418878205.1293845;-85.689163208007813;
2419038461.5396409;-85.658462524414062;
2419198717.9498973;-85.666122436523438;
2419358974.3601537;-85.71417236328125;
2419519230.7704101;-85.669967651367188;
2419679487.1806664;-85.639320373535156;
2419839743.5909228;-85.673805236816406;
2420000000.0011792;-85.694931030273438;
2420160256.4114356;-85.693008422851562;
2420320512.8216925;-85.677642822265625;
2420480769.2319489;-85.669960021972656;
2420641025.6422052;-85.677635192871094;
2420801282.0524616;-85.696861267089844;
2420961538.462718;-85.710334777832031;
2421121794.8729744;-85.691078186035156;
2421282051.2832308;-85.666130065917969;
2421442307.6934872;-85.683380126953125;
2421602564.1037436;-85.677627563476562;
2421762820.5139999;-85.671890258789063;
2421923076.9242563;-85.696853637695313;
2422083333.3345127;-85.702621459960937;
2422243589.7447691;-85.689155578613281;
2422403846.1550255;-85.710334777832031;
2422564102.5652819;-85.698783874511719;
2422724358.9755383;-85.70263671875;
2422884615.3857946;-85.698776245117188;
2423044871.796051;-85.656547546386719;
2423205128.2063074;-85.671890258789063;
2423365384.6165643;-85.639328002929688;
2423525641.0268207;-85.625961303710938;
2423685897.437077;-85.656547546386719;
2423846153.8473334;-85.700698852539063;
2424006410.2575898;-85.70648193359375;
2424166666.6678462;-85.710334777832031;
2424326923.0781026;-85.70648193359375;
2424487179.488359;-85.700698852539063;
2424647435.8986154;-85.658470153808594;
2424807692.3088717;-85.694931030273438;
2424967948.7191281;-85.708404541015625;
2425128205.1293845;-85.714187622070313;
2425288461.5396409;-85.708412170410156;
2425448717.9498973;-85.660346984863281;
2425608974.3601537;-85.629768371582031;
2425769230.7704101;-85.698776245117188;
2425929487.1806664;-85.711189270019531;
2426089743.5909228;-85.708412170410156;
2426250000.0011792;-85.712257385253906;
2426410256.4114356;-85.70648193359375;
2426570512.8216925;-85.704559326171875;
2426730769.2319489;-85.710334777832031;
2426891025.6422052;-85.70648193359375;
2427051282.0524616;-85.708412170410156;
2427211538.462718;-85.708412170410156;
2427371794.8729744;-85.710334777832031;
2427532051.2832308;-85.710334777832031;
2427692307.6934872;-85.714187622070313;
2427852564.1037436;-85.675712585449219;
2428012820.5139999;-85.696846008300781;
2428173076.9242563;-85.671867370605469;
2428333333.3345127;-85.591514587402344;
2428493589.7447691;-85.568794250488281;
2428653846.1550255;-85.509391784667969;
2428814102.5652819;-85.442230224609375;
2428974358.9755383;-85.259101867675781;
2429134615.3857946;-85.018363952636719;
2429294871.796051;-84.702835083007813;
2429455128.2063074;-84.205696105957031;
2429615384.6165643;-83.449363708496094;
2429775641.0268207;-82.773674011230469;
2429935897.437077;-82.009140014648437;
2430096153.8473334;-80.889427185058594;
2430256410.2575898;-79.4049072265625;
2430416666.6678462;-77.847679138183594;
2430576923.0781026;-75.732658386230469;
2430737179.488359;-73.810981750488281;
2430897435.8986154;-71.797836303710938;
2431057692.3088717;-69.831581115722656;
2431217948.7191281;-68.648025512695313;
2431378205.1293845;-67.486099243164062;
2431538461.5396409;-65.700050354003906;
2431698717.9498973;-64.190948486328125;
2431858974.3601537;-62.239799499511719;
2432019230.7704101;-59.893226623535156;
2432179487.1806664;-58.157066345214844;
2432339743.5909228;-56.559589385986328;
2432500000.0011792;-55.140342712402344;
2432660256.4114356;-54.237113952636719;
2432820512.8216925;-53.261066436767578;
2432980769.2319489;-52.257125854492188;
2433141025.6422052;-51.305400848388672;
2433301282.0524616;-49.751438140869141;
2433461538.462718;-48.019557952880859;
2433621794.8729744;-46.995594024658203;
2433782051.2832308;-46.082695007324219;
2433942307.6934872;-45.390911102294922;
2434102564.1037436;-45.210994720458984;
2434262820.5139999;-44.853656768798828;
2434423076.9242563;-44.501792907714844;
2434583333.3345127;-44.211620330810547;
2434743589.7447691;-43.788112640380859;
2434903846.1550255;-43.611587524414063;
2435064102.5652819;-43.681446075439453;
2435224358.9755383;-44.097320556640625;
2435384615.3857946;-45.075439453125;
2435544871.796051;-46.119979858398437;
2435705128.2063074;-47.159294128417969;
2435865384.6165643;-48.118160247802734;
2436025641.0268207;-48.803184509277344;
2436185897.437077;-49.728752136230469;
2436346153.8473334;-50.82647705078125;
2436506410.2575898;-51.813213348388672;
2436666666.6678462;-53.280784606933594;
2436826923.0781026;-55.009181976318359;
2436987179.488359;-56.640842437744141;
2437147435.8986154;-58.530742645263672;
2437307692.3088717;-59.985687255859375;
2437467948.7191281;-60.869693756103516;
2437628205.1293845;-62.007427215576172;
2437788461.5396409;-63.334804534912109;
2437948717.9498973;-64.533782958984375;
2438108974.3601537;-66.280540466308594;
2438269230.7704101;-68.07611083984375;
2438429487.1806664;-69.763885498046875;
2438589743.5909228;-71.674537658691406;
2438750000.0011792;-73.045387268066406;
2438910256.4114356;-73.891983032226563;
2439070512.8216925;-75.105621337890625;
2439230769.2319489;-76.39447021484375;
2439391025.6422052;-77.781074523925781;
2439551282.0524616;-79.678825378417969;
2439711538.462718;-81.319931030273437;
2439871794.8729744;-82.560089111328125;
2440032051.2832308;-83.66168212890625;
2440192307.6934872;-84.263107299804688;
2440352564.1037436;-84.660423278808594;
2440512820.5139999;-85.042182922363281;
2440673076.9242563;-85.309120178222656;
2440833333.3345127;-85.470779418945313;
2440993589.7447691;-85.6278076171875;
2441153846.1550255;-85.741157531738281;
2441314102.5652819;-85.733482360839844;
2441474358.9755383;-85.787712097167969;
2441634615.3857946;-85.809158325195313;
2441794871.796051;-85.824760437011719;
2441955128.2063074;-85.813056945800781;
2442115384.6165643;-85.815010070800781;
2442275641.0268207;-85.816963195800781;
2442435897.437077;-85.81890869140625;
2442596153.8473334;-85.805259704589844;
2442756410.2575898;-85.82086181640625;
2442916666.6678462;-85.815010070800781;
2443076923.0781026;-85.81890869140625;
2443237179.488359;-85.815010070800781;
2443397435.8986154;-85.81890869140625;
2443557692.3088717;-85.809150695800781;
2443717948.7191281;-83.137985229492188;
2443878205.1293845;-84.759407043457031;
2444038461.5396409;-85.517013549804688;
2444198717.9498973;-85.723777770996094;
2444358974.3601537;-85.485740661621094;
2444519230.7704101;-84.668022155761719;
2444679487.1806664;-85.155227661132813;
2444839743.5909228;-85.561050415039063;
2445000000.0011792;-85.623825073242188;
2445160256.4114356;-85.752799987792969;
2445320512.8216925;-85.816963195800781;
2445480769.2319489;-85.815010070800781;
2445641025.6422052;-85.811103820800781;
2445801282.0524616;-85.816963195800781;
2445961538.462718;-85.805267333984375;
2446121794.8729744;-85.770271301269531;
2446282051.2832308;-85.799407958984375;
2446442307.6934872;-85.815010070800781;
2446602564.1037436;-85.81890869140625;
2446762820.5139999;-85.828666687011719;
2446923076.9242563;-85.824760437011719;
2447083333.3345127;-85.826713562011719;
2447243589.7447691;-85.81890869140625;
2447403846.1550255;-85.811103820800781;
2447564102.5652819;-85.819778442382813;
2447724358.9755383;-85.811111450195313;
2447884615.3857946;-85.81890869140625;
2448044871.796051;-85.809127807617188;
2448205128.2063074;-85.816963195800781;
2448365384.6165643;-85.813056945800781;
2448525641.0268207;-85.815010070800781;
2448685897.437077;-85.81890869140625;
2448846153.8473334;-85.82281494140625;
2449006410.2575898;-85.81890869140625;
2449166666.6678462;-85.788581848144531;
2449326923.0781026;-85.81890869140625;
2449487179.488359;-85.811103820800781;
2449647435.8986154;-85.82476806640625;
2449807692.3088717;-85.81890869140625;
2449967948.7191281;-85.815010070800781;
2450128205.1293845;-85.814994812011719;
2450288461.5396409;-85.828666687011719;
2450448717.9498973;-85.816963195800781;
2450608974.3601537;-85.81890869140625;
2450769230.7704101;-85.815010070800781;
2450929487.1806664;-85.823249816894531;
2451089743.5909228;-85.82086181640625;
2451250000.0011792;-85.805267333984375;
2451410256.4114356;-85.7935791015625;
2451570512.8216925;-85.779983520507813;
2451730769.2319489;-85.803306579589844;
2451891025.6422052;-85.370834350585937;
2452051282.0524616;-85.465057373046875;
2452211538.462718;-85.606880187988281;
2452371794.8729744;-85.625961303710938;
2452532051.2832308;-85.618339538574219;
2452692307.6934872;-85.313087463378906;
2452852564.1037436;-85.500419616699219;
2453012820.5139999;-85.685195922851562;
2453173076.9242563;-85.777969360351563;
2453333333.3345127;-85.791572570800781;
2453493589.7447691;-85.815010070800781;
2453653846.1550255;-85.814994812011719;
2453814102.5652819;-85.82281494140625;
2453974358.9755383;-85.828666687011719;
2454134615.3857946;-85.81890869140625;
2454294871.796051;-85.826713562011719;
2454455128.2063074;-85.812835693359375;
2454615384.6165643;-85.81304931640625;
2454775641.0268207;-85.832572937011719;
2454935897.437077;-85.824760437011719;
2455096153.8473334;-85.820854187011719;
2455256410.2575898;-85.82086181640625;
2455416666.6678462;-85.830619812011719;
2455576923.0781026;-85.775711059570313;
2455737179.488359;-85.625877380371094;
2455897435.8986154;-85.693008422851562;
2456057692.3088717;-85.702629089355469;
2456217948.7191281;-85.671875;
2456378205.1293845;-85.702560424804688;
2456538461.5396409;-85.80584716796875;
2456698717.9498973;-85.816963195800781;
2456858974.3601537;-85.844284057617188;
2457019230.7704101;-85.828659057617188;
2457179487.1806664;-85.700302124023438;
2457339743.5909228;-85.704391479492188;
2457500000.0011792;-85.658348083496094;
2457660256.4114356;-85.704551696777344;
2457820512.8216925;-85.696731567382812;
2457980769.2319489;-85.818885803222656;
2458141025.6422052;-85.754722595214844;
2458301282.0524616;-85.820854187011719;
2458461538.462718;-85.700859069824219;
2458621794.8729744;-85.706436157226562;
2458782051.2832308;-85.743080139160156;
2458942307.6934872;-85.774147033691406;
2459102564.1037436;-85.791618347167969;
2459262820.5139999;-85.81304931640625;
2459423076.9242563;-85.834526062011719;
2459583333.3345127;-85.820854187011719;
2459743589.7447691;-85.820831298828125;
2459903846.1550255;-85.87567138671875;
2460064102.5652819;-85.848213195800781;
2460224358.9755383;-85.82281494140625;
2460384615.3857946;-85.854095458984375;
2460544871.796051;-85.82476806640625;
2460705128.2063074;-85.836471557617188;
2460865384.6165643;-85.893363952636719;
2461025641.0268207;-85.897300720214844;
2461185897.437077;-85.907150268554688;
2461346153.8473334;-85.895332336425781;
2461506410.2575898;-85.907150268554688;
2461666666.6678462;-85.909126281738281;
2461826923.0781026;-85.899261474609375;
2461987179.488359;-85.9139404296875;
2462147435.8986154;-85.903213500976563;
2462307692.3088717;-85.905174255371094;
2462467948.7191281;-85.863883972167969;
2462628205.1293845;-85.887458801269531;
2462788461.5396409;-85.871742248535156;
2462948717.9498973;-85.889419555664063;
2463108974.3601537;-85.907150268554688;
2463269230.7704101;-85.903205871582031;
2463429487.1806664;-85.91107177734375;
2463589743.5909228;-85.907142639160156;
2463750000.0011792;-85.930824279785156;
2463910256.4114356;-85.918983459472656;
2464070512.8216925;-85.891365051269531;
2464230769.2319489;-85.867820739746094;
2464391025.6422052;-85.892929077148438;
2464551282.0524616;-85.897300720214844;
2464711538.462718;-85.89532470703125;
2464871794.8729744;-85.90911865234375;
2465032051.2832308;-85.887458801269531;
2465192307.6934872;-85.905174255371094;
2465352564.1037436;-85.90911865234375;
2465512820.5139999;-85.901237487792969;
2465673076.9242563;-85.895317077636719;
2465833333.3345127;-85.887466430664063;
2465993589.7447691;-85.858024597167969;
2466153846.1550255;-85.883506774902344;
2466314102.5652819;-85.87567138671875;
2466474358.9755383;-85.889434814453125;
2466634615.3857946;-85.895332336425781;
2466794871.796051;-85.9031982421875;
2466955128.2063074;-85.89532470703125;
2467115384.6165643;-85.908683776855469;
2467275641.0268207;-85.895317077636719;
2467435897.437077;-85.873710632324219;
2467596153.8473334;-85.87567138671875;
2467756410.2575898;-85.891380310058594;
2467916666.6678462;-85.90911865234375;
2468076923.0781026;-85.875679016113281;
2468237179.488359;-85.879600524902344;
2468397435.8986154;-85.84625244140625;
2468557692.3088717;-85.889434814453125;
2468717948.7191281;-85.867813110351563;
2468878205.1293845;-85.87762451171875;
2469038461.5396409;-85.899269104003906;
2469198717.9498973;-85.893356323242187;
2469358974.3601537;-85.90911865234375;
2469519230.7704101;-85.907127380371094;
2469679487.1806664;-85.89532470703125;
2469839743.5909228;-85.863899230957031;
2470000000.0011792;-85.856048583984375;
2470160256.4114356;-85.828666687011719;
2470320512.8216925;-85.8319091796875;
2470480769.2319489;-85.852134704589844;
2470641025.6422052;-85.83447265625;
2470801282.0524616;-85.846237182617187;
2470961538.462718;-85.86187744140625;
2471121794.8729744;-85.812904357910156;
2471282051.2832308;-85.772140502929687;
2471442307.6934872;-85.785743713378906;
2471602564.1037436;-85.785743713378906;
2471762820.5139999;-85.772026062011719;
2471923076.9242563;-85.785736083984375;
2472083333.3345127;-85.779853820800781;
2472243589.7447691;-85.766304016113281;
2472403846.1550255;-85.748855590820313;
2472564102.5652819;-85.729393005371094;
2472724358.9755383;-85.679389953613281;
2472884615.3857946;-85.737213134765625;
2473044871.796051;-85.729316711425781;
2473205128.2063074;-85.706092834472656;
2473365384.6165643;-85.667839050292969;
2473525641.0268207;-85.721748352050781;
2473685897.437077;-85.748825073242188;
2473846153.8473334;-85.756484985351563;
2474006410.2575898;-85.769393920898437;
2474166666.6678462;-85.766281127929688;
2474326923.0781026;-85.79150390625;
2474487179.488359;-85.760513305664062;
2474647435.8986154;-85.770179748535156;
2474807692.3088717;-85.789657592773438;
2474967948.7191281;-85.840377807617188;
2475128205.1293845;-85.859939575195313;
2475288461.5396409;-85.838424682617187;
2475448717.9498973;-85.832572937011719;
2475608974.3601537;-85.820854187011719;
2475769230.7704101;-85.824714660644531;
2475929487.1806664;-85.803268432617188;
2476089743.5909228;-85.81304931640625;
2476250000.0011792;-85.813041687011719;
2476410256.4114356;-85.854095458984375;
2476570512.8216925;-85.877639770507813;
2476730769.2319489;-85.901237487792969;
2476891025.6422052;-85.901237487792969;
2477051282.0524616;-85.891387939453125;
2477211538.462718;-85.871749877929688;
2477371794.8729744;-85.9031982421875;
2477532051.2832308;-85.899246215820313;
2477692307.6934872;-85.84039306640625;
2477852564.1037436;-85.834518432617188;
2478012820.5139999;-85.87762451171875;
2478173076.9242563;-85.913063049316406;
2478333333.3345127;-85.905174255371094;
2478493589.7447691;-85.9139404296875;
2478653846.1550255;-85.907150268554688;
2478814102.5652819;-85.897300720214844;
2478974358.9755383;-85.897300720214844;
2479134615.3857946;-85.9150390625;
2479294871.796051;-85.885475158691406;
2479455128.2063074;-85.859954833984375;
2479615384.6165643;-85.907150268554688;
2479775641.0268207;-85.9150390625;
2479935897.437077;-85.913063049316406;
2480096153.8473334;-85.897293090820313;
2480256410.2575898;-85.9150390625;
2480416666.6678462;-85.899261474609375;
2480576923.0781026;-85.887458801269531;
2480737179.488359;-85.895332336425781;
2480897435.8986154;-85.913063049316406;
2481057692.3088717;-85.879600524902344;
2481217948.7191281;-85.901222229003906;
2481378205.1293845;-85.9150390625;
2481538461.5396409;-85.907150268554688;
2481698717.9498973;-85.909126281738281;
2481858974.3601537;-85.913063049316406;
2482019230.7704101;-85.917007446289062;
2482179487.1806664;-85.917015075683594;
2482339743.5909228;-85.930839538574219;
2482500000.0011792;-85.911094665527344;
2482660256.4114356;-85.9150390625;
2482820512.8216925;-85.909126281738281;
2482980769.2319489;-85.911079406738281;
2483141025.6422052;-85.907150268554688;
2483301282.0524616;-85.903205871582031;
2483461538.462718;-85.9150390625;
2483621794.8729744;-85.90911865234375;
2483782051.2832308;-85.918983459472656;
2483942307.6934872;-85.924903869628906;
2484102564.1037436;-85.911094665527344;
2484262820.5139999;-85.9150390625;
