Type;ESU;
Version;4.43;
Date;03.Jun 16;
Mode;ANALYZER;
Center Freq;2434262820.514000;Hz
Freq Offset;0.000000;Hz
Span;100000000.000000;Hz
x-Axis;LIN;
Start;2384262820.514000;Hz
Stop;2484262820.514000;Hz
Ref Level;-9.000000;dBm
Level Offset;0.000000;dB
Ref Position;100.000000;%
y-Axis;LOG;
Level Range;100.000000;dB
Rf Att;5.000000;dB
RBW;2000000.000000;Hz
VBW;30.000000;Hz
SWT;4.200000;s
Trace Mode;CLR/WRITE;
Detector;RMS;
Sweep Count;0;
Trace 1:;;
x-Unit;Hz;
y-Unit;dBm;
Values;625;
2384262820.5139999;-85.725761413574219;
2384423076.9242563;-85.721893310546875;
2384583333.3345127;-85.710334777832031;
2384743589.7447691;-85.712265014648437;
2384903846.1550255;-85.714187622070313;
2385064102.5652819;-85.700698852539063;
2385224358.9755383;-85.710334777832031;
2385384615.3857946;-85.710334777832031;
2385544871.796051;-85.718040466308594;
2385705128.2063074;-85.718048095703125;
2385865384.6165643;-85.712265014648437;
2386025641.0268207;-85.712265014648437;
2386185897.437077;-85.708404541015625;
2386346153.8473334;-85.711189270019531;
2386506410.2575898;-85.708396911621094;
2386666666.6678462;-85.718048095703125;
2386826923.0781026;-85.737350463867188;
2386987179.488359;-85.716117858886719;
2387147435.8986154;-85.714187622070313;
2387307692.3088717;-85.708412170410156;
2387467948.7191281;-85.708412170410156;
2387628205.1293845;-85.725761413574219;
2387788461.5396409;-85.70648193359375;
2387948717.9498973;-85.706466674804688;
2388108974.3601537;-85.714179992675781;
2388269230.7704101;-85.708412170410156;
2388429487.1806664;-85.712905883789063;
2388589743.5909228;-85.712265014648437;
2388750000.0011792;-85.708412170410156;
2388910256.4114356;-85.710334777832031;
2389070512.8216925;-85.708412170410156;
2389230769.2319489;-85.70648193359375;
2389391025.6422052;-85.718040466308594;
2389551282.0524616;-85.714187622070313;
2389711538.462718;-85.689170837402344;
2389871794.8729744;-85.689170837402344;
2390032051.2832308;-85.694915771484375;
2390192307.6934872;-85.67572021484375;
2390352564.1037436;-85.666114807128906;
2390512820.5139999;-85.710334777832031;
2390673076.9242563;-85.698768615722656;
2390833333.3345127;-85.685531616210938;
2390993589.7447691;-85.693008422851562;
2391153846.1550255;-85.708412170410156;
2391314102.5652819;-85.696853637695313;
2391474358.9755383;-85.683403015136719;
2391634615.3857946;-85.679557800292969;
2391794871.796051;-85.698783874511719;
2391955128.2063074;-85.70648193359375;
2392115384.6165643;-85.70648193359375;
2392275641.0268207;-85.698768615722656;
2392435897.437077;-85.646980285644531;
2392596153.8473334;-85.648895263671875;
2392756410.2575898;-85.643157958984375;
2392916666.6678462;-85.62786865234375;
2393076923.0781026;-85.652702331542969;
2393237179.488359;-85.658462524414062;
2393397435.8986154;-85.636138916015625;
2393557692.3088717;-85.618339538574219;
2393717948.7191281;-85.616432189941406;
2393878205.1293845;-85.620246887207031;
2394038461.5396409;-85.608802795410156;
2394198717.9498973;-85.635482788085937;
2394358974.3601537;-85.612617492675781;
2394519230.7704101;-85.61260986328125;
2394679487.1806664;-85.62786865234375;
2394839743.5909228;-85.618301391601563;
2395000000.0011792;-85.622123718261719;
2395160256.4114356;-85.593544006347656;
2395320512.8216925;-85.5992431640625;
2395480769.2319489;-85.591598510742188;
2395641025.6422052;-85.572677612304688;
2395801282.0524616;-85.566993713378906;
2395961538.462718;-85.549964904785156;
2396121794.8729744;-85.557533264160156;
2396282051.2832308;-85.592063903808594;
2396442307.6934872;-85.608802795410156;
2396602564.1037436;-85.610710144042969;
2396762820.5139999;-85.606857299804688;
2396923076.9242563;-85.6202392578125;
2397083333.3345127;-85.618331909179687;
2397243589.7447691;-85.612602233886719;
2397403846.1550255;-85.624031066894531;
2397564102.5652819;-85.608802795410156;
2397724358.9755383;-85.616416931152344;
2397884615.3857946;-85.60498046875;
2398044871.796051;-85.612617492675781;
2398205128.2063074;-85.633583068847656;
2398365384.6165643;-85.631683349609375;
2398525641.0268207;-85.612617492675781;
2398685897.437077;-85.595481872558594;
2398846153.8473334;-85.587882995605469;
2399006410.2575898;-85.614524841308594;
2399166666.6678462;-85.612625122070313;
2399326923.0781026;-85.610694885253906;
2399487179.488359;-85.603927612304688;
2399647435.8986154;-85.620246887207031;
2399807692.3088717;-85.618331909179687;
2399967948.7191281;-85.612625122070313;
2400128205.1293845;-85.6107177734375;
2400288461.5396409;-85.618339538574219;
2400448717.9498973;-85.616416931152344;
2400608974.3601537;-85.614524841308594;
2400769230.7704101;-85.601181030273438;
2400929487.1806664;-85.567008972167969;
2401089743.5909228;-85.563217163085938;
2401250000.0011792;-85.610710144042969;
2401410256.4114356;-85.612617492675781;
2401570512.8216925;-85.591659545898438;
2401730769.2319489;-85.56890869140625;
2401891025.6422052;-85.616386413574219;
2402051282.0524616;-85.633590698242188;
2402211538.462718;-85.629776000976563;
2402371794.8729744;-85.618339538574219;
2402532051.2832308;-85.618339538574219;
2402692307.6934872;-85.608802795410156;
2402852564.1037436;-85.580284118652344;
2403012820.5139999;-85.618339538574219;
2403173076.9242563;-85.582183837890625;
2403333333.3345127;-85.566795349121094;
2403493589.7447691;-85.567001342773437;
2403653846.1550255;-85.620231628417969;
2403814102.5652819;-85.61260986328125;
2403974358.9755383;-85.618339538574219;
2404134615.3857946;-85.599281311035156;
2404294871.796051;-85.601188659667969;
2404455128.2063074;-85.582191467285156;
2404615384.6165643;-85.585983276367188;
2404775641.0268207;-85.608810424804688;
2404935897.437077;-85.614517211914062;
2405096153.8473334;-85.610710144042969;
2405256410.2575898;-85.614105224609375;
2405416666.6678462;-85.593574523925781;
2405576923.0781026;-85.6202392578125;
2405737179.488359;-85.6412353515625;
2405897435.8986154;-85.62786865234375;
2406057692.3088717;-85.614524841308594;
2406217948.7191281;-85.614524841308594;
2406378205.1293845;-85.622154235839844;
2406538461.5396409;-85.622146606445313;
2406698717.9498973;-85.620231628417969;
2406858974.3601537;-85.618331909179687;
2407019230.7704101;-85.612396240234375;
2407179487.1806664;-85.601181030273438;
2407339743.5909228;-85.616416931152344;
2407500000.0011792;-85.618339538574219;
2407660256.4114356;-85.624061584472656;
2407820512.8216925;-85.616432189941406;
2407980769.2319489;-85.625961303710938;
2408141025.6422052;-85.60308837890625;
2408301282.0524616;-85.606903076171875;
2408461538.462718;-85.624053955078125;
2408621794.8729744;-85.608802795410156;
2408782051.2832308;-85.618331909179687;
2408942307.6934872;-85.616432189941406;
2409102564.1037436;-85.624061584472656;
2409262820.5139999;-85.648040771484375;
2409423076.9242563;-85.658462524414062;
2409583333.3345127;-85.622154235839844;
2409743589.7447691;-85.618309020996094;
2409903846.1550255;-85.645065307617188;
2410064102.5652819;-85.625961303710938;
2410224358.9755383;-85.654632568359375;
2410384615.3857946;-85.673789978027344;
2410544871.796051;-85.660369873046875;
2410705128.2063074;-85.622154235839844;
2410865384.6165643;-85.622146606445313;
2411025641.0268207;-85.625961303710938;
2411185897.437077;-85.597396850585938;
2411346153.8473334;-85.614082336425781;
2411506410.2575898;-85.642822265625;
2411666666.6678462;-85.673797607421875;
2411826923.0781026;-85.669960021972656;
2411987179.488359;-85.635505676269531;
2412147435.8986154;-85.664215087890625;
2412307692.3088717;-85.635498046875;
2412467948.7191281;-85.622581481933594;
2412628205.1293845;-85.621604919433594;
2412788461.5396409;-85.625961303710938;
2412948717.9498973;-85.656547546386719;
2413108974.3601537;-85.668479919433594;
2413269230.7704101;-85.637413024902344;
2413429487.1806664;-85.623786926269531;
2413589743.5909228;-85.639511108398438;
2413750000.0011792;-85.698226928710937;
2413910256.4114356;-85.683807373046875;
2414070512.8216925;-85.685295104980469;
2414230769.2319489;-85.704559326171875;
2414391025.6422052;-85.694931030273438;
2414551282.0524616;-85.643142700195313;
2414711538.462718;-85.635513305664063;
2414871794.8729744;-85.64996337890625;
2415032051.2832308;-85.685516357421875;
2415192307.6934872;-85.669677734375;
2415352564.1037436;-85.7060546875;
2415512820.5139999;-85.696022033691406;
2415673076.9242563;-85.670181274414063;
2415833333.3345127;-85.680656433105469;
2415993589.7447691;-85.675285339355469;
2416153846.1550255;-85.71142578125;
2416314102.5652819;-85.710334777832031;
2416474358.9755383;-85.696853637695313;
2416634615.3857946;-85.70263671875;
2416794871.796051;-85.700706481933594;
2416955128.2063074;-85.681472778320312;
2417115384.6165643;-85.689163208007813;
2417275641.0268207;-85.700691223144531;
2417435897.437077;-85.681480407714844;
2417596153.8473334;-85.679550170898437;
2417756410.2575898;-85.675712585449219;
2417916666.6678462;-85.691085815429687;
2418076923.0781026;-85.691078186035156;
2418237179.488359;-85.669960021972656;
2418397435.8986154;-85.650810241699219;
2418557692.3088717;-85.677642822265625;
2418717948.7191281;-85.700706481933594;
2418878205.1293845;-85.698783874511719;
2419038461.5396409;-85.694931030273438;
2419198717.9498973;-85.671844482421875;
2419358974.3601537;-85.679542541503906;
2419519230.7704101;-85.704559326171875;
2419679487.1806664;-85.70648193359375;
2419839743.5909228;-85.677642822265625;
2420000000.0011792;-85.648887634277344;
2420160256.4114356;-85.633598327636719;
2420320512.8216925;-85.620246887207031;
2420480769.2319489;-85.650772094726563;
2420641025.6422052;-85.65655517578125;
2420801282.0524616;-85.631690979003906;
2420961538.462718;-85.645072937011719;
2421121794.8729744;-85.635513305664063;
2421282051.2832308;-85.618339538574219;
2421442307.6934872;-85.641242980957031;
2421602564.1037436;-85.658462524414062;
2421762820.5139999;-85.648895263671875;
2421923076.9242563;-85.660385131835938;
2422083333.3345127;-85.624061584472656;
2422243589.7447691;-85.637413024902344;
2422403846.1550255;-85.671890258789063;
2422564102.5652819;-85.654632568359375;
2422724358.9755383;-85.650802612304688;
2422884615.3857946;-85.687248229980469;
2423044871.796051;-85.662284851074219;
2423205128.2063074;-85.669960021972656;
2423365384.6165643;-85.654632568359375;
2423525641.0268207;-85.641250610351563;
2423685897.437077;-85.648895263671875;
2423846153.8473334;-85.625968933105469;
2424006410.2575898;-85.624061584472656;
2424166666.6678462;-85.627876281738281;
2424326923.0781026;-85.629783630371094;
2424487179.488359;-85.616432189941406;
2424647435.8986154;-85.622154235839844;
2424807692.3088717;-85.620246887207031;
2424967948.7191281;-85.612617492675781;
2425128205.1293845;-85.662261962890625;
2425288461.5396409;-85.641250610351563;
2425448717.9498973;-85.620880126953125;
2425608974.3601537;-85.616424560546875;
2425769230.7704101;-85.633590698242188;
2425929487.1806664;-85.650802612304688;
2426089743.5909228;-85.627861022949219;
2426250000.0011792;-85.633598327636719;
2426410256.4114356;-85.645050048828125;
2426570512.8216925;-85.620246887207031;
2426730769.2319489;-85.614517211914062;
2426891025.6422052;-85.606895446777344;
2427051282.0524616;-85.5821533203125;
2427211538.462718;-85.582138061523438;
2427371794.8729744;-85.572677612304688;
2427532051.2832308;-85.465171813964844;
2427692307.6934872;-85.354812622070312;
2427852564.1037436;-85.229393005371094;
2428012820.5139999;-85.136711120605469;
2428173076.9242563;-84.836563110351563;
2428333333.3345127;-84.403800964355469;
2428493589.7447691;-84.01800537109375;
2428653846.1550255;-83.437881469726563;
2428814102.5652819;-82.719703674316406;
2428974358.9755383;-81.93975830078125;
2429134615.3857946;-80.350860595703125;
2429294871.796051;-78.700386047363281;
2429455128.2063074;-77.498992919921875;
2429615384.6165643;-75.104461669921875;
2429775641.0268207;-73.252967834472656;
2429935897.437077;-71.71893310546875;
2430096153.8473334;-69.519950866699219;
2430256410.2575898;-67.8211669921875;
2430416666.6678462;-66.513427734375;
2430576923.0781026;-64.183967590332031;
2430737179.488359;-62.527412414550781;
2430897435.8986154;-61.136653900146484;
2431057692.3088717;-58.915668487548828;
2431217948.7191281;-57.181125640869141;
2431378205.1293845;-55.833454132080078;
2431538461.5396409;-53.8524169921875;
2431698717.9498973;-52.391403198242188;
2431858974.3601537;-51.027534484863281;
2432019230.7704101;-49.242656707763672;
2432179487.1806664;-47.910793304443359;
2432339743.5909228;-46.707172393798828;
2432500000.0011792;-44.884696960449219;
2432660256.4114356;-43.563343048095703;
2432820512.8216925;-42.481746673583984;
2432980769.2319489;-40.911148071289063;
2433141025.6422052;-39.873805999755859;
2433301282.0524616;-38.949516296386719;
2433461538.462718;-37.680984497070313;
2433621794.8729744;-36.842552185058594;
2433782051.2832308;-36.140953063964844;
2433942307.6934872;-35.220375061035156;
2434102564.1037436;-34.706867218017578;
2434262820.5139999;-34.26934814453125;
2434423076.9242563;-33.877071380615234;
2434583333.3345127;-33.727104187011719;
2434743589.7447691;-33.6490478515625;
2434903846.1550255;-33.799732208251953;
2435064102.5652819;-34.0614013671875;
2435224358.9755383;-34.411998748779297;
2435384615.3857946;-35.110679626464844;
2435544871.796051;-35.742870330810547;
2435705128.2063074;-36.476776123046875;
2435865384.6165643;-37.610446929931641;
2436025641.0268207;-38.472667694091797;
2436185897.437077;-39.435916900634766;
2436346153.8473334;-40.921123504638672;
2436506410.2575898;-41.927322387695313;
2436666666.6678462;-43.079032897949219;
2436826923.0781026;-44.67388916015625;
2436987179.488359;-45.806072235107422;
2437147435.8986154;-47.034835815429688;
2437307692.3088717;-48.694297790527344;
2437467948.7191281;-49.878223419189453;
2437628205.1293845;-51.150455474853516;
2437788461.5396409;-52.816944122314453;
2437948717.9498973;-53.938907623291016;
2438108974.3601537;-55.145156860351563;
2438269230.7704101;-56.791389465332031;
2438429487.1806664;-57.886890411376953;
2438589743.5909228;-59.075057983398438;
2438750000.0011792;-60.737125396728516;
2438910256.4114356;-61.891555786132813;
2439070512.8216925;-63.258533477783203;
2439230769.2319489;-64.941658020019531;
2439391025.6422052;-66.096221923828125;
2439551282.0524616;-67.391632080078125;
2439711538.462718;-69.104301452636719;
2439871794.8729744;-70.305274963378906;
2440032051.2832308;-71.753471374511719;
2440192307.6934872;-73.6893310546875;
2440352564.1037436;-75.076217651367188;
2440512820.5139999;-76.727287292480469;
2440673076.9242563;-78.72796630859375;
2440833333.3345127;-80.0628662109375;
2440993589.7447691;-81.552825927734375;
2441153846.1550255;-82.970756530761719;
2441314102.5652819;-83.713294982910156;
2441474358.9755383;-84.399681091308594;
2441634615.3857946;-84.97509765625;
2441794871.796051;-85.213813781738281;
2441955128.2063074;-85.466835021972656;
2442115384.6165643;-85.612617492675781;
2442275641.0268207;-85.625968933105469;
2442435897.437077;-85.700630187988281;
2442596153.8473334;-85.741218566894531;
2442756410.2575898;-85.743148803710937;
2442916666.6678462;-85.714187622070313;
2443076923.0781026;-85.74896240234375;
2443237179.488359;-85.756683349609375;
2443397435.8986154;-85.77801513671875;
2443557692.3088717;-85.74896240234375;
2443717948.7191281;-85.801338195800781;
2443878205.1293845;-85.793571472167969;
2444038461.5396409;-85.754753112792969;
2444198717.9498973;-85.795501708984375;
2444358974.3601537;-85.81890869140625;
2444519230.7704101;-85.809158325195313;
2444679487.1806664;-85.81890869140625;
2444839743.5909228;-85.82086181640625;
2445000000.0011792;-85.81500244140625;
2445160256.4114356;-85.778244018554687;
2445320512.8216925;-85.731269836425781;
2445480769.2319489;-85.771331787109375;
2445641025.6422052;-85.793571472167969;
2445801282.0524616;-85.770256042480469;
2445961538.462718;-85.811111450195313;
2446121794.8729744;-85.813056945800781;
2446282051.2832308;-85.811111450195313;
2446442307.6934872;-85.795524597167969;
2446602564.1037436;-85.82086181640625;
2446762820.5139999;-85.811103820800781;
2446923076.9242563;-85.816963195800781;
2447083333.3345127;-85.815010070800781;
2447243589.7447691;-85.811103820800781;
2447403846.1550255;-85.81890869140625;
2447564102.5652819;-85.815010070800781;
2447724358.9755383;-85.816963195800781;
2447884615.3857946;-85.822807312011719;
2448044871.796051;-85.811111450195313;
2448205128.2063074;-85.710197448730469;
2448365384.6165643;-85.027000427246094;
2448525641.0268207;-85.024375915527344;
2448685897.437077;-85.55718994140625;
2448846153.8473334;-85.72833251953125;
2449006410.2575898;-85.739280700683594;
2449166666.6678462;-85.807182312011719;
2449326923.0781026;-85.815010070800781;
2449487179.488359;-85.816963195800781;
2449647435.8986154;-85.81890869140625;
2449807692.3088717;-85.834526062011719;
2449967948.7191281;-85.81695556640625;
2450128205.1293845;-85.826705932617188;
2450288461.5396409;-85.822807312011719;
2450448717.9498973;-85.82086181640625;
2450608974.3601537;-85.786857604980469;
2450769230.7704101;-85.772209167480469;
2450929487.1806664;-85.78192138671875;
2451089743.5909228;-85.815010070800781;
2451250000.0011792;-85.815010070800781;
2451410256.4114356;-85.81890869140625;
2451570512.8216925;-85.815010070800781;
2451730769.2319489;-85.81890869140625;
2451891025.6422052;-85.813056945800781;
2452051282.0524616;-85.813056945800781;
2452211538.462718;-85.828659057617188;
2452371794.8729744;-85.824981689453125;
2452532051.2832308;-85.840400695800781;
2452692307.6934872;-85.82086181640625;
2452852564.1037436;-85.82476806640625;
2453012820.5139999;-85.714004516601563;
2453173076.9242563;-85.597366333007813;
2453333333.3345127;-85.515975952148438;
2453493589.7447691;-85.491493225097656;
2453653846.1550255;-85.502799987792969;
2453814102.5652819;-85.465194702148438;
2453974358.9755383;-85.574203491210938;
2454134615.3857946;-85.630363464355469;
2454294871.796051;-85.36651611328125;
2454455128.2063074;-85.327743530273437;
2454615384.6165643;-85.32037353515625;
2454775641.0268207;-85.300132751464844;
2454935897.437077;-85.281593322753906;
2455096153.8473334;-85.6123046875;
2455256410.2575898;-85.776084899902344;
2455416666.6678462;-85.773750305175781;
2455576923.0781026;-85.622055053710938;
2455737179.488359;-85.768287658691406;
2455897435.8986154;-85.559425354003906;
2456057692.3088717;-85.221641540527344;
2456217948.7191281;-85.259750366210937;
2456378205.1293845;-85.232398986816406;
2456538461.5396409;-85.234199523925781;
2456698717.9498973;-85.294395446777344;
2456858974.3601537;-85.597145080566406;
2457019230.7704101;-85.770225524902344;
2457179487.1806664;-85.80523681640625;
2457339743.5909228;-85.832572937011719;
2457500000.0011792;-85.820846557617188;
2457660256.4114356;-85.83843994140625;
2457820512.8216925;-85.828666687011719;
2457980769.2319489;-85.750823974609375;
2458141025.6422052;-85.835395812988281;
2458301282.0524616;-85.832572937011719;
2458461538.462718;-85.81695556640625;
2458621794.8729744;-85.809158325195313;
2458782051.2832308;-85.7373046875;
2458942307.6934872;-85.723808288574219;
2459102564.1037436;-85.809150695800781;
2459262820.5139999;-85.82281494140625;
2459423076.9242563;-85.826713562011719;
2459583333.3345127;-85.844276428222656;
2459743589.7447691;-85.905174255371094;
2459903846.1550255;-85.875679016113281;
2460064102.5652819;-85.850166320800781;
2460224358.9755383;-85.836448669433594;
2460384615.3857946;-85.851051330566406;
2460544871.796051;-85.869781494140625;
2460705128.2063074;-85.895332336425781;
2460865384.6165643;-85.911094665527344;
2461025641.0268207;-85.897300720214844;
2461185897.437077;-85.889434814453125;
2461346153.8473334;-85.879600524902344;
2461506410.2575898;-85.852134704589844;
2461666666.6678462;-85.824760437011719;
2461826923.0781026;-85.82476806640625;
2461987179.488359;-85.83062744140625;
2462147435.8986154;-85.852134704589844;
2462307692.3088717;-85.861930847167969;
2462467948.7191281;-85.873710632324219;
2462628205.1293845;-85.858009338378906;
2462788461.5396409;-85.842338562011719;
2462948717.9498973;-85.869781494140625;
2463108974.3601537;-85.871749877929688;
2463269230.7704101;-85.903182983398437;
2463429487.1806664;-85.90911865234375;
2463589743.5909228;-85.873710632324219;
2463750000.0011792;-85.885498046875;
2463910256.4114356;-85.907150268554688;
2464070512.8216925;-85.913063049316406;
2464230769.2319489;-85.899269104003906;
2464391025.6422052;-85.903190612792969;
2464551282.0524616;-85.911094665527344;
2464711538.462718;-85.917015075683594;
2464871794.8729744;-85.907150268554688;
2465032051.2832308;-85.881561279296875;
2465192307.6934872;-85.908683776855469;
2465352564.1037436;-85.9150390625;
2465512820.5139999;-85.917015075683594;
2465673076.9242563;-85.881561279296875;
2465833333.3345127;-85.899261474609375;
2465993589.7447691;-85.901237487792969;
2466153846.1550255;-85.913063049316406;
2466314102.5652819;-85.909126281738281;
2466474358.9755383;-85.911094665527344;
2466634615.3857946;-85.911094665527344;
2466794871.796051;-85.911094665527344;
2466955128.2063074;-85.911094665527344;
2467115384.6165643;-85.883529663085937;
2467275641.0268207;-85.911094665527344;
2467435897.437077;-85.901237487792969;
2467596153.8473334;-85.873649597167969;
2467756410.2575898;-85.842338562011719;
2467916666.6678462;-85.840614318847656;
2468076923.0781026;-85.852119445800781;
2468237179.488359;-85.828628540039063;
2468397435.8986154;-85.850181579589844;
2468557692.3088717;-85.828666687011719;
2468717948.7191281;-85.826713562011719;
2468878205.1293845;-85.832550048828125;
2469038461.5396409;-85.834487915039063;
2469198717.9498973;-85.838432312011719;
2469358974.3601537;-85.869758605957031;
2469519230.7704101;-85.861907958984375;
2469679487.1806664;-85.865829467773438;
2469839743.5909228;-85.834510803222656;
2470000000.0011792;-85.813011169433594;
2470160256.4114356;-85.81884765625;
2470320512.8216925;-85.79150390625;
2470480769.2319489;-85.807151794433594;
2470641025.6422052;-85.760414123535156;
2470801282.0524616;-85.708229064941406;
2470961538.462718;-85.746757507324219;
2471121794.8729744;-85.690895080566406;
2471282051.2832308;-85.697212219238281;
2471442307.6934872;-85.685150146484375;
2471602564.1037436;-85.650413513183594;
2471762820.5139999;-85.665657043457031;
2471923076.9242563;-85.629493713378906;
2472083333.3345127;-85.602615356445313;
2472243589.7447691;-85.589195251464844;
2472403846.1550255;-85.579826354980469;
2472564102.5652819;-85.585418701171875;
2472724358.9755383;-85.578094482421875;
2472884615.3857946;-85.612144470214844;
2473044871.796051;-85.639007568359375;
2473205128.2063074;-85.677330017089844;
2473365384.6165643;-85.687034606933594;
2473525641.0268207;-85.692710876464844;
2473685897.437077;-85.715965270996094;
2473846153.8473334;-85.733367919921875;
2474006410.2575898;-85.727531433105469;
2474166666.6678462;-85.733406066894531;
2474326923.0781026;-85.770179748535156;
2474487179.488359;-85.783828735351563;
2474647435.8986154;-85.824722290039063;
2474807692.3088717;-85.811080932617188;
2474967948.7191281;-85.824752807617188;
2475128205.1293845;-85.847549438476563;
2475288461.5396409;-85.830589294433594;
2475448717.9498973;-85.842353820800781;
2475608974.3601537;-85.836463928222656;
2475769230.7704101;-85.822799682617188;
2475929487.1806664;-85.846267700195313;
2476089743.5909228;-85.834526062011719;
2476250000.0011792;-85.834526062011719;
2476410256.4114356;-85.83062744140625;
2476570512.8216925;-85.826713562011719;
2476730769.2319489;-85.84429931640625;
2476891025.6422052;-85.824760437011719;
2477051282.0524616;-85.836471557617188;
2477211538.462718;-85.873710632324219;
2477371794.8729744;-85.854080200195313;
2477532051.2832308;-85.836448669433594;
2477692307.6934872;-85.84234619140625;
2477852564.1037436;-85.848220825195313;
2478012820.5139999;-85.852134704589844;
2478173076.9242563;-85.830619812011719;
2478333333.3345127;-85.82672119140625;
2478493589.7447691;-85.832572937011719;
2478653846.1550255;-85.85211181640625;
2478814102.5652819;-85.889434814453125;
2478974358.9755383;-85.911094665527344;
2479134615.3857946;-85.891380310058594;
2479294871.796051;-85.84429931640625;
2479455128.2063074;-85.83258056640625;
2479615384.6165643;-85.8658447265625;
2479775641.0268207;-85.87567138671875;
2479935897.437077;-85.89532470703125;
2480096153.8473334;-85.909126281738281;
2480256410.2575898;-85.89642333984375;
2480416666.6678462;-85.905174255371094;
2480576923.0781026;-85.911094665527344;
2480737179.488359;-85.895332336425781;
2480897435.8986154;-85.907150268554688;
2481057692.3088717;-85.9150390625;
2481217948.7191281;-85.909126281738281;
2481378205.1293845;-85.907150268554688;
2481538461.5396409;-85.917007446289062;
2481698717.9498973;-85.9150390625;
2481858974.3601537;-85.909126281738281;
2482019230.7704101;-85.909126281738281;
2482179487.1806664;-85.911094665527344;
2482339743.5909228;-85.913063049316406;
2482500000.0011792;-85.885490417480469;
2482660256.4114356;-85.913063049316406;
2482820512.8216925;-85.905174255371094;
2482980769.2319489;-85.913063049316406;
2483141025.6422052;-85.905181884765625;
2483301282.0524616;-85.905158996582031;
2483461538.462718;-85.893348693847656;
2483621794.8729744;-85.901237487792969;
2483782051.2832308;-85.911094665527344;
2483942307.6934872;-85.913063049316406;
2484102564.1037436;-85.89532470703125;
2484262820.5139999;-85.934776306152344;
