Type;ESU;
Version;4.43;
Date;03.Jun 16;
Mode;ANALYZER;
Center Freq;2434262820.514000;Hz
Freq Offset;0.000000;Hz
Span;100000000.000000;Hz
x-Axis;LIN;
Start;2384262820.514000;Hz
Stop;2484262820.514000;Hz
Ref Level;-8.000000;dBm
Level Offset;0.000000;dB
Ref Position;100.000000;%
y-Axis;LOG;
Level Range;100.000000;dB
Rf Att;5.000000;dB
RBW;2000000.000000;Hz
VBW;50.000000;Hz
SWT;2.500000;s
Trace Mode;CLR/WRITE;
Detector;RMS;
Sweep Count;0;
Trace 1:;;
x-Unit;Hz;
y-Unit;dBm;
Values;625;
2384262820.5139999;-85.649490356445313;
2384423076.9242563;-85.660240173339844;
2384583333.3345127;-85.655921936035156;
2384743589.7447691;-85.655921936035156;
2384903846.1550255;-85.651618957519531;
2385064102.5652819;-85.634330749511719;
2385224358.9755383;-85.623725891113281;
2385384615.3857946;-85.649490356445313;
2385544871.796051;-85.69683837890625;
2385705128.2063074;-85.666664123535156;
2385865384.6165643;-85.653770446777344;
2386025641.0268207;-85.617355346679687;
2386185897.437077;-85.617271423339844;
2386346153.8473334;-85.623733520507813;
2386506410.2575898;-85.615188598632812;
2386666666.6678462;-85.645195007324219;
2386826923.0781026;-85.623756408691406;
2386987179.488359;-85.651626586914063;
2387147435.8986154;-85.647262573242188;
2387307692.3088717;-85.632308959960938;
2387467948.7191281;-85.63446044921875;
2387628205.1293845;-85.625892639160156;
2387788461.5396409;-85.662384033203125;
2387948717.9498973;-85.600227355957031;
2388108974.3601537;-85.617332458496094;
2388269230.7704101;-85.5767822265625;
2388429487.1806664;-85.608688354492187;
2388589743.5909228;-85.587448120117188;
2388750000.0011792;-85.589508056640625;
2388910256.4114356;-85.630157470703125;
2389070512.8216925;-85.574592590332031;
2389230769.2319489;-85.610786437988281;
2389391025.6422052;-85.555442810058594;
2389551282.0524616;-85.582901000976563;
2389711538.462718;-85.536453247070313;
2389871794.8729744;-85.472862243652344;
2390032051.2832308;-85.542747497558594;
2390192307.6934872;-85.477119445800781;
2390352564.1037436;-85.544876098632812;
2390512820.5139999;-85.479209899902344;
2390673076.9242563;-85.554885864257813;
2390833333.3345127;-85.466758728027344;
2390993589.7447691;-85.4306640625;
2391153846.1550255;-85.525749206542969;
2391314102.5652819;-85.436782836914063;
2391474358.9755383;-85.534225463867188;
2391634615.3857946;-85.326728820800781;
2391794871.796051;-85.470245361328125;
2391955128.2063074;-85.363853454589844;
2392115384.6165643;-85.339164733886719;
2392275641.0268207;-85.388771057128906;
2392435897.437077;-85.254135131835938;
2392596153.8473334;-85.399406433105469;
2392756410.2575898;-85.171875;
2392916666.6678462;-85.41943359375;
2393076923.0781026;-85.157615661621094;
2393237179.488359;-85.211494445800781;
2393397435.8986154;-85.278419494628906;
2393557692.3088717;-85.096588134765625;
2393717948.7191281;-85.353469848632813;
2393878205.1293845;-85.058387756347656;
2394038461.5396409;-85.333023071289063;
2394198717.9498973;-85.087257385253906;
2394358974.3601537;-85.195213317871094;
2394519230.7704101;-85.340927124023438;
2394679487.1806664;-85.211944580078125;
2394839743.5909228;-85.422569274902344;
2395000000.0011792;-85.233512878417969;
2395160256.4114356;-85.457664489746094;
2395320512.8216925;-85.291114807128906;
2395480769.2319489;-85.390388488769531;
2395641025.6422052;-85.414009094238281;
2395801282.0524616;-85.351005554199219;
2395961538.462718;-85.477134704589844;
2396121794.8729744;-85.378433227539063;
2396282051.2832308;-85.523635864257813;
2396442307.6934872;-85.403732299804687;
2396602564.1037436;-85.453475952148438;
2396762820.5139999;-85.437156677246094;
2396923076.9242563;-85.424102783203125;
2397083333.3345127;-85.470916748046875;
2397243589.7447691;-85.424453735351563;
2397403846.1550255;-85.544883728027344;
2397564102.5652819;-85.451789855957031;
2397724358.9755383;-85.515090942382813;
2397884615.3857946;-85.43304443359375;
2398044871.796051;-85.472633361816406;
2398205128.2063074;-85.4688720703125;
2398365384.6165643;-85.410049438476562;
2398525641.0268207;-85.542770385742188;
2398685897.437077;-85.451980590820313;
2398846153.8473334;-85.515182495117188;
2399006410.2575898;-85.470909118652344;
2399166666.6678462;-85.513587951660156;
2399326923.0781026;-85.465866088867188;
2399487179.488359;-85.467910766601563;
2399647435.8986154;-85.5540771484375;
2399807692.3088717;-85.463104248046875;
2399967948.7191281;-85.505172729492188;
2400128205.1293845;-85.439208984375;
2400288461.5396409;-85.479232788085938;
2400448717.9498973;-85.443603515625;
2400608974.3601537;-85.489845275878906;
2400769230.7704101;-85.504676818847656;
2400929487.1806664;-85.483505249023438;
2401089743.5909228;-85.527976989746094;
2401250000.0011792;-85.479301452636719;
2401410256.4114356;-85.563995361328125;
2401570512.8216925;-85.498321533203125;
2401730769.2319489;-85.504539489746094;
2401891025.6422052;-85.496177673339844;
2402051282.0524616;-85.49822998046875;
2402211538.462718;-85.500480651855469;
2402371794.8729744;-85.475128173828125;
2402532051.2832308;-85.540679931640625;
2402692307.6934872;-85.470962524414063;
2402852564.1037436;-85.525779724121094;
2403012820.5139999;-85.494148254394531;
2403173076.9242563;-85.521560668945313;
2403333333.3345127;-85.542793273925781;
2403493589.7447691;-85.534286499023438;
2403653846.1550255;-85.572555541992188;
2403814102.5652819;-85.525810241699219;
2403974358.9755383;-85.566154479980469;
2404134615.3857946;-85.532203674316406;
2404294871.796051;-85.496177673339844;
2404455128.2063074;-85.515213012695313;
2404615384.6165643;-85.523635864257813;
2404775641.0268207;-85.527976989746094;
2404935897.437077;-85.506813049316406;
2405096153.8473334;-85.574653625488281;
2405256410.2575898;-85.538505554199219;
2405416666.6678462;-85.538421630859375;
2405576923.0781026;-85.487823486328125;
2405737179.488359;-85.479270935058594;
2405897435.8986154;-85.498329162597656;
2406057692.3088717;-85.506729125976562;
2406217948.7191281;-85.587448120117188;
2406378205.1293845;-85.504684448242188;
2406538461.5396409;-85.544807434082031;
2406698717.9498973;-85.500450134277344;
2406858974.3601537;-85.532180786132813;
2407019230.7704101;-85.572540283203125;
2407179487.1806664;-85.520095825195313;
2407339743.5909228;-85.538566589355469;
2407500000.0011792;-85.504096984863281;
2407660256.4114356;-85.518211364746094;
2407820512.8216925;-85.496170043945313;
2407980769.2319489;-85.501533508300781;
2408141025.6422052;-85.5333251953125;
2408301282.0524616;-85.489883422851562;
2408461538.462718;-85.523735046386719;
2408621794.8729744;-85.513053894042969;
2408782051.2832308;-85.525688171386719;
2408942307.6934872;-85.546890258789063;
2409102564.1037436;-85.510757446289063;
2409262820.5139999;-85.521530151367188;
2409423076.9242563;-85.510917663574219;
2409583333.3345127;-85.570411682128906;
2409743589.7447691;-85.523605346679688;
2409903846.1550255;-85.602203369140625;
2410064102.5652819;-85.54278564453125;
2410224358.9755383;-85.57025146484375;
2410384615.3857946;-85.557662963867187;
2410544871.796051;-85.513023376464844;
2410705128.2063074;-85.5555419921875;
2410865384.6165643;-85.504623413085938;
2411025641.0268207;-85.576622009277344;
2411185897.437077;-85.540634155273438;
2411346153.8473334;-85.563911437988281;
2411506410.2575898;-85.568290710449219;
2411666666.6678462;-85.530029296875;
2411826923.0781026;-85.527778625488281;
2411987179.488359;-85.523567199707031;
2412147435.8986154;-85.602218627929688;
2412307692.3088717;-85.56805419921875;
2412467948.7191281;-85.566162109375;
2412628205.1293845;-85.517333984375;
2412788461.5396409;-85.553398132324219;
2412948717.9498973;-85.519393920898438;
2413108974.3601537;-85.5469970703125;
2413269230.7704101;-85.54913330078125;
2413429487.1806664;-85.534202575683594;
2413589743.5909228;-85.56219482421875;
2413750000.0011792;-85.557624816894531;
2413910256.4114356;-85.547050476074219;
2414070512.8216925;-85.532180786132813;
2414230769.2319489;-85.588912963867188;
2414391025.6422052;-85.63232421875;
2414551282.0524616;-85.625862121582031;
2414711538.462718;-85.610908508300781;
2414871794.8729744;-85.638755798339844;
2415032051.2832308;-85.615188598632812;
2415192307.6934872;-85.647346496582031;
2415352564.1037436;-85.6473388671875;
2415512820.5139999;-85.636581420898438;
2415673076.9242563;-85.570419311523438;
2415833333.3345127;-85.623764038085938;
2415993589.7447691;-85.651641845703125;
2416153846.1550255;-85.581031799316406;
2416314102.5652819;-85.561912536621094;
2416474358.9755383;-85.530067443847656;
2416634615.3857946;-85.596260070800781;
2416794871.796051;-85.632331848144531;
2416955128.2063074;-85.615196228027344;
2417115384.6165643;-85.574668884277344;
2417275641.0268207;-85.583183288574219;
2417435897.437077;-85.542808532714844;
2417596153.8473334;-85.547050476074219;
2417756410.2575898;-85.576812744140625;
2417916666.6678462;-85.553413391113281;
2418076923.0781026;-85.576797485351563;
2418237179.488359;-85.617347717285156;
2418397435.8986154;-85.5853271484375;
2418557692.3088717;-85.5853271484375;
2418717948.7191281;-85.547042846679688;
2418878205.1293845;-85.547660827636719;
2419038461.5396409;-85.557655334472656;
2419198717.9498973;-85.570411682128906;
2419358974.3601537;-85.572525024414063;
2419519230.7704101;-85.542808532714844;
2419679487.1806664;-85.574600219726563;
2419839743.5909228;-85.595962524414063;
2420000000.0011792;-85.5853271484375;
2420160256.4114356;-85.613075256347656;
2420320512.8216925;-85.621627807617188;
2420480769.2319489;-85.564018249511719;
2420641025.6422052;-85.547050476074219;
2420801282.0524616;-85.525856018066406;
2420961538.462718;-85.534324645996094;
2421121794.8729744;-85.537971496582031;
2421282051.2832308;-85.559783935546875;
2421442307.6934872;-85.532218933105469;
2421602564.1037436;-85.54278564453125;
2421762820.5139999;-85.54705810546875;
2421923076.9242563;-85.549171447753906;
2422083333.3345127;-85.549171447753906;
2422243589.7447691;-85.544921875;
2422403846.1550255;-85.544891357421875;
2422564102.5652819;-85.542816162109375;
2422724358.9755383;-85.547035217285156;
2422884615.3857946;-85.561897277832031;
2423044871.796051;-85.591712951660156;
2423205128.2063074;-85.564651489257813;
2423365384.6165643;-85.525863647460938;
2423525641.0268207;-85.525863647460938;
2423685897.437077;-85.538566589355469;
2423846153.8473334;-85.553382873535156;
2424006410.2575898;-85.549171447753906;
2424166666.6678462;-85.540687561035156;
2424326923.0781026;-85.557662963867187;
2424487179.488359;-85.532188415527344;
2424647435.8986154;-85.555549621582031;
2424807692.3088717;-85.527961730957031;
2424967948.7191281;-85.574653625488281;
2425128205.1293845;-85.538566589355469;
2425288461.5396409;-85.487823486328125;
2425448717.9498973;-85.532218933105469;
2425608974.3601537;-85.527961730957031;
2425769230.7704101;-85.547019958496094;
2425929487.1806664;-85.450004577636719;
2426089743.5909228;-85.462539672851563;
2426250000.0011792;-85.460502624511719;
2426410256.4114356;-85.449844360351563;
2426570512.8216925;-85.462577819824219;
2426730769.2319489;-85.324348449707031;
2426891025.6422052;-85.366409301757813;
2427051282.0524616;-85.232170104980469;
2427211538.462718;-85.26031494140625;
2427371794.8729744;-85.023117065429688;
2427532051.2832308;-84.887275695800781;
2427692307.6934872;-84.597389221191406;
2427852564.1037436;-83.975028991699219;
2428012820.5139999;-83.979705810546875;
2428173076.9242563;-82.380142211914063;
2428333333.3345127;-82.676429748535156;
2428493589.7447691;-80.041206359863281;
2428653846.1550255;-79.298500061035156;
2428814102.5652819;-77.318824768066406;
2428974358.9755383;-74.581275939941406;
2429134615.3857946;-73.880683898925781;
2429294871.796051;-70.729957580566406;
2429455128.2063074;-70.474327087402344;
2429615384.6165643;-65.647392272949219;
2429775641.0268207;-65.006935119628906;
2429935897.437077;-61.992725372314453;
2430096153.8473334;-60.613777160644531;
2430256410.2575898;-58.902095794677734;
2430416666.6678462;-55.663608551025391;
2430576923.0781026;-55.049373626708984;
2430737179.488359;-52.22412109375;
2430897435.8986154;-51.878456115722656;
2431057692.3088717;-49.204399108886719;
2431217948.7191281;-47.484928131103516;
2431378205.1293845;-45.9317626953125;
2431538461.5396409;-44.144367218017578;
2431698717.9498973;-43.372947692871094;
2431858974.3601537;-41.060012817382813;
2432019230.7704101;-40.024829864501953;
2432179487.1806664;-37.682403564453125;
2432339743.5909228;-37.099552154541016;
2432500000.0011792;-35.185462951660156;
2432660256.4114356;-34.086971282958984;
2432820512.8216925;-32.309665679931641;
2432980769.2319489;-31.008487701416016;
2433141025.6422052;-30.163288116455078;
2433301282.0524616;-28.830097198486328;
2433461538.462718;-28.001913070678711;
2433621794.8729744;-26.328302383422852;
2433782051.2832308;-25.804376602172852;
2433942307.6934872;-24.905778884887695;
2434102564.1037436;-24.340108871459961;
2434262820.5139999;-23.656639099121094;
2434423076.9242563;-23.05474853515625;
2434583333.3345127;-22.727218627929688;
2434743589.7447691;-22.664985656738281;
2434903846.1550255;-22.476953506469727;
2435064102.5652819;-22.721200942993164;
2435224358.9755383;-22.914388656616211;
2435384615.3857946;-23.452392578125;
2435544871.796051;-23.956966400146484;
2435705128.2063074;-24.437206268310547;
2435865384.6165643;-25.334098815917969;
2436025641.0268207;-26.344310760498047;
2436185897.437077;-27.597301483154297;
2436346153.8473334;-28.277952194213867;
2436506410.2575898;-29.413822174072266;
2436666666.6678462;-30.466644287109375;
2436826923.0781026;-32.139167785644531;
2436987179.488359;-33.421333312988281;
2437147435.8986154;-34.318576812744141;
2437307692.3088717;-35.693126678466797;
2437467948.7191281;-36.783695220947266;
2437628205.1293845;-38.748592376708984;
2437788461.5396409;-39.934417724609375;
2437948717.9498973;-41.010627746582031;
2438108974.3601537;-42.333671569824219;
2438269230.7704101;-43.403312683105469;
2438429487.1806664;-45.574100494384766;
2438589743.5909228;-46.509952545166016;
2438750000.0011792;-47.889785766601563;
2438910256.4114356;-48.928871154785156;
2439070512.8216925;-50.220523834228516;
2439230769.2319489;-52.13525390625;
2439391025.6422052;-53.220180511474609;
2439551282.0524616;-54.664318084716797;
2439711538.462718;-55.439498901367188;
2439871794.8729744;-57.152919769287109;
2440032051.2832308;-58.879680633544922;
2440192307.6934872;-60.634048461914062;
2440352564.1037436;-61.887866973876953;
2440512820.5139999;-63.357158660888672;
2440673076.9242563;-65.043388366699219;
2440833333.3345127;-67.461341857910156;
2440993589.7447691;-69.614120483398438;
2441153846.1550255;-70.894180297851562;
2441314102.5652819;-72.870285034179687;
2441474358.9755383;-74.448188781738281;
2441634615.3857946;-77.349563598632813;
2441794871.796051;-79.147727966308594;
2441955128.2063074;-80.445365905761719;
2442115384.6165643;-81.655097961425781;
2442275641.0268207;-82.726959228515625;
2442435897.437077;-83.914749145507813;
2442596153.8473334;-84.421615600585938;
2442756410.2575898;-84.818527221679688;
2442916666.6678462;-84.992156982421875;
2443076923.0781026;-85.244461059570313;
2443237179.488359;-85.418495178222656;
2443397435.8986154;-85.483634948730469;
2443557692.3088717;-85.460479736328125;
2443717948.7191281;-85.477226257324219;
2443878205.1293845;-85.535537719726563;
2444038461.5396409;-85.574653625488281;
2444198717.9498973;-85.574676513671875;
2444358974.3601537;-85.574661254882813;
2444519230.7704101;-85.5831298828125;
2444679487.1806664;-85.658042907714844;
2444839743.5909228;-85.660232543945313;
2445000000.0011792;-85.651626586914063;
2445160256.4114356;-85.673141479492188;
2445320512.8216925;-85.668815612792969;
2445480769.2319489;-85.664527893066406;
2445641025.6422052;-85.679603576660156;
2445801282.0524616;-85.660224914550781;
2445961538.462718;-85.733619689941406;
2446121794.8729744;-85.720611572265625;
2446282051.2832308;-85.742294311523438;
2446442307.6934872;-85.6688232421875;
2446602564.1037436;-85.651634216308594;
2446762820.5139999;-85.647300720214844;
2446923076.9242563;-85.698966979980469;
2447083333.3345127;-85.753776550292969;
2447243589.7447691;-85.740104675292969;
2447403846.1550255;-85.740127563476562;
2447564102.5652819;-85.690361022949219;
2447724358.9755383;-85.694694519042969;
2447884615.3857946;-85.688209533691406;
2448044871.796051;-85.670021057128906;
2448205128.2063074;-85.681732177734375;
2448365384.6165643;-85.679557800292969;
2448525641.0268207;-85.565147399902344;
2448685897.437077;-85.172943115234375;
2448846153.8473334;-85.226722717285156;
2449006410.2575898;-85.578697204589844;
2449166666.6678462;-85.675285339355469;
2449326923.0781026;-85.595344543457031;
2449487179.488359;-85.258140563964844;
2449647435.8986154;-85.553268432617187;
2449807692.3088717;-85.649482727050781;
2449967948.7191281;-85.705490112304688;
2450128205.1293845;-85.692535400390625;
2450288461.5396409;-85.701148986816406;
2450448717.9498973;-85.698997497558594;
2450608974.3601537;-85.673133850097656;
2450769230.7704101;-85.701171875;
2450929487.1806664;-85.677444458007812;
2451089743.5909228;-85.722770690917969;
2451250000.0011792;-85.724929809570312;
2451410256.4114356;-85.748802185058594;
2451570512.8216925;-85.694686889648438;
2451730769.2319489;-85.727119445800781;
2451891025.6422052;-85.722770690917969;
2452051282.0524616;-85.70111083984375;
2452211538.462718;-85.720603942871094;
2452371794.8729744;-85.638336181640625;
2452532051.2832308;-85.468727111816406;
2452692307.6934872;-85.574668884277344;
2452852564.1037436;-85.651618957519531;
2453012820.5139999;-85.681732177734375;
2453173076.9242563;-85.698989868164062;
2453333333.3345127;-85.727119445800781;
2453493589.7447691;-85.731437683105469;
2453653846.1550255;-85.75128173828125;
2453814102.5652819;-85.708366394042969;
2453974358.9755383;-85.703277587890625;
2454134615.3857946;-85.733589172363281;
2454294871.796051;-85.685989379882813;
2454455128.2063074;-85.696823120117187;
2454615384.6165643;-85.645111083984375;
2454775641.0268207;-85.683731079101562;
2454935897.437077;-85.666610717773438;
2455096153.8473334;-85.68365478515625;
2455256410.2575898;-85.720573425292969;
2455416666.6678462;-85.690155029296875;
2455576923.0781026;-85.707611083984375;
2455737179.488359;-85.630111694335938;
2455897435.8986154;-85.701080322265625;
2456057692.3088717;-85.642860412597656;
2456217948.7191281;-85.711647033691406;
2456378205.1293845;-85.649490356445313;
2456538461.5396409;-85.047027587890625;
2456698717.9498973;-85.156501770019531;
2456858974.3601537;-85.254730224609375;
2457019230.7704101;-85.418548583984375;
2457179487.1806664;-85.416183471679688;
2457339743.5909228;-85.612892150878906;
2457500000.0011792;-85.627845764160156;
2457660256.4114356;-85.6771240234375;
2457820512.8216925;-85.720603942871094;
2457980769.2319489;-85.627815246582031;
2458141025.6422052;-85.724876403808594;
2458301282.0524616;-85.502578735351563;
2458461538.462718;-85.513046264648437;
2458621794.8729744;-85.646987915039063;
2458782051.2832308;-85.677093505859375;
2458942307.6934872;-85.701095581054687;
2459102564.1037436;-85.65350341796875;
2459262820.5139999;-85.735755920410156;
2459423076.9242563;-85.625762939453125;
2459583333.3345127;-85.750869750976562;
2459743589.7447691;-85.720451354980469;
2459903846.1550255;-85.700736999511719;
2460064102.5652819;-85.711799621582031;
2460224358.9755383;-85.670692443847656;
2460384615.3857946;-85.766166687011719;
2460544871.796051;-85.651519775390625;
2460705128.2063074;-85.72052001953125;
2460865384.6165643;-85.700912475585937;
2461025641.0268207;-85.696441650390625;
2461185897.437077;-85.776924133300781;
2461346153.8473334;-85.722450256347656;
2461506410.2575898;-85.770523071289062;
2461666666.6678462;-85.686004638671875;
2461826923.0781026;-85.794403076171875;
2461987179.488359;-85.703163146972656;
2462147435.8986154;-85.724693298339844;
2462307692.3088717;-85.746559143066406;
2462467948.7191281;-85.724754333496094;
2462628205.1293845;-85.798858642578125;
2462788461.5396409;-85.694633483886719;
2462948717.9498973;-85.752960205078125;
2463108974.3601537;-85.709724426269531;
2463269230.7704101;-85.685745239257813;
2463429487.1806664;-85.711944580078125;
2463589743.5909228;-85.716056823730469;
2463750000.0011792;-85.853630065917969;
2463910256.4114356;-85.729171752929688;
2464070512.8216925;-85.765792846679688;
2464230769.2319489;-85.688087463378906;
2464391025.6422052;-85.676994323730469;
2464551282.0524616;-85.720458984375;
2464711538.462718;-85.70733642578125;
2464871794.8729744;-85.781440734863281;
2465032051.2832308;-85.647285461425781;
2465192307.6934872;-85.698768615722656;
2465352564.1037436;-85.694587707519531;
2465512820.5139999;-85.7310791015625;
2465673076.9242563;-85.777000427246094;
2465833333.3345127;-85.6878662109375;
2465993589.7447691;-85.777008056640625;
2466153846.1550255;-85.664321899414063;
2466314102.5652819;-85.722694396972656;
2466474358.9755383;-85.64691162109375;
2466634615.3857946;-85.743927001953125;
2466794871.796051;-85.737838745117188;
2466955128.2063074;-85.690025329589844;
2467115384.6165643;-85.716217041015625;
2467275641.0268207;-85.668479919433594;
2467435897.437077;-85.777046203613281;
2467596153.8473334;-85.690193176269531;
2467756410.2575898;-85.700653076171875;
2467916666.6678462;-85.664299011230469;
2468076923.0781026;-85.672592163085938;
2468237179.488359;-85.733558654785156;
2468397435.8986154;-85.6512451171875;
2468557692.3088717;-85.757347106933594;
2468717948.7191281;-85.617218017578125;
2468878205.1293845;-85.690200805664063;
2469038461.5396409;-85.57635498046875;
2469198717.9498973;-85.640220642089844;
2469358974.3601537;-85.634185791015625;
2469519230.7704101;-85.640380859375;
2469679487.1806664;-85.733535766601562;
2469839743.5909228;-85.586784362792969;
2470000000.0011792;-85.720565795898437;
2470160256.4114356;-85.527511596679688;
2470320512.8216925;-85.667587280273438;
2470480769.2319489;-85.586883544921875;
2470641025.6422052;-85.6220703125;
2470801282.0524616;-85.666496276855469;
2470961538.462718;-85.546127319335937;
2471121794.8729744;-85.709732055664063;
2471282051.2832308;-85.489311218261719;
2471442307.6934872;-85.637519836425781;
2471602564.1037436;-85.591102600097656;
2471762820.5139999;-85.589363098144531;
2471923076.9242563;-85.625625610351563;
2472083333.3345127;-85.487922668457031;
2472243589.7447691;-85.659934997558594;
2472403846.1550255;-85.383934020996094;
2472564102.5652819;-85.566886901855469;
2472724358.9755383;-85.404548645019531;
2472884615.3857946;-85.423088073730469;
2473044871.796051;-85.453216552734375;
2473205128.2063074;-85.15545654296875;
2473365384.6165643;-85.476707458496094;
2473525641.0268207;-85.059074401855469;
2473685897.437077;-85.479873657226563;
2473846153.8473334;-85.009613037109375;
2474006410.2575898;-85.338424682617188;
2474166666.6678462;-85.155792236328125;
2474326923.0781026;-85.133949279785156;
2474487179.488359;-85.279281616210937;
2474647435.8986154;-85.005317687988281;
2474807692.3088717;-85.432456970214844;
2474967948.7191281;-84.966911315917969;
2475128205.1293845;-85.240371704101563;
2475288461.5396409;-85.310287475585937;
2475448717.9498973;-85.220046997070313;
2475608974.3601537;-85.482658386230469;
2475769230.7704101;-85.216667175292969;
2475929487.1806664;-85.50604248046875;
2476089743.5909228;-85.285537719726563;
2476250000.0011792;-85.467643737792969;
2476410256.4114356;-85.465667724609375;
2476570512.8216925;-85.430801391601563;
2476730769.2319489;-85.586837768554687;
2476891025.6422052;-85.437828063964844;
2477051282.0524616;-85.651580810546875;
2477211538.462718;-85.464111328125;
2477371794.8729744;-85.650688171386719;
2477532051.2832308;-85.5699462890625;
2477692307.6934872;-85.599403381347656;
2477852564.1037436;-85.675094604492188;
2478012820.5139999;-85.575889587402344;
2478173076.9242563;-85.711830139160156;
2478333333.3345127;-85.591217041015625;
2478493589.7447691;-85.771133422851563;
2478653846.1550255;-85.614456176757813;
2478814102.5652819;-85.693717956542969;
2478974358.9755383;-85.608566284179688;
2479134615.3857946;-85.655296325683594;
2479294871.796051;-85.683761596679688;
2479455128.2063074;-85.679328918457031;
2479615384.6165643;-85.757469177246094;
2479775641.0268207;-85.688056945800781;
2479935897.437077;-85.750724792480469;
2480096153.8473334;-85.705329895019531;
2480256410.2575898;-85.746437072753906;
2480416666.6678462;-85.779251098632813;
2480576923.0781026;-85.685821533203125;
2480737179.488359;-85.77923583984375;
2480897435.8986154;-85.720535278320313;
2481057692.3088717;-85.770477294921875;
2481217948.7191281;-85.755149841308594;
2481378205.1293845;-85.807479858398438;
2481538461.5396409;-85.803245544433594;
2481698717.9498973;-85.785743713378906;
2481858974.3601537;-85.8646240234375;
2482019230.7704101;-85.781417846679688;
2482179487.1806664;-85.759635925292969;
2482339743.5909228;-85.750930786132813;
2482500000.0011792;-85.781402587890625;
2482660256.4114356;-85.818511962890625;
2482820512.8216925;-85.853584289550781;
2482980769.2319489;-85.783607482910156;
2483141025.6422052;-85.766159057617188;
2483301282.0524616;-85.803245544433594;
2483461538.462718;-85.774848937988281;
2483621794.8729744;-85.798805236816406;
2483782051.2832308;-85.822868347167969;
2483942307.6934872;-85.816307067871094;
2484102564.1037436;-85.82952880859375;
2484262820.5139999;-85.792304992675781;
