Type;ESU;
Version;4.43;
Date;03.Jun 16;
Mode;ANALYZER;
Center Freq;2434262820.514000;Hz
Freq Offset;0.000000;Hz
Span;100000000.000000;Hz
x-Axis;LIN;
Start;2384262820.514000;Hz
Stop;2484262820.514000;Hz
Ref Level;-9.000000;dBm
Level Offset;0.000000;dB
Ref Position;100.000000;%
y-Axis;LOG;
Level Range;100.000000;dB
Rf Att;5.000000;dB
RBW;2000000.000000;Hz
VBW;30.000000;Hz
SWT;4.200000;s
Trace Mode;CLR/WRITE;
Detector;RMS;
Sweep Count;0;
Trace 1:;;
x-Unit;Hz;
y-Unit;dBm;
Values;625;
2384262820.5139999;-85.716758728027344;
2384423076.9242563;-85.704559326171875;
2384583333.3345127;-85.714187622070313;
2384743589.7447691;-85.714187622070313;
2384903846.1550255;-85.719970703125;
2385064102.5652819;-85.704551696777344;
2385224358.9755383;-85.716094970703125;
2385384615.3857946;-85.725761413574219;
2385544871.796051;-85.710334777832031;
2385705128.2063074;-85.723831176757813;
2385865384.6165643;-85.727691650390625;
2386025641.0268207;-85.716117858886719;
2386185897.437077;-85.716117858886719;
2386346153.8473334;-85.710334777832031;
2386506410.2575898;-85.711181640625;
2386666666.6678462;-85.712265014648437;
2386826923.0781026;-85.708412170410156;
2386987179.488359;-85.721900939941406;
2387147435.8986154;-85.70648193359375;
2387307692.3088717;-85.710334777832031;
2387467948.7191281;-85.714187622070313;
2387628205.1293845;-85.664215087890625;
2387788461.5396409;-85.716110229492188;
2387948717.9498973;-85.712265014648437;
2388108974.3601537;-85.710334777832031;
2388269230.7704101;-85.708412170410156;
2388429487.1806664;-85.712265014648437;
2388589743.5909228;-85.70648193359375;
2388750000.0011792;-85.700920104980469;
2388910256.4114356;-85.716110229492188;
2389070512.8216925;-85.708396911621094;
2389230769.2319489;-85.691085815429687;
2389391025.6422052;-85.675712585449219;
2389551282.0524616;-85.704551696777344;
2389711538.462718;-85.708412170410156;
2389871794.8729744;-85.714187622070313;
2390032051.2832308;-85.70648193359375;
2390192307.6934872;-85.710334777832031;
2390352564.1037436;-85.698783874511719;
2390512820.5139999;-85.704559326171875;
2390673076.9242563;-85.691085815429687;
2390833333.3345127;-85.702629089355469;
2390993589.7447691;-85.649726867675781;
2391153846.1550255;-85.658439636230469;
2391314102.5652819;-85.66229248046875;
2391474358.9755383;-85.70648193359375;
2391634615.3857946;-85.700698852539063;
2391794871.796051;-85.698783874511719;
2391955128.2063074;-85.702621459960937;
2392115384.6165643;-85.704559326171875;
2392275641.0268207;-85.70648193359375;
2392435897.437077;-85.70648193359375;
2392596153.8473334;-85.698768615722656;
2392756410.2575898;-85.687232971191406;
2392916666.6678462;-85.67572021484375;
2393076923.0781026;-85.646949768066406;
2393237179.488359;-85.618339538574219;
2393397435.8986154;-85.614517211914062;
2393557692.3088717;-85.624038696289062;
2393717948.7191281;-85.619186401367188;
2393878205.1293845;-85.631675720214844;
2394038461.5396409;-85.645065307617188;
2394198717.9498973;-85.62786865234375;
2394358974.3601537;-85.635498046875;
2394519230.7704101;-85.627861022949219;
2394679487.1806664;-85.608802795410156;
2394839743.5909228;-85.614517211914062;
2395000000.0011792;-85.635513305664063;
2395160256.4114356;-85.627876281738281;
2395320512.8216925;-85.618331909179687;
2395480769.2319489;-85.637420654296875;
2395641025.6422052;-85.616432189941406;
2395801282.0524616;-85.624061584472656;
2395961538.462718;-85.637405395507813;
2396121794.8729744;-85.620246887207031;
2396282051.2832308;-85.624061584472656;
2396442307.6934872;-85.624061584472656;
2396602564.1037436;-85.649734497070313;
2396762820.5139999;-85.652717590332031;
2396923076.9242563;-85.652725219726563;
2397083333.3345127;-85.629776000976563;
2397243589.7447691;-85.618339538574219;
2397403846.1550255;-85.625968933105469;
2397564102.5652819;-85.627876281738281;
2397724358.9755383;-85.624061584472656;
2397884615.3857946;-85.6202392578125;
2398044871.796051;-85.624053955078125;
2398205128.2063074;-85.618339538574219;
2398365384.6165643;-85.622154235839844;
2398525641.0268207;-85.639328002929688;
2398685897.437077;-85.618339538574219;
2398846153.8473334;-85.622146606445313;
2399006410.2575898;-85.595481872558594;
2399166666.6678462;-85.622154235839844;
2399326923.0781026;-85.622154235839844;
2399487179.488359;-85.625961303710938;
2399647435.8986154;-85.648895263671875;
2399807692.3088717;-85.61749267578125;
2399967948.7191281;-85.615066528320312;
2400128205.1293845;-85.619186401367188;
2400288461.5396409;-85.648849487304688;
2400448717.9498973;-85.673805236816406;
2400608974.3601537;-85.627845764160156;
2400769230.7704101;-85.650787353515625;
2400929487.1806664;-85.616432189941406;
2401089743.5909228;-85.595466613769531;
2401250000.0011792;-85.603080749511719;
2401410256.4114356;-85.614517211914062;
2401570512.8216925;-85.616432189941406;
2401730769.2319489;-85.606895446777344;
2401891025.6422052;-85.622154235839844;
2402051282.0524616;-85.618339538574219;
2402211538.462718;-85.614524841308594;
2402371794.8729744;-85.614524841308594;
2402532051.2832308;-85.622146606445313;
2402692307.6934872;-85.612602233886719;
2402852564.1037436;-85.645072937011719;
2403012820.5139999;-85.618339538574219;
2403173076.9242563;-85.622154235839844;
2403333333.3345127;-85.62786865234375;
2403493589.7447691;-85.619186401367188;
2403653846.1550255;-85.635498046875;
2403814102.5652819;-85.625961303710938;
2403974358.9755383;-85.618339538574219;
2404134615.3857946;-85.631690979003906;
2404294871.796051;-85.625968933105469;
2404455128.2063074;-85.620246887207031;
2404615384.6165643;-85.618339538574219;
2404775641.0268207;-85.637413024902344;
2404935897.437077;-85.656517028808594;
2405096153.8473334;-85.624053955078125;
2405256410.2575898;-85.620246887207031;
2405416666.6678462;-85.619186401367188;
2405576923.0781026;-85.629783630371094;
2405737179.488359;-85.620246887207031;
2405897435.8986154;-85.635498046875;
2406057692.3088717;-85.660377502441406;
2406217948.7191281;-85.624061584472656;
2406378205.1293845;-85.625961303710938;
2406538461.5396409;-85.6202392578125;
2406698717.9498973;-85.645057678222656;
2406858974.3601537;-85.627876281738281;
2407019230.7704101;-85.641250610351563;
2407179487.1806664;-85.619186401367188;
2407339743.5909228;-85.625961303710938;
2407500000.0011792;-85.633590698242188;
2407660256.4114356;-85.633598327636719;
2407820512.8216925;-85.656547546386719;
2407980769.2319489;-85.64697265625;
2408141025.6422052;-85.652725219726563;
2408301282.0524616;-85.67572021484375;
2408461538.462718;-85.660369873046875;
2408621794.8729744;-85.622146606445313;
2408782051.2832308;-85.643150329589844;
2408942307.6934872;-85.608795166015625;
2409102564.1037436;-85.608810424804688;
2409262820.5139999;-85.656524658203125;
2409423076.9242563;-85.675277709960938;
2409583333.3345127;-85.656547546386719;
2409743589.7447691;-85.650772094726563;
2409903846.1550255;-85.64312744140625;
2410064102.5652819;-85.635505676269531;
2410224358.9755383;-85.679542541503906;
2410384615.3857946;-85.714187622070313;
2410544871.796051;-85.689155578613281;
2410705128.2063074;-85.668052673339844;
2410865384.6165643;-85.681480407714844;
2411025641.0268207;-85.668052673339844;
2411185897.437077;-85.669960021972656;
2411346153.8473334;-85.671875;
2411506410.2575898;-85.642776489257813;
2411666666.6678462;-85.648895263671875;
2411826923.0781026;-84.432083129882813;
2411987179.488359;-82.967971801757812;
2412147435.8986154;-81.872718811035156;
2412307692.3088717;-83.290214538574219;
2412467948.7191281;-85.030250549316406;
2412628205.1293845;-85.513862609863281;
2412788461.5396409;-85.650794982910156;
2412948717.9498973;-85.687240600585938;
2413108974.3601537;-85.666130065917969;
2413269230.7704101;-85.704551696777344;
2413429487.1806664;-85.704559326171875;
2413589743.5909228;-85.706474304199219;
2413750000.0011792;-85.702629089355469;
2413910256.4114356;-85.70648193359375;
2414070512.8216925;-85.677635192871094;
2414230769.2319489;-85.654640197753906;
2414391025.6422052;-85.63360595703125;
2414551282.0524616;-85.635505676269531;
2414711538.462718;-85.664215087890625;
2414871794.8729744;-85.671890258789063;
2415032051.2832308;-85.673805236816406;
2415192307.6934872;-85.70648193359375;
2415352564.1037436;-85.635498046875;
2415512820.5139999;-85.625961303710938;
2415673076.9242563;-85.637420654296875;
2415833333.3345127;-85.643150329589844;
2415993589.7447691;-85.6929931640625;
2416153846.1550255;-85.681480407714844;
2416314102.5652819;-85.70648193359375;
2416474358.9755383;-85.714179992675781;
2416634615.3857946;-85.656547546386719;
2416794871.796051;-85.631683349609375;
2416955128.2063074;-85.643150329589844;
2417115384.6165643;-85.6929931640625;
2417275641.0268207;-85.708412170410156;
2417435897.437077;-85.708412170410156;
2417596153.8473334;-85.702629089355469;
2417756410.2575898;-85.700698852539063;
2417916666.6678462;-85.671890258789063;
2418076923.0781026;-85.637420654296875;
2418237179.488359;-85.6527099609375;
2418397435.8986154;-85.631690979003906;
2418557692.3088717;-85.631690979003906;
2418717948.7191281;-85.645065307617188;
2418878205.1293845;-85.658439636230469;
2419038461.5396409;-85.70648193359375;
2419198717.9498973;-85.708412170410156;
2419358974.3601537;-85.66229248046875;
2419519230.7704101;-85.66229248046875;
2419679487.1806664;-85.645065307617188;
2419839743.5909228;-85.668052673339844;
2420000000.0011792;-85.704551696777344;
2420160256.4114356;-85.664192199707031;
2420320512.8216925;-85.662300109863281;
2420480769.2319489;-85.643150329589844;
2420641025.6422052;-85.63360595703125;
2420801282.0524616;-85.64697265625;
2420961538.462718;-85.629776000976563;
2421121794.8729744;-85.65655517578125;
2421282051.2832308;-85.660377502441406;
2421442307.6934872;-85.629783630371094;
2421602564.1037436;-85.635505676269531;
2421762820.5139999;-85.654632568359375;
2421923076.9242563;-85.681480407714844;
2422083333.3345127;-85.645065307617188;
2422243589.7447691;-85.66229248046875;
2422403846.1550255;-85.654632568359375;
2422564102.5652819;-85.658470153808594;
2422724358.9755383;-85.698768615722656;
2422884615.3857946;-85.704559326171875;
2423044871.796051;-85.679550170898437;
2423205128.2063074;-85.660385131835938;
2423365384.6165643;-85.648895263671875;
2423525641.0268207;-85.689140319824219;
2423685897.437077;-85.702621459960937;
2423846153.8473334;-85.687217712402344;
2424006410.2575898;-85.641250610351563;
2424166666.6678462;-85.641250610351563;
2424326923.0781026;-85.639328002929688;
2424487179.488359;-85.658462524414062;
2424647435.8986154;-85.673782348632813;
2424807692.3088717;-85.691085815429687;
2424967948.7191281;-85.710334777832031;
2425128205.1293845;-85.708389282226563;
2425288461.5396409;-85.691078186035156;
2425448717.9498973;-85.708412170410156;
2425608974.3601537;-85.714187622070313;
2425769230.7704101;-85.70263671875;
2425929487.1806664;-85.702629089355469;
2426089743.5909228;-85.70263671875;
2426250000.0011792;-85.702621459960937;
2426410256.4114356;-85.669960021972656;
2426570512.8216925;-85.681449890136719;
2426730769.2319489;-85.698768615722656;
2426891025.6422052;-85.668037414550781;
2427051282.0524616;-85.654632568359375;
2427211538.462718;-85.650749206542969;
2427371794.8729744;-85.604942321777344;
2427532051.2832308;-85.601119995117188;
2427692307.6934872;-85.487686157226563;
2427852564.1037436;-85.362457275390625;
2428012820.5139999;-85.1845703125;
2428173076.9242563;-85.051025390625;
2428333333.3345127;-84.5322265625;
2428493589.7447691;-84.053558349609375;
2428653846.1550255;-83.507972717285156;
2428814102.5652819;-82.598541259765625;
2428974358.9755383;-81.653884887695312;
2429134615.3857946;-80.527259826660156;
2429294871.796051;-78.822608947753906;
2429455128.2063074;-77.537940979003906;
2429615384.6165643;-76.211944580078125;
2429775641.0268207;-73.349807739257813;
2429935897.437077;-71.560661315917969;
2430096153.8473334;-69.968040466308594;
2430256410.2575898;-67.808570861816406;
2430416666.6678462;-66.132720947265625;
2430576923.0781026;-64.63409423828125;
2430737179.488359;-62.655269622802734;
2430897435.8986154;-61.299957275390625;
2431057692.3088717;-59.703426361083984;
2431217948.7191281;-57.898220062255859;
2431378205.1293845;-56.399639129638672;
2431538461.5396409;-54.953594207763672;
2431698717.9498973;-52.910896301269531;
2431858974.3601537;-51.298686981201172;
2432019230.7704101;-49.931846618652344;
2432179487.1806664;-48.286796569824219;
2432339743.5909228;-47.055255889892578;
2432500000.0011792;-45.801319122314453;
2432660256.4114356;-44.292110443115234;
2432820512.8216925;-43.120803833007813;
2432980769.2319489;-41.874515533447266;
2433141025.6422052;-40.527824401855469;
2433301282.0524616;-39.596267700195313;
2433461538.462718;-38.561790466308594;
2433621794.8729744;-37.438941955566406;
2433782051.2832308;-36.746612548828125;
2433942307.6934872;-36.036823272705078;
2434102564.1037436;-35.34130859375;
2434262820.5139999;-34.983627319335938;
2434423076.9242563;-34.635902404785156;
2434583333.3345127;-34.537624359130859;
2434743589.7447691;-34.612709045410156;
2434903846.1550255;-34.824092864990234;
2435064102.5652819;-35.274311065673828;
2435224358.9755383;-35.826290130615234;
2435384615.3857946;-36.545860290527344;
2435544871.796051;-37.447311401367187;
2435705128.2063074;-38.220809936523438;
2435865384.6165643;-39.212520599365234;
2436025641.0268207;-40.433956146240234;
2436185897.437077;-41.375003814697266;
2436346153.8473334;-42.540012359619141;
2436506410.2575898;-43.905574798583984;
2436666666.6678462;-44.935214996337891;
2436826923.0781026;-46.247360229492188;
2436987179.488359;-47.760478973388672;
2437147435.8986154;-48.886234283447266;
2437307692.3088717;-50.306663513183594;
2437467948.7191281;-51.884014129638672;
2437628205.1293845;-53.080528259277344;
2437788461.5396409;-54.590362548828125;
2437948717.9498973;-56.153766632080078;
2438108974.3601537;-57.294258117675781;
2438269230.7704101;-58.902114868164063;
2438429487.1806664;-60.084178924560547;
2438589743.5909228;-61.162956237792969;
2438750000.0011792;-62.837459564208984;
2438910256.4114356;-64.017799377441406;
2439070512.8216925;-65.208587646484375;
2439230769.2319489;-66.911224365234375;
2439391025.6422052;-68.145759582519531;
2439551282.0524616;-69.328468322753906;
2439711538.462718;-71.138786315917969;
2439871794.8729744;-72.464897155761719;
2440032051.2832308;-73.765785217285156;
2440192307.6934872;-75.781059265136719;
2440352564.1037436;-77.23150634765625;
2440512820.5139999;-78.580215454101563;
2440673076.9242563;-80.579559326171875;
2440833333.3345127;-81.775726318359375;
2440993589.7447691;-82.882171630859375;
2441153846.1550255;-84.053993225097656;
2441314102.5652819;-84.633979797363281;
2441474358.9755383;-85.048934936523438;
2441634615.3857946;-85.372024536132813;
2441794871.796051;-85.485855102539062;
2441955128.2063074;-85.597312927246094;
2442115384.6165643;-85.702621459960937;
2442275641.0268207;-85.714187622070313;
2442435897.437077;-85.73541259765625;
2442596153.8473334;-85.721900939941406;
2442756410.2575898;-85.721893310546875;
2442916666.6678462;-85.718048095703125;
2443076923.0781026;-85.727684020996094;
2443237179.488359;-85.76251220703125;
2443397435.8986154;-85.781913757324219;
2443557692.3088717;-85.7955322265625;
2443717948.7191281;-85.7955322265625;
2443878205.1293845;-85.809158325195313;
2444038461.5396409;-85.801361083984375;
2444198717.9498973;-85.803314208984375;
2444358974.3601537;-85.822807312011719;
2444519230.7704101;-85.77996826171875;
2444679487.1806664;-85.81890869140625;
2444839743.5909228;-85.813056945800781;
2445000000.0011792;-85.719886779785156;
2445160256.4114356;-85.766319274902344;
2445320512.8216925;-85.797470092773438;
2445480769.2319489;-85.813056945800781;
2445641025.6422052;-85.787750244140625;
2445801282.0524616;-85.81500244140625;
2445961538.462718;-85.797439575195313;
2446121794.8729744;-85.803306579589844;
2446282051.2832308;-85.813056945800781;
2446442307.6934872;-85.807205200195313;
2446602564.1037436;-85.793571472167969;
2446762820.5139999;-85.801361083984375;
2446923076.9242563;-85.81500244140625;
2447083333.3345127;-85.828666687011719;
2447243589.7447691;-85.809150695800781;
2447403846.1550255;-85.82086181640625;
2447564102.5652819;-85.824752807617188;
2447724358.9755383;-85.814956665039062;
2447884615.3857946;-85.702621459960937;
2448044871.796051;-85.708412170410156;
2448205128.2063074;-84.443305969238281;
2448365384.6165643;-77.122421264648437;
2448525641.0268207;-74.800460815429688;
2448685897.437077;-74.281715393066406;
2448846153.8473334;-78.932403564453125;
2449006410.2575898;-83.494377136230469;
2449166666.6678462;-85.170867919921875;
2449326923.0781026;-83.356300354003906;
2449487179.488359;-76.797431945800781;
2449647435.8986154;-74.878860473632813;
2449807692.3088717;-75.198600769042969;
2449967948.7191281;-80.772964477539063;
2450128205.1293845;-84.223625183105469;
2450288461.5396409;-85.368629455566406;
2450448717.9498973;-85.340065002441406;
2450608974.3601537;-84.804634094238281;
2450769230.7704101;-84.44622802734375;
2450929487.1806664;-84.631813049316406;
2451089743.5909228;-85.486663818359375;
2451250000.0011792;-85.7276611328125;
2451410256.4114356;-85.777969360351563;
2451570512.8216925;-85.813056945800781;
2451730769.2319489;-85.81890869140625;
2451891025.6422052;-85.815010070800781;
2452051282.0524616;-85.813056945800781;
2452211538.462718;-85.826713562011719;
2452371794.8729744;-85.803314208984375;
2452532051.2832308;-85.826705932617188;
2452692307.6934872;-85.818893432617188;
2452852564.1037436;-85.811103820800781;
2453012820.5139999;-85.83453369140625;
2453173076.9242563;-85.822799682617188;
2453333333.3345127;-85.741111755371094;
2453493589.7447691;-85.758575439453125;
2453653846.1550255;-85.811088562011719;
2453814102.5652819;-85.82281494140625;
2453974358.9755383;-85.82476806640625;
2454134615.3857946;-85.838424682617187;
2454294871.796051;-85.83453369140625;
2454455128.2063074;-85.813056945800781;
2454615384.6165643;-85.824760437011719;
2454775641.0268207;-85.823249816894531;
2454935897.437077;-85.82281494140625;
2455096153.8473334;-85.818901062011719;
2455256410.2575898;-85.834518432617188;
2455416666.6678462;-85.828666687011719;
2455576923.0781026;-85.832572937011719;
2455737179.488359;-85.684616088867188;
2455897435.8986154;-85.6910400390625;
2456057692.3088717;-85.762496948242188;
2456217948.7191281;-85.81109619140625;
2456378205.1293845;-85.822807312011719;
2456538461.5396409;-85.83648681640625;
2456698717.9498973;-85.866722106933594;
2456858974.3601537;-85.858009338378906;
2457019230.7704101;-85.82281494140625;
2457179487.1806664;-85.82281494140625;
2457339743.5909228;-85.822807312011719;
2457500000.0011792;-85.834518432617188;
2457660256.4114356;-85.87567138671875;
2457820512.8216925;-85.889427185058594;
2457980769.2319489;-85.897300720214844;
2458141025.6422052;-85.881484985351563;
2458301282.0524616;-85.838432312011719;
2458461538.462718;-85.824760437011719;
2458621794.8729744;-85.824760437011719;
2458782051.2832308;-85.830619812011719;
2458942307.6934872;-85.821510314941406;
2459102564.1037436;-85.836471557617188;
2459262820.5139999;-85.8697509765625;
2459423076.9242563;-85.907150268554688;
2459583333.3345127;-85.889419555664063;
2459743589.7447691;-85.879600524902344;
2459903846.1550255;-85.889427185058594;
2460064102.5652819;-85.909126281738281;
2460224358.9755383;-85.9012451171875;
2460384615.3857946;-85.885498046875;
2460544871.796051;-85.887466430664063;
2460705128.2063074;-85.9150390625;
2460865384.6165643;-85.903205871582031;
2461025641.0268207;-85.866729736328125;
2461185897.437077;-85.854095458984375;
2461346153.8473334;-85.867805480957031;
2461506410.2575898;-85.893363952636719;
2461666666.6678462;-85.903205871582031;
2461826923.0781026;-85.897300720214844;
2461987179.488359;-85.899261474609375;
2462147435.8986154;-85.911094665527344;
2462307692.3088717;-85.901237487792969;
2462467948.7191281;-85.905174255371094;
2462628205.1293845;-85.918975830078125;
2462788461.5396409;-85.911087036132812;
2462948717.9498973;-85.913063049316406;
2463108974.3601537;-85.913063049316406;
2463269230.7704101;-85.895332336425781;
2463429487.1806664;-85.889419555664063;
2463589743.5909228;-85.899925231933594;
2463750000.0011792;-85.913063049316406;
2463910256.4114356;-85.93280029296875;
2464070512.8216925;-85.905181884765625;
2464230769.2319489;-85.905181884765625;
2464391025.6422052;-85.907150268554688;
2464551282.0524616;-85.9031982421875;
2464711538.462718;-85.909126281738281;
2464871794.8729744;-85.911094665527344;
2465032051.2832308;-85.911094665527344;
2465192307.6934872;-85.911094665527344;
2465352564.1037436;-85.9150390625;
2465512820.5139999;-85.903205871582031;
2465673076.9242563;-85.889434814453125;
2465833333.3345127;-85.899269104003906;
2465993589.7447691;-85.907150268554688;
2466153846.1550255;-85.917442321777344;
2466314102.5652819;-85.893363952636719;
2466474358.9755383;-85.897293090820313;
2466634615.3857946;-85.883529663085937;
2466794871.796051;-85.905181884765625;
2466955128.2063074;-85.905181884765625;
2467115384.6165643;-85.909126281738281;
2467275641.0268207;-85.899269104003906;
2467435897.437077;-85.891380310058594;
2467596153.8473334;-85.907150268554688;
2467756410.2575898;-85.913063049316406;
2467916666.6678462;-85.907150268554688;
2468076923.0781026;-85.903213500976563;
2468237179.488359;-85.899269104003906;
2468397435.8986154;-85.9150390625;
2468557692.3088717;-85.895317077636719;
2468717948.7191281;-85.883529663085937;
2468878205.1293845;-85.852119445800781;
2469038461.5396409;-85.892921447753906;
2469198717.9498973;-85.891387939453125;
2469358974.3601537;-85.9031982421875;
2469519230.7704101;-85.905174255371094;
2469679487.1806664;-85.885498046875;
2469839743.5909228;-85.905174255371094;
2470000000.0011792;-85.879600524902344;
2470160256.4114356;-85.90911865234375;
2470320512.8216925;-85.875663757324219;
2470480769.2319489;-85.869781494140625;
2470641025.6422052;-85.842330932617187;
2470801282.0524616;-85.830619812011719;
2470961538.462718;-85.885475158691406;
2471121794.8729744;-85.9031982421875;
2471282051.2832308;-85.907127380371094;
2471442307.6934872;-85.881568908691406;
2471602564.1037436;-85.88348388671875;
2471762820.5139999;-85.869781494140625;
2471923076.9242563;-85.84234619140625;
2472083333.3345127;-85.826705932617188;
2472243589.7447691;-85.836456298828125;
2472403846.1550255;-85.87762451171875;
2472564102.5652819;-85.873710632324219;
2472724358.9755383;-85.887466430664063;
2472884615.3857946;-85.869781494140625;
2473044871.796051;-85.891380310058594;
2473205128.2063074;-85.899261474609375;
2473365384.6165643;-85.87762451171875;
2473525641.0268207;-85.869781494140625;
2473685897.437077;-85.82867431640625;
2473846153.8473334;-85.844276428222656;
2474006410.2575898;-85.911094665527344;
2474166666.6678462;-85.89532470703125;
2474326923.0781026;-85.903205871582031;
2474487179.488359;-85.917015075683594;
2474647435.8986154;-85.909126281738281;
2474807692.3088717;-85.907150268554688;
2474967948.7191281;-85.895317077636719;
2475128205.1293845;-85.903205871582031;
2475288461.5396409;-85.913063049316406;
2475448717.9498973;-85.907150268554688;
2475608974.3601537;-85.909126281738281;
2475769230.7704101;-85.913063049316406;
2475929487.1806664;-85.911094665527344;
2476089743.5909228;-85.913063049316406;
2476250000.0011792;-85.917007446289062;
2476410256.4114356;-85.907150268554688;
2476570512.8216925;-85.913063049316406;
2476730769.2319489;-85.910438537597656;
2476891025.6422052;-85.913063049316406;
2477051282.0524616;-85.907150268554688;
2477211538.462718;-85.881568908691406;
2477371794.8729744;-85.873710632324219;
2477532051.2832308;-85.907150268554688;
2477692307.6934872;-85.913063049316406;
2477852564.1037436;-85.903205871582031;
2478012820.5139999;-85.905174255371094;
2478173076.9242563;-85.9150390625;
2478333333.3345127;-85.913063049316406;
2478493589.7447691;-85.9150390625;
2478653846.1550255;-85.907142639160156;
2478814102.5652819;-85.889434814453125;
2478974358.9755383;-85.911094665527344;
2479134615.3857946;-85.9150390625;
2479294871.796051;-85.901229858398438;
2479455128.2063074;-85.9150390625;
2479615384.6165643;-85.911087036132812;
2479775641.0268207;-85.917015075683594;
2479935897.437077;-85.899253845214844;
2480096153.8473334;-85.917015075683594;
2480256410.2575898;-85.905174255371094;
2480416666.6678462;-85.9150390625;
2480576923.0781026;-85.895317077636719;
2480737179.488359;-85.905166625976563;
2480897435.8986154;-85.918983459472656;
2481057692.3088717;-85.922927856445312;
2481217948.7191281;-85.907142639160156;
2481378205.1293845;-85.92095947265625;
2481538461.5396409;-85.911094665527344;
2481698717.9498973;-85.9031982421875;
2481858974.3601537;-85.903205871582031;
2482019230.7704101;-85.913063049316406;
2482179487.1806664;-85.922935485839844;
2482339743.5909228;-85.9150390625;
2482500000.0011792;-85.917015075683594;
2482660256.4114356;-85.913063049316406;
2482820512.8216925;-85.908683776855469;
2482980769.2319489;-85.918983459472656;
2483141025.6422052;-85.911094665527344;
2483301282.0524616;-85.909126281738281;
2483461538.462718;-85.911094665527344;
2483621794.8729744;-85.917015075683594;
2483782051.2832308;-85.911094665527344;
2483942307.6934872;-85.9150390625;
2484102564.1037436;-85.928855895996094;
2484262820.5139999;-85.909126281738281;
