Type;ESU;
Version;4.43;
Date;03.Jun 16;
Mode;ANALYZER;
Center Freq;2434262820.514000;Hz
Freq Offset;0.000000;Hz
Span;100000000.000000;Hz
x-Axis;LIN;
Start;2384262820.514000;Hz
Stop;2484262820.514000;Hz
Ref Level;-9.000000;dBm
Level Offset;0.000000;dB
Ref Position;100.000000;%
y-Axis;LOG;
Level Range;100.000000;dB
Rf Att;5.000000;dB
RBW;2000000.000000;Hz
VBW;50.000000;Hz
SWT;2.500000;s
Trace Mode;CLR/WRITE;
Detector;RMS;
Sweep Count;0;
Trace 1:;;
x-Unit;Hz;
y-Unit;dBm;
Values;625;
2384262820.5139999;-85.709632873535156;
2384423076.9242563;-85.708404541015625;
2384583333.3345127;-85.70648193359375;
2384743589.7447691;-85.704544067382812;
2384903846.1550255;-85.70648193359375;
2385064102.5652819;-85.70648193359375;
2385224358.9755383;-85.677642822265625;
2385384615.3857946;-85.656524658203125;
2385544871.796051;-85.639335632324219;
2385705128.2063074;-85.650802612304688;
2385865384.6165643;-85.681480407714844;
2386025641.0268207;-85.683403015136719;
2386185897.437077;-85.714187622070313;
2386346153.8473334;-85.689155578613281;
2386506410.2575898;-85.681480407714844;
2386666666.6678462;-85.694931030273438;
2386826923.0781026;-85.646919250488281;
2386987179.488359;-85.629768371582031;
2387147435.8986154;-85.652679443359375;
2387307692.3088717;-85.618324279785156;
2387467948.7191281;-85.648895263671875;
2387628205.1293845;-85.652725219726563;
2387788461.5396409;-85.637420654296875;
2387948717.9498973;-85.675704956054688;
2388108974.3601537;-85.679542541503906;
2388269230.7704101;-85.698768615722656;
2388429487.1806664;-85.641220092773438;
2388589743.5909228;-85.694923400878906;
2388750000.0011792;-85.658462524414062;
2388910256.4114356;-85.656494140625;
2389070512.8216925;-85.633598327636719;
2389230769.2319489;-85.593544006347656;
2389391025.6422052;-85.616378784179688;
2389551282.0524616;-85.6641845703125;
2389711538.462718;-85.631690979003906;
2389871794.8729744;-85.585968017578125;
2390032051.2832308;-85.587844848632813;
2390192307.6934872;-85.616409301757812;
2390352564.1037436;-85.627876281738281;
2390512820.5139999;-85.593505859375;
2390673076.9242563;-85.622093200683594;
2390833333.3345127;-85.595428466796875;
2390993589.7447691;-85.618301391601563;
2391153846.1550255;-85.538612365722656;
2391314102.5652819;-85.54608154296875;
2391474358.9755383;-85.506484985351563;
2391634615.3857946;-85.472496032714844;
2391794871.796051;-85.500778198242188;
2391955128.2063074;-85.483390808105469;
2392115384.6165643;-85.523300170898438;
2392275641.0268207;-85.460525512695313;
2392435897.437077;-85.525215148925781;
2392596153.8473334;-85.415664672851562;
2392756410.2575898;-85.493240356445313;
2392916666.6678462;-85.275520324707031;
2393076923.0781026;-85.444297790527344;
2393237179.488359;-85.257301330566406;
2393397435.8986154;-85.461219787597656;
2393557692.3088717;-85.181297302246094;
2393717948.7191281;-85.39764404296875;
2393878205.1293845;-85.075248718261719;
2394038461.5396409;-85.258262634277344;
2394198717.9498973;-85.185096740722656;
2394358974.3601537;-85.207679748535156;
2394519230.7704101;-85.266212463378906;
2394679487.1806664;-85.176345825195313;
2394839743.5909228;-85.286331176757813;
2395000000.0011792;-85.158309936523438;
2395160256.4114356;-85.319747924804688;
2395320512.8216925;-85.193939208984375;
2395480769.2319489;-85.418205261230469;
2395641025.6422052;-85.238449096679688;
2395801282.0524616;-85.481956481933594;
2395961538.462718;-85.248298645019531;
2396121794.8729744;-85.480087280273438;
2396282051.2832308;-85.351341247558594;
2396442307.6934872;-85.479759216308594;
2396602564.1037436;-85.420181274414063;
2396762820.5139999;-85.459060668945313;
2396923076.9242563;-85.46142578125;
2397083333.3345127;-85.461151123046875;
2397243589.7447691;-85.531005859375;
2397403846.1550255;-85.46697998046875;
2397564102.5652819;-85.538597106933594;
2397724358.9755383;-85.463310241699219;
2397884615.3857946;-85.540489196777344;
2398044871.796051;-85.542366027832031;
2398205128.2063074;-85.576377868652344;
2398365384.6165643;-85.517875671386719;
2398525641.0268207;-85.504631042480469;
2398685897.437077;-85.523521423339844;
2398846153.8473334;-85.513931274414063;
2399006410.2575898;-85.578277587890625;
2399166666.6678462;-85.510208129882813;
2399326923.0781026;-85.525398254394531;
2399487179.488359;-85.500869750976563;
2399647435.8986154;-85.525413513183594;
2399807692.3088717;-85.489616394042969;
2399967948.7191281;-85.517875671386719;
2400128205.1293845;-85.500885009765625;
2400288461.5396409;-85.578384399414063;
2400448717.9498973;-85.534843444824219;
2400608974.3601537;-85.529190063476563;
2400769230.7704101;-85.491500854492188;
2400929487.1806664;-85.5367431640625;
2401089743.5909228;-85.578300476074219;
2401250000.0011792;-85.616416931152344;
2401410256.4114356;-85.587867736816406;
2401570512.8216925;-85.597633361816406;
2401730769.2319489;-85.553314208984375;
2401891025.6422052;-85.584625244140625;
2402051282.0524616;-85.551864624023438;
2402211538.462718;-85.523460388183594;
2402371794.8729744;-85.542404174804687;
2402532051.2832308;-85.531051635742187;
2402692307.6934872;-85.561317443847656;
2402852564.1037436;-85.536705017089844;
2403012820.5139999;-85.521629333496094;
2403173076.9242563;-85.540496826171875;
2403333333.3345127;-85.606903076171875;
2403493589.7447691;-85.567008972167969;
2403653846.1550255;-85.557518005371094;
2403814102.5652819;-85.559379577636719;
2403974358.9755383;-85.593589782714844;
2404134615.3857946;-85.60687255859375;
2404294871.796051;-85.631675720214844;
2404455128.2063074;-85.607322692871094;
2404615384.6165643;-85.615066528320312;
2404775641.0268207;-85.583648681640625;
2404935897.437077;-85.614524841308594;
2405096153.8473334;-85.616432189941406;
2405256410.2575898;-85.618339538574219;
2405416666.6678462;-85.578392028808594;
2405576923.0781026;-85.60308837890625;
2405737179.488359;-85.618331909179687;
2405897435.8986154;-85.608779907226562;
2406057692.3088717;-85.624031066894531;
2406217948.7191281;-85.646980285644531;
2406378205.1293845;-85.635467529296875;
2406538461.5396409;-85.618324279785156;
2406698717.9498973;-85.610710144042969;
2406858974.3601537;-85.614517211914062;
2407019230.7704101;-85.614517211914062;
2407179487.1806664;-85.616432189941406;
2407339743.5909228;-85.616432189941406;
2407500000.0011792;-85.603103637695313;
2407660256.4114356;-85.612617492675781;
2407820512.8216925;-85.616432189941406;
2407980769.2319489;-85.63360595703125;
2408141025.6422052;-85.610710144042969;
2408301282.0524616;-85.604972839355469;
2408461538.462718;-85.618331909179687;
2408621794.8729744;-85.58404541015625;
2408782051.2832308;-85.536735534667969;
2408942307.6934872;-85.559417724609375;
2409102564.1037436;-85.616432189941406;
2409262820.5139999;-85.608772277832031;
2409423076.9242563;-85.629753112792969;
2409583333.3345127;-85.593574523925781;
2409743589.7447691;-85.595451354980469;
2409903846.1550255;-85.555648803710938;
2410064102.5652819;-85.595466613769531;
2410224358.9755383;-85.616432189941406;
2410384615.3857946;-85.587852478027344;
2410544871.796051;-85.601158142089844;
2410705128.2063074;-85.608795166015625;
2410865384.6165643;-85.635513305664063;
2411025641.0268207;-85.608810424804688;
2411185897.437077;-85.618316650390625;
2411346153.8473334;-85.6412353515625;
2411506410.2575898;-85.627349853515625;
2411666666.6678462;-85.63250732421875;
2411826923.0781026;-85.631675720214844;
2411987179.488359;-85.6202392578125;
2412147435.8986154;-85.574577331542969;
2412307692.3088717;-85.614501953125;
2412467948.7191281;-85.593536376953125;
2412628205.1293845;-85.606903076171875;
2412788461.5396409;-85.576446533203125;
2412948717.9498973;-85.63360595703125;
2413108974.3601537;-85.66229248046875;
2413269230.7704101;-85.635482788085937;
2413429487.1806664;-85.614517211914062;
2413589743.5909228;-85.610710144042969;
2413750000.0011792;-85.612617492675781;
2413910256.4114356;-85.622154235839844;
2414070512.8216925;-85.618339538574219;
2414230769.2319489;-85.597663879394531;
2414391025.6422052;-85.624053955078125;
2414551282.0524616;-85.618339538574219;
2414711538.462718;-85.618339538574219;
2414871794.8729744;-85.612617492675781;
2415032051.2832308;-85.658401489257813;
2415192307.6934872;-85.694931030273438;
2415352564.1037436;-85.66802978515625;
2415512820.5139999;-85.616432189941406;
2415673076.9242563;-85.624053955078125;
2415833333.3345127;-85.650802612304688;
2415993589.7447691;-85.62786865234375;
2416153846.1550255;-85.599281311035156;
2416314102.5652819;-85.625961303710938;
2416474358.9755383;-85.635490417480469;
2416634615.3857946;-85.612625122070313;
2416794871.796051;-85.612892150878906;
2416955128.2063074;-85.620246887207031;
2417115384.6165643;-85.625961303710938;
2417275641.0268207;-85.620246887207031;
2417435897.437077;-85.624061584472656;
2417596153.8473334;-85.631690979003906;
2417756410.2575898;-85.646980285644531;
2417916666.6678462;-85.645072937011719;
2418076923.0781026;-85.646965026855469;
2418237179.488359;-85.599281311035156;
2418397435.8986154;-85.625946044921875;
2418557692.3088717;-85.639320373535156;
2418717948.7191281;-85.610710144042969;
2418878205.1293845;-85.6412353515625;
2419038461.5396409;-85.618339538574219;
2419198717.9498973;-85.618339538574219;
2419358974.3601537;-85.635513305664063;
2419519230.7704101;-85.610702514648437;
2419679487.1806664;-85.622146606445313;
2419839743.5909228;-85.616432189941406;
2420000000.0011792;-85.614524841308594;
2420160256.4114356;-85.635498046875;
2420320512.8216925;-85.643150329589844;
2420480769.2319489;-85.616424560546875;
2420641025.6422052;-85.63739013671875;
2420801282.0524616;-85.627861022949219;
2420961538.462718;-85.593559265136719;
2421121794.8729744;-85.625961303710938;
2421282051.2832308;-85.625961303710938;
2421442307.6934872;-85.597381591796875;
2421602564.1037436;-85.534843444824219;
2421762820.5139999;-85.608802795410156;
2421923076.9242563;-85.629768371582031;
2422083333.3345127;-85.616424560546875;
2422243589.7447691;-85.624061584472656;
2422403846.1550255;-85.614517211914062;
2422564102.5652819;-85.625961303710938;
2422724358.9755383;-85.604965209960937;
2422884615.3857946;-85.618339538574219;
2423044871.796051;-85.610710144042969;
2423205128.2063074;-85.615066528320312;
2423365384.6165643;-85.616401672363281;
2423525641.0268207;-85.625961303710938;
2423685897.437077;-85.627861022949219;
2423846153.8473334;-85.612625122070313;
2424006410.2575898;-85.629776000976563;
2424166666.6678462;-85.620246887207031;
2424326923.0781026;-85.618339538574219;
2424487179.488359;-85.637405395507813;
2424647435.8986154;-85.622146606445313;
2424807692.3088717;-85.616416931152344;
2424967948.7191281;-85.608810424804688;
2425128205.1293845;-85.591629028320312;
2425288461.5396409;-85.616378784179688;
2425448717.9498973;-85.631668090820312;
2425608974.3601537;-85.618339538574219;
2425769230.7704101;-85.553718566894531;
2425929487.1806664;-85.542396545410156;
2426089743.5909228;-85.498992919921875;
2426250000.0011792;-85.542366027832031;
2426410256.4114356;-85.46710205078125;
2426570512.8216925;-85.40966796875;
2426730769.2319489;-85.195358276367188;
2426891025.6422052;-85.17138671875;
2427051282.0524616;-84.958900451660156;
2427211538.462718;-84.549819946289062;
2427371794.8729744;-84.547874450683594;
2427532051.2832308;-83.329872131347656;
2427692307.6934872;-83.783798217773438;
2427852564.1037436;-81.128814697265625;
2428012820.5139999;-82.282867431640625;
2428173076.9242563;-78.639411926269531;
2428333333.3345127;-78.620407104492188;
2428493589.7447691;-75.845657348632812;
2428653846.1550255;-73.691009521484375;
2428814102.5652819;-73.090202331542969;
2428974358.9755383;-69.562950134277344;
2429134615.3857946;-68.798225402832031;
2429294871.796051;-65.553390502929687;
2429455128.2063074;-65.242599487304688;
2429615384.6165643;-62.347236633300781;
2429775641.0268207;-61.881805419921875;
2429935897.437077;-57.843162536621094;
2430096153.8473334;-58.001186370849609;
2430256410.2575898;-54.632076263427734;
2430416666.6678462;-54.714130401611328;
2430576923.0781026;-52.000591278076172;
2430737179.488359;-50.674198150634766;
2430897435.8986154;-48.77264404296875;
2431057692.3088717;-47.359260559082031;
2431217948.7191281;-46.452949523925781;
2431378205.1293845;-44.127059936523438;
2431538461.5396409;-43.040843963623047;
2431698717.9498973;-41.009788513183594;
2431858974.3601537;-40.747524261474609;
2432019230.7704101;-38.731510162353516;
2432179487.1806664;-38.00616455078125;
2432339743.5909228;-35.577465057373047;
2432500000.0011792;-35.469257354736328;
2432660256.4114356;-33.88037109375;
2432820512.8216925;-33.451633453369141;
2432980769.2319489;-31.885208129882812;
2433141025.6422052;-31.12272834777832;
2433301282.0524616;-30.560459136962891;
2433461538.462718;-30.091634750366211;
2433621794.8729744;-29.657169342041016;
2433782051.2832308;-29.281337738037109;
2433942307.6934872;-29.092802047729492;
2434102564.1037436;-29.270759582519531;
2434262820.5139999;-29.326974868774414;
2434423076.9242563;-29.698677062988281;
2434583333.3345127;-29.979196548461914;
2434743589.7447691;-31.001672744750977;
2434903846.1550255;-31.375547409057617;
2435064102.5652819;-32.439380645751953;
2435224358.9755383;-32.91302490234375;
2435384615.3857946;-34.44696044921875;
2435544871.796051;-35.639396667480469;
2435705128.2063074;-36.694908142089844;
2435865384.6165643;-37.63330078125;
2436025641.0268207;-39.090656280517578;
2436185897.437077;-40.347396850585937;
2436346153.8473334;-42.173900604248047;
2436506410.2575898;-43.043792724609375;
2436666666.6678462;-44.367713928222656;
2436826923.0781026;-45.543113708496094;
2436987179.488359;-47.113731384277344;
2437147435.8986154;-48.852222442626953;
2437307692.3088717;-49.735584259033203;
2437467948.7191281;-51.297267913818359;
2437628205.1293845;-52.198040008544922;
2437788461.5396409;-54.091487884521484;
2437948717.9498973;-55.448055267333984;
2438108974.3601537;-56.820766448974609;
2438269230.7704101;-57.794288635253906;
2438429487.1806664;-59.351699829101563;
2438589743.5909228;-60.587966918945313;
2438750000.0011792;-62.647830963134766;
2438910256.4114356;-63.542995452880859;
2439070512.8216925;-65.114570617675781;
2439230769.2319489;-66.302749633789063;
2439391025.6422052;-68.0355224609375;
2439551282.0524616;-70.152450561523438;
2439711538.462718;-71.391181945800781;
2439871794.8729744;-73.161453247070313;
2440032051.2832308;-74.224891662597656;
2440192307.6934872;-77.979110717773438;
2440352564.1037436;-79.831878662109375;
2440512820.5139999;-81.217414855957031;
2440673076.9242563;-82.262657165527344;
2440833333.3345127;-83.291328430175781;
2440993589.7447691;-84.269828796386719;
2441153846.1550255;-84.871406555175781;
2441314102.5652819;-85.051986694335938;
2441474358.9755383;-85.270545959472656;
2441634615.3857946;-85.3831787109375;
2441794871.796051;-85.51202392578125;
2441955128.2063074;-85.616432189941406;
2442115384.6165643;-85.612617492675781;
2442275641.0268207;-85.650794982910156;
2442435897.437077;-85.696846008300781;
2442596153.8473334;-85.70648193359375;
2442756410.2575898;-85.712265014648437;
2442916666.6678462;-85.718040466308594;
2443076923.0781026;-85.721893310546875;
2443237179.488359;-85.708404541015625;
2443397435.8986154;-85.710334777832031;
2443557692.3088717;-85.69683837890625;
2443717948.7191281;-85.714179992675781;
2443878205.1293845;-85.70648193359375;
2444038461.5396409;-85.712265014648437;
2444198717.9498973;-85.704551696777344;
2444358974.3601537;-85.723831176757813;
2444519230.7704101;-85.718040466308594;
2444679487.1806664;-85.712257385253906;
2444839743.5909228;-85.706466674804688;
2445000000.0011792;-85.702621459960937;
2445160256.4114356;-85.731552124023438;
2445320512.8216925;-85.758552551269531;
2445480769.2319489;-85.805259704589844;
2445641025.6422052;-85.723747253417969;
2445801282.0524616;-85.689155578613281;
2445961538.462718;-85.702621459960937;
2446121794.8729744;-85.729606628417969;
2446282051.2832308;-85.739250183105469;
2446442307.6934872;-85.719963073730469;
2446602564.1037436;-85.712265014648437;
2446762820.5139999;-85.714187622070313;
2446923076.9242563;-85.72381591796875;
2447083333.3345127;-85.743141174316406;
2447243589.7447691;-85.70648193359375;
2447403846.1550255;-85.714187622070313;
2447564102.5652819;-85.708412170410156;
2447724358.9755383;-85.702598571777344;
2447884615.3857946;-85.700675964355469;
2448044871.796051;-85.764450073242188;
2448205128.2063074;-85.700698852539063;
2448365384.6165643;-85.708396911621094;
2448525641.0268207;-85.743141174316406;
2448685897.437077;-85.702629089355469;
2448846153.8473334;-85.71417236328125;
2449006410.2575898;-85.719963073730469;
2449166666.6678462;-85.712257385253906;
2449326923.0781026;-85.731552124023438;
2449487179.488359;-85.745086669921875;
2449647435.8986154;-85.712249755859375;
2449807692.3088717;-85.721893310546875;
2449967948.7191281;-85.745071411132812;
2450128205.1293845;-85.712257385253906;
2450288461.5396409;-85.712249755859375;
2450448717.9498973;-85.687164306640625;
2450608974.3601537;-85.629776000976563;
2450769230.7704101;-85.700660705566406;
2450929487.1806664;-85.760574340820313;
2451089743.5909228;-85.745513916015625;
2451250000.0011792;-85.713623046875;
2451410256.4114356;-85.755805969238281;
2451570512.8216925;-85.811111450195313;
2451730769.2319489;-85.750877380371094;
2451891025.6422052;-85.697921752929688;
2452051282.0524616;-85.058433532714844;
2452211538.462718;-85.184455871582031;
2452371794.8729744;-85.457283020019531;
2452532051.2832308;-85.425117492675781;
2452692307.6934872;-85.361221313476562;
2452852564.1037436;-85.173622131347656;
2453012820.5139999;-85.314765930175781;
2453173076.9242563;-84.725395202636719;
2453333333.3345127;-85.110336303710938;
2453493589.7447691;-85.345314025878906;
2453653846.1550255;-85.395454406738281;
2453814102.5652819;-85.39739990234375;
2453974358.9755383;-85.668022155761719;
2454134615.3857946;-85.40032958984375;
2454294871.796051;-85.429458618164063;
2454455128.2063074;-85.467071533203125;
2454615384.6165643;-84.678314208984375;
2454775641.0268207;-79.113777160644531;
2454935897.437077;-79.882637023925781;
2455096153.8473334;-79.000404357910156;
2455256410.2575898;-80.678146362304688;
2455416666.6678462;-83.936630249023438;
2455576923.0781026;-85.068222045898438;
2455737179.488359;-85.431564331054688;
2455897435.8986154;-85.303558349609375;
2456057692.3088717;-85.453681945800781;
2456217948.7191281;-85.208160400390625;
2456378205.1293845;-85.3016357421875;
2456538461.5396409;-85.425811767578125;
2456698717.9498973;-85.633293151855469;
2456858974.3601537;-85.747001647949219;
2457019230.7704101;-85.762481689453125;
2457179487.1806664;-85.706451416015625;
2457339743.5909228;-85.712043762207031;
2457500000.0011792;-85.723770141601563;
2457660256.4114356;-85.737312316894531;
2457820512.8216925;-85.743133544921875;
2457980769.2319489;-85.681365966796875;
2458141025.6422052;-85.716079711914062;
2458301282.0524616;-85.568710327148438;
2458461538.462718;-85.687210083007813;
2458621794.8729744;-85.694839477539063;
2458782051.2832308;-85.776039123535156;
2458942307.6934872;-85.766326904296875;
2459102564.1037436;-85.793502807617187;
2459262820.5139999;-85.76251220703125;
2459423076.9242563;-85.773033142089844;
2459583333.3345127;-85.782135009765625;
2459743589.7447691;-85.785118103027344;
2459903846.1550255;-85.817794799804688;
2460064102.5652819;-85.786842346191406;
2460224358.9755383;-85.826713562011719;
2460384615.3857946;-85.798973083496094;
2460544871.796051;-85.833412170410156;
2460705128.2063074;-85.828437805175781;
2460865384.6165643;-85.852119445800781;
2461025641.0268207;-85.832572937011719;
2461185897.437077;-85.795494079589844;
2461346153.8473334;-85.807197570800781;
2461506410.2575898;-85.7838134765625;
2461666666.6678462;-85.844291687011719;
2461826923.0781026;-85.840354919433594;
2461987179.488359;-85.837882995605469;
2462147435.8986154;-85.790267944335937;
2462307692.3088717;-85.764396667480469;
2462467948.7191281;-85.767807006835938;
2462628205.1293845;-85.766624450683594;
2462788461.5396409;-85.816307067871094;
2462948717.9498973;-85.849044799804688;
2463108974.3601537;-85.828445434570313;
2463269230.7704101;-85.837882995605469;
2463429487.1806664;-85.814476013183594;
2463589743.5909228;-85.855720520019531;
2463750000.0011792;-85.811088562011719;
2463910256.4114356;-85.824440002441406;
2464070512.8216925;-85.819770812988281;
2464230769.2319489;-85.802162170410156;
2464391025.6422052;-85.818016052246094;
2464551282.0524616;-85.824462890625;
2464711538.462718;-85.844070434570313;
2464871794.8729744;-85.844528198242187;
2465032051.2832308;-85.824981689453125;
2465192307.6934872;-85.799957275390625;
2465352564.1037436;-85.821510314941406;
2465512820.5139999;-85.806632995605469;
2465673076.9242563;-85.873710632324219;
2465833333.3345127;-85.779922485351563;
2465993589.7447691;-85.8388671875;
2466153846.1550255;-85.804412841796875;
2466314102.5652819;-85.819770812988281;
2466474358.9755383;-85.735649108886719;
2466634615.3857946;-85.832557678222656;
2466794871.796051;-85.772193908691406;
2466955128.2063074;-85.81884765625;
2467115384.6165643;-85.813034057617188;
2467275641.0268207;-85.803253173828125;
2467435897.437077;-85.820846557617188;
2467596153.8473334;-85.79339599609375;
2467756410.2575898;-85.783836364746094;
2467916666.6678462;-85.766288757324219;
2468076923.0781026;-85.820831298828125;
2468237179.488359;-85.76812744140625;
2468397435.8986154;-85.828659057617188;
2468557692.3088717;-85.764396667480469;
2468717948.7191281;-85.822799682617188;
2468878205.1293845;-85.727592468261719;
2469038461.5396409;-85.7952880859375;
2469198717.9498973;-85.692848205566406;
2469358974.3601537;-85.752342224121094;
2469519230.7704101;-85.710166931152344;
2469679487.1806664;-85.703475952148437;
2469839743.5909228;-85.735313415527344;
2470000000.0011792;-85.627479553222656;
2470160256.4114356;-85.625595092773438;
2470320512.8216925;-85.575607299804687;
2470480769.2319489;-85.640762329101563;
2470641025.6422052;-85.423912048339844;
2470801282.0524616;-85.604530334472656;
2470961538.462718;-85.377601623535156;
2471121794.8729744;-85.654396057128906;
2471282051.2832308;-85.329421997070313;
2471442307.6934872;-85.63775634765625;
2471602564.1037436;-85.239860534667969;
2471762820.5139999;-85.489479064941406;
2471923076.9242563;-85.283279418945313;
2472083333.3345127;-85.486282348632813;
2472243589.7447691;-85.396697998046875;
2472403846.1550255;-85.408287048339844;
2472564102.5652819;-85.530303955078125;
2472724358.9755383;-85.388717651367188;
2472884615.3857946;-85.619544982910156;
2473044871.796051;-85.454078674316406;
2473205128.2063074;-85.673477172851563;
2473365384.6165643;-85.48687744140625;
2473525641.0268207;-85.721687316894531;
2473685897.437077;-85.591102600097656;
2473846153.8473334;-85.669342041015625;
2474006410.2575898;-85.698272705078125;
2474166666.6678462;-85.734695434570313;
2474326923.0781026;-85.756584167480469;
2474487179.488359;-85.736663818359375;
2474647435.8986154;-85.715995788574219;
2474807692.3088717;-85.73876953125;
2474967948.7191281;-85.750862121582031;
2475128205.1293845;-85.775970458984375;
2475288461.5396409;-85.846824645996094;
2475448717.9498973;-85.764205932617188;
2475608974.3601537;-85.777717590332031;
2475769230.7704101;-85.758499145507812;
2475929487.1806664;-85.805160522460938;
2476089743.5909228;-85.779830932617188;
2476250000.0011792;-85.828651428222656;
2476410256.4114356;-85.74310302734375;
2476570512.8216925;-85.774101257324219;
2476730769.2319489;-85.779891967773438;
2476891025.6422052;-85.812950134277344;
2477051282.0524616;-85.801307678222656;
2477211538.462718;-85.811042785644531;
2477371794.8729744;-85.832542419433594;
2477532051.2832308;-85.855995178222656;
2477692307.6934872;-85.813056945800781;
2477852564.1037436;-85.832557678222656;
2478012820.5139999;-85.852134704589844;
2478173076.9242563;-85.766342163085938;
2478333333.3345127;-85.81695556640625;
2478493589.7447691;-85.795478820800781;
2478653846.1550255;-85.838417053222656;
2478814102.5652819;-85.824760437011719;
2478974358.9755383;-85.81695556640625;
2479134615.3857946;-85.852104187011719;
2479294871.796051;-85.883506774902344;
2479455128.2063074;-85.838386535644531;
2479615384.6165643;-85.879554748535156;
2479775641.0268207;-85.883529663085937;
2479935897.437077;-85.846183776855469;
2480096153.8473334;-85.84039306640625;
2480256410.2575898;-85.836471557617188;
2480416666.6678462;-85.840103149414063;
2480576923.0781026;-85.842338562011719;
2480737179.488359;-85.846824645996094;
2480897435.8986154;-85.856033325195313;
2481057692.3088717;-85.844291687011719;
2481217948.7191281;-85.842353820800781;
2481378205.1293845;-85.87567138671875;
2481538461.5396409;-85.83648681640625;
2481698717.9498973;-85.828651428222656;
2481858974.3601537;-85.867813110351563;
2482019230.7704101;-85.909126281738281;
2482179487.1806664;-85.865837097167969;
2482339743.5909228;-85.873703002929687;
2482500000.0011792;-85.84039306640625;
2482660256.4114356;-85.84039306640625;
2482820512.8216925;-85.822799682617188;
2482980769.2319489;-85.850181579589844;
2483141025.6422052;-85.879600524902344;
2483301282.0524616;-85.871734619140625;
2483461538.462718;-85.861907958984375;
2483621794.8729744;-85.818901062011719;
2483782051.2832308;-85.897270202636719;
2483942307.6934872;-85.907150268554688;
2484102564.1037436;-85.9141845703125;
2484262820.5139999;-85.910415649414063;
