Type;ESU;
Version;4.43;
Date;03.Jun 16;
Mode;ANALYZER;
Center Freq;2434262820.514000;Hz
Freq Offset;0.000000;Hz
Span;100000000.000000;Hz
x-Axis;LIN;
Start;2384262820.514000;Hz
Stop;2484262820.514000;Hz
Ref Level;-9.000000;dBm
Level Offset;0.000000;dB
Ref Position;100.000000;%
y-Axis;LOG;
Level Range;100.000000;dB
Rf Att;5.000000;dB
RBW;2000000.000000;Hz
VBW;50.000000;Hz
SWT;2.500000;s
Trace Mode;CLR/WRITE;
Detector;RMS;
Sweep Count;0;
Trace 1:;;
x-Unit;Hz;
y-Unit;dBm;
Values;625;
2384262820.5139999;-85.777114868164062;
2384423076.9242563;-85.813034057617188;
2384583333.3345127;-85.779975891113281;
2384743589.7447691;-85.779975891113281;
2384903846.1550255;-85.762496948242188;
2385064102.5652819;-85.78192138671875;
2385224358.9755383;-85.750892639160156;
2385384615.3857946;-85.719970703125;
2385544871.796051;-85.758621215820313;
2385705128.2063074;-85.756683349609375;
2385865384.6165643;-85.766372680664063;
2386025641.0268207;-85.789680480957031;
2386185897.437077;-85.781875610351562;
2386346153.8473334;-85.712257385253906;
2386506410.2575898;-85.723823547363281;
2386666666.6678462;-85.764396667480469;
2386826923.0781026;-85.799400329589844;
2386987179.488359;-85.811111450195313;
2387147435.8986154;-85.776496887207031;
2387307692.3088717;-85.700355529785156;
2387467948.7191281;-85.707679748535156;
2387628205.1293845;-85.766326904296875;
2387788461.5396409;-85.762229919433594;
2387948717.9498973;-85.694007873535156;
2388108974.3601537;-85.704826354980469;
2388269230.7704101;-85.694046020507813;
2388429487.1806664;-85.685302734375;
2388589743.5909228;-85.691085815429687;
2388750000.0011792;-85.696701049804687;
2388910256.4114356;-85.6630859375;
2389070512.8216925;-85.676803588867188;
2389230769.2319489;-85.683364868164062;
2389391025.6422052;-85.652633666992188;
2389551282.0524616;-85.735374450683594;
2389711538.462718;-85.633537292480469;
2389871794.8729744;-85.671577453613281;
2390032051.2832308;-85.637321472167969;
2390192307.6934872;-85.617950439453125;
2390352564.1037436;-85.624053955078125;
2390512820.5139999;-85.547637939453125;
2390673076.9242563;-85.620223999023437;
2390833333.3345127;-85.498703002929688;
2390993589.7447691;-85.64117431640625;
2391153846.1550255;-85.478004455566406;
2391314102.5652819;-85.583015441894531;
2391474358.9755383;-85.47802734375;
2391634615.3857946;-85.484077453613281;
2391794871.796051;-85.49859619140625;
2391955128.2063074;-85.404747009277344;
2392115384.6165643;-85.5362548828125;
2392275641.0268207;-85.336334228515625;
2392435897.437077;-85.546005249023438;
2392596153.8473334;-85.249717712402344;
2392756410.2575898;-85.486854553222656;
2392916666.6678462;-85.314949035644531;
2393076923.0781026;-85.410667419433594;
2393237179.488359;-85.365608215332031;
2393397435.8986154;-85.362197875976563;
2393557692.3088717;-85.492820739746094;
2393717948.7191281;-85.39276123046875;
2393878205.1293845;-85.581932067871094;
2394038461.5396409;-85.421661376953125;
2394198717.9498973;-85.643348693847656;
2394358974.3601537;-85.445846557617188;
2394519230.7704101;-85.593101501464844;
2394679487.1806664;-85.515937805175781;
2394839743.5909228;-85.573005676269531;
2395000000.0011792;-85.578224182128906;
2395160256.4114356;-85.586456298828125;
2395320512.8216925;-85.612831115722656;
2395480769.2319489;-85.5430908203125;
2395641025.6422052;-85.597640991210937;
2395801282.0524616;-85.536460876464844;
2395961538.462718;-85.601982116699219;
2396121794.8729744;-85.544097900390625;
2396282051.2832308;-85.601104736328125;
2396442307.6934872;-85.574539184570312;
2396602564.1037436;-85.570533752441406;
2396762820.5139999;-85.616378784179688;
2396923076.9242563;-85.625823974609375;
2397083333.3345127;-85.639320373535156;
2397243589.7447691;-85.610633850097656;
2397403846.1550255;-85.639228820800781;
2397564102.5652819;-85.637367248535156;
2397724358.9755383;-85.656394958496094;
2397884615.3857946;-85.641220092773438;
2398044871.796051;-85.654533386230469;
2398205128.2063074;-85.618339538574219;
2398365384.6165643;-85.551788330078125;
2398525641.0268207;-85.635467529296875;
2398685897.437077;-85.616378784179688;
2398846153.8473334;-85.597251892089844;
2399006410.2575898;-85.5745849609375;
2399166666.6678462;-85.60687255859375;
2399326923.0781026;-85.683372497558594;
2399487179.488359;-85.650787353515625;
2399647435.8986154;-85.627861022949219;
2399807692.3088717;-85.629768371582031;
2399967948.7191281;-85.641204833984375;
2400128205.1293845;-85.637428283691406;
2400288461.5396409;-85.56878662109375;
2400448717.9498973;-85.576431274414063;
2400608974.3601537;-85.601104736328125;
2400769230.7704101;-85.625869750976563;
2400929487.1806664;-85.643112182617187;
2401089743.5909228;-85.694915771484375;
2401250000.0011792;-85.627876281738281;
2401410256.4114356;-85.618247985839844;
2401570512.8216925;-85.618331909179687;
2401730769.2319489;-85.58782958984375;
2401891025.6422052;-85.610679626464844;
2402051282.0524616;-85.593528747558594;
2402211538.462718;-85.666114807128906;
2402371794.8729744;-85.637382507324219;
2402532051.2832308;-85.635498046875;
2402692307.6934872;-85.61639404296875;
2402852564.1037436;-85.656539916992188;
2403012820.5139999;-85.618331909179687;
2403173076.9242563;-85.652687072753906;
2403333333.3345127;-85.641250610351563;
2403493589.7447691;-85.610664367675781;
2403653846.1550255;-85.629776000976563;
2403814102.5652819;-85.582084655761719;
2403974358.9755383;-85.629776000976563;
2404134615.3857946;-85.612586975097656;
2404294871.796051;-85.64697265625;
2404455128.2063074;-85.629768371582031;
2404615384.6165643;-85.622138977050781;
2404775641.0268207;-85.620208740234375;
2404935897.437077;-85.679534912109375;
2405096153.8473334;-85.652725219726563;
2405256410.2575898;-85.645027160644531;
2405416666.6678462;-85.654632568359375;
2405576923.0781026;-85.627822875976563;
2405737179.488359;-85.633598327636719;
2405897435.8986154;-85.618278503417969;
2406057692.3088717;-85.63165283203125;
2406217948.7191281;-85.620101928710938;
2406378205.1293845;-85.646957397460938;
2406538461.5396409;-85.671844482421875;
2406698717.9498973;-85.677589416503906;
2406858974.3601537;-85.64697265625;
2407019230.7704101;-85.623977661132813;
2407179487.1806664;-85.666114807128906;
2407339743.5909228;-85.583961486816406;
2407500000.0011792;-85.624053955078125;
2407660256.4114356;-85.610702514648437;
2407820512.8216925;-85.656517028808594;
2407980769.2319489;-85.629768371582031;
2408141025.6422052;-85.631614685058594;
2408301282.0524616;-85.656524658203125;
2408461538.462718;-85.6409912109375;
2408621794.8729744;-85.673759460449219;
2408782051.2832308;-85.658378601074219;
2408942307.6934872;-85.679534912109375;
2409102564.1037436;-85.616409301757812;
2409262820.5139999;-85.64312744140625;
2409423076.9242563;-85.557487487792969;
2409583333.3345127;-85.629714965820313;
2409743589.7447691;-85.645050048828125;
2409903846.1550255;-85.62200927734375;
2410064102.5652819;-85.650802612304688;
2410224358.9755383;-85.623954772949219;
2410384615.3857946;-85.637420654296875;
2410544871.796051;-85.5972900390625;
2410705128.2063074;-85.660362243652344;
2410865384.6165643;-85.643051147460938;
2411025641.0268207;-85.690994262695312;
2411185897.437077;-85.656539916992188;
2411346153.8473334;-85.681350708007812;
2411506410.2575898;-85.63970947265625;
2411666666.6678462;-85.683372497558594;
2411826923.0781026;-85.633583068847656;
2411987179.488359;-85.612541198730469;
2412147435.8986154;-85.64117431640625;
2412307692.3088717;-85.6776123046875;
2412467948.7191281;-85.712211608886719;
2412628205.1293845;-85.68060302734375;
2412788461.5396409;-85.702629089355469;
2412948717.9498973;-85.63739013671875;
2413108974.3601537;-85.637405395507813;
2413269230.7704101;-85.633567810058594;
2413429487.1806664;-85.704536437988281;
2413589743.5909228;-85.664207458496094;
2413750000.0011792;-85.70068359375;
2413910256.4114356;-85.687217712402344;
2414070512.8216925;-85.683372497558594;
2414230769.2319489;-85.706474304199219;
2414391025.6422052;-85.683334350585938;
2414551282.0524616;-85.694923400878906;
2414711538.462718;-85.650802612304688;
2414871794.8729744;-85.669944763183594;
2415032051.2832308;-85.694923400878906;
2415192307.6934872;-85.689437866210938;
2415352564.1037436;-85.673805236816406;
2415512820.5139999;-85.687210083007813;
2415673076.9242563;-85.658432006835938;
2415833333.3345127;-85.694923400878906;
2415993589.7447691;-85.716094970703125;
2416153846.1550255;-85.716094970703125;
2416314102.5652819;-85.758636474609375;
2416474358.9755383;-85.692947387695313;
2416634615.3857946;-85.645057678222656;
2416794871.796051;-85.645027160644531;
2416955128.2063074;-85.666114807128906;
2417115384.6165643;-85.652717590332031;
2417275641.0268207;-85.696861267089844;
2417435897.437077;-85.704833984375;
2417596153.8473334;-85.676979064941406;
2417756410.2575898;-85.628143310546875;
2417916666.6678462;-85.608802795410156;
2418076923.0781026;-85.63360595703125;
2418237179.488359;-85.635513305664063;
2418397435.8986154;-85.650772094726563;
2418557692.3088717;-85.648872375488281;
2418717948.7191281;-85.679527282714844;
2418878205.1293845;-85.683387756347656;
2419038461.5396409;-85.694915771484375;
2419198717.9498973;-85.685310363769531;
2419358974.3601537;-85.646949768066406;
2419519230.7704101;-85.696853637695313;
2419679487.1806664;-85.658714294433594;
2419839743.5909228;-85.669960021972656;
2420000000.0011792;-85.64697265625;
2420160256.4114356;-85.603050231933594;
2420320512.8216925;-85.561309814453125;
2420480769.2319489;-85.587860107421875;
2420641025.6422052;-85.629768371582031;
2420801282.0524616;-85.629768371582031;
2420961538.462718;-85.637420654296875;
2421121794.8729744;-85.612617492675781;
2421282051.2832308;-85.643119812011719;
2421442307.6934872;-85.639312744140625;
2421602564.1037436;-85.677574157714844;
2421762820.5139999;-85.646957397460938;
2421923076.9242563;-85.65216064453125;
2422083333.3345127;-85.631690979003906;
2422243589.7447691;-85.608779907226562;
2422403846.1550255;-85.685302734375;
2422564102.5652819;-85.622093200683594;
2422724358.9755383;-85.69683837890625;
2422884615.3857946;-85.673744201660156;
2423044871.796051;-85.696792602539063;
2423205128.2063074;-85.637420654296875;
2423365384.6165643;-85.60113525390625;
2423525641.0268207;-85.633590698242188;
2423685897.437077;-85.63031005859375;
2423846153.8473334;-85.641250610351563;
2424006410.2575898;-85.62017822265625;
2424166666.6678462;-85.679557800292969;
2424326923.0781026;-85.624053955078125;
2424487179.488359;-85.656509399414063;
2424647435.8986154;-85.66229248046875;
2424807692.3088717;-85.660316467285156;
2424967948.7191281;-85.624053955078125;
2425128205.1293845;-85.604957580566406;
2425288461.5396409;-85.624046325683594;
2425448717.9498973;-85.599258422851562;
2425608974.3601537;-85.631690979003906;
2425769230.7704101;-85.55181884765625;
2425929487.1806664;-85.620223999023437;
2426089743.5909228;-85.610649108886719;
2426250000.0011792;-85.545684814453125;
2426410256.4114356;-85.397911071777344;
2426570512.8216925;-85.301620483398438;
2426730769.2319489;-85.210479736328125;
2426891025.6422052;-84.913215637207031;
2427051282.0524616;-85.003738403320313;
2427211538.462718;-83.78265380859375;
2427371794.8729744;-84.182563781738281;
2427532051.2832308;-81.944984436035156;
2427692307.6934872;-81.987960815429687;
2427852564.1037436;-80.190750122070313;
2428012820.5139999;-78.121505737304688;
2428173076.9242563;-77.1083984375;
2428333333.3345127;-73.754592895507813;
2428493589.7447691;-73.780746459960937;
2428653846.1550255;-69.273521423339844;
2428814102.5652819;-68.766593933105469;
2428974358.9755383;-65.09906005859375;
2429134615.3857946;-64.026153564453125;
2429294871.796051;-62.135570526123047;
2429455128.2063074;-59.451400756835937;
2429615384.6165643;-57.91998291015625;
2429775641.0268207;-55.604770660400391;
2429935897.437077;-54.896949768066406;
2430096153.8473334;-52.426025390625;
2430256410.2575898;-51.585800170898437;
2430416666.6678462;-48.500694274902344;
2430576923.0781026;-47.664154052734375;
2430737179.488359;-45.878498077392578;
2430897435.8986154;-44.430931091308594;
2431057692.3088717;-42.972629547119141;
2431217948.7191281;-40.737907409667969;
2431378205.1293845;-40.05914306640625;
2431538461.5396409;-37.864501953125;
2431698717.9498973;-37.517650604248047;
2431858974.3601537;-34.912273406982422;
2432019230.7704101;-34.083965301513672;
2432179487.1806664;-32.424064636230469;
2432339743.5909228;-31.548925399780273;
2432500000.0011792;-30.436227798461914;
2432660256.4114356;-29.09661865234375;
2432820512.8216925;-28.010442733764648;
2432980769.2319489;-27.201986312866211;
2433141025.6422052;-26.508140563964844;
2433301282.0524616;-25.895803451538086;
2433461538.462718;-25.112695693969727;
2433621794.8729744;-24.893943786621094;
2433782051.2832308;-24.583169937133789;
2433942307.6934872;-24.6796875;
2434102564.1037436;-24.606601715087891;
2434262820.5139999;-24.873556137084961;
2434423076.9242563;-25.382564544677734;
2434583333.3345127;-25.705690383911133;
2434743589.7447691;-26.51873779296875;
2434903846.1550255;-26.881139755249023;
2435064102.5652819;-28.359457015991211;
2435224358.9755383;-29.136367797851563;
2435384615.3857946;-30.342056274414062;
2435544871.796051;-31.131660461425781;
2435705128.2063074;-32.255031585693359;
2435865384.6165643;-33.812763214111328;
2436025641.0268207;-35.183643341064453;
2436185897.437077;-36.131778717041016;
2436346153.8473334;-37.292201995849609;
2436506410.2575898;-38.444782257080078;
2436666666.6678462;-40.088031768798828;
2436826923.0781026;-41.858943939208984;
2436987179.488359;-42.653648376464844;
2437147435.8986154;-44.193214416503906;
2437307692.3088717;-44.991268157958984;
2437467948.7191281;-46.885078430175781;
2437628205.1293845;-48.480587005615234;
2437788461.5396409;-49.502471923828125;
2437948717.9498973;-50.733798980712891;
2438108974.3601537;-51.712753295898438;
2438269230.7704101;-53.738433837890625;
2438429487.1806664;-55.062889099121094;
2438589743.5909228;-56.497516632080078;
2438750000.0011792;-57.40985107421875;
2438910256.4114356;-58.940902709960937;
2439070512.8216925;-60.612361907958984;
2439230769.2319489;-62.546669006347656;
2439391025.6422052;-63.828125;
2439551282.0524616;-65.18994140625;
2439711538.462718;-66.770004272460937;
2439871794.8729744;-68.925003051757812;
2440032051.2832308;-71.423500061035156;
2440192307.6934872;-72.708686828613281;
2440352564.1037436;-74.444145202636719;
2440512820.5139999;-76.328330993652344;
2440673076.9242563;-78.21881103515625;
2440833333.3345127;-80.682785034179687;
2440993589.7447691;-81.735511779785156;
2441153846.1550255;-82.847618103027344;
2441314102.5652819;-83.497901916503906;
2441474358.9755383;-84.372329711914063;
2441634615.3857946;-84.983787536621094;
2441794871.796051;-85.226638793945313;
2441955128.2063074;-85.411094665527344;
2442115384.6165643;-85.476364135742188;
2442275641.0268207;-85.595451354980469;
2442435897.437077;-85.669967651367188;
2442596153.8473334;-85.654609680175781;
2442756410.2575898;-85.721893310546875;
2442916666.6678462;-85.737266540527344;
2443076923.0781026;-85.81304931640625;
2443237179.488359;-85.766395568847656;
2443397435.8986154;-85.7392578125;
2443557692.3088717;-85.721900939941406;
2443717948.7191281;-85.723823547363281;
2443878205.1293845;-85.781883239746094;
2444038461.5396409;-85.774131774902344;
2444198717.9498973;-85.803298950195313;
2444358974.3601537;-85.785797119140625;
2444519230.7704101;-85.81695556640625;
2444679487.1806664;-85.770271301269531;
2444839743.5909228;-85.801361083984375;
2445000000.0011792;-85.826690673828125;
2445160256.4114356;-85.80914306640625;
2445320512.8216925;-85.822807312011719;
2445480769.2319489;-85.820762634277344;
2445641025.6422052;-85.67376708984375;
2445801282.0524616;-85.698204040527344;
2445961538.462718;-85.712234497070313;
2446121794.8729744;-85.68914794921875;
2446282051.2832308;-85.696846008300781;
2446442307.6934872;-85.702484130859375;
2446602564.1037436;-85.764366149902344;
2446762820.5139999;-85.766380310058594;
2446923076.9242563;-85.803291320800781;
2447083333.3345127;-85.82281494140625;
2447243589.7447691;-85.797454833984375;
2447403846.1550255;-85.778030395507813;
2447564102.5652819;-85.777984619140625;
2447724358.9755383;-85.81890869140625;
2447884615.3857946;-85.807174682617188;
2448044871.796051;-85.824760437011719;
2448205128.2063074;-85.822769165039063;
2448365384.6165643;-85.813041687011719;
2448525641.0268207;-85.80523681640625;
2448685897.437077;-85.811103820800781;
2448846153.8473334;-85.815010070800781;
2449006410.2575898;-85.809150695800781;
2449166666.6678462;-85.82672119140625;
2449326923.0781026;-85.807205200195313;
2449487179.488359;-85.82086181640625;
2449647435.8986154;-85.797454833984375;
2449807692.3088717;-85.84820556640625;
2449967948.7191281;-85.821510314941406;
2450128205.1293845;-85.773185729980469;
2450288461.5396409;-85.73175048828125;
2450448717.9498973;-85.772201538085938;
2450608974.3601537;-85.779884338378906;
2450769230.7704101;-85.704536437988281;
2450929487.1806664;-85.814987182617188;
2451089743.5909228;-85.854042053222656;
2451250000.0011792;-85.901237487792969;
2451410256.4114356;-85.84820556640625;
2451570512.8216925;-85.836448669433594;
2451730769.2319489;-85.797462463378906;
2451891025.6422052;-85.807205200195313;
2452051282.0524616;-85.832565307617188;
2452211538.462718;-85.822769165039063;
2452371794.8729744;-85.81890869140625;
2452532051.2832308;-85.805244445800781;
2452692307.6934872;-85.820854187011719;
2452852564.1037436;-85.77020263671875;
2453012820.5139999;-85.844291687011719;
2453173076.9242563;-85.828628540039063;
2453333333.3345127;-85.807151794433594;
2453493589.7447691;-85.818901062011719;
2453653846.1550255;-85.814926147460938;
2453814102.5652819;-85.852142333984375;
2453974358.9755383;-85.82275390625;
2454134615.3857946;-85.857826232910156;
2454294871.796051;-85.365501403808594;
2454455128.2063074;-84.155937194824219;
2454615384.6165643;-83.594696044921875;
2454775641.0268207;-84.232490539550781;
2454935897.437077;-85.262306213378906;
2455096153.8473334;-85.616409301757812;
2455256410.2575898;-85.175636291503906;
2455416666.6678462;-84.675445556640625;
2455576923.0781026;-84.020500183105469;
2455737179.488359;-85.192779541015625;
2455897435.8986154;-85.648712158203125;
2456057692.3088717;-85.402885437011719;
2456217948.7191281;-84.83502197265625;
2456378205.1293845;-84.32806396484375;
2456538461.5396409;-83.731605529785156;
2456698717.9498973;-84.994163513183594;
2456858974.3601537;-85.6175537109375;
2457019230.7704101;-85.816291809082031;
2457179487.1806664;-85.317222595214844;
2457339743.5909228;-85.440292358398438;
2457500000.0011792;-85.777725219726563;
2457660256.4114356;-85.836334228515625;
2457820512.8216925;-85.865806579589844;
2457980769.2319489;-85.8441162109375;
2458141025.6422052;-85.856048583984375;
2458301282.0524616;-85.692543029785156;
2458461538.462718;-85.762336730957031;
2458621794.8729744;-85.766372680664063;
2458782051.2832308;-85.850112915039063;
2458942307.6934872;-85.832420349121094;
2459102564.1037436;-85.863807678222656;
2459262820.5139999;-85.905166625976563;
2459423076.9242563;-85.799087524414063;
2459583333.3345127;-85.842330932617187;
2459743589.7447691;-85.828559875488281;
2459903846.1550255;-85.920944213867188;
2460064102.5652819;-85.861839294433594;
2460224358.9755383;-85.907135009765625;
2460384615.3857946;-85.897232055664063;
2460544871.796051;-85.869613647460938;
2460705128.2063074;-85.877532958984375;
2460865384.6165643;-85.78753662109375;
2461025641.0268207;-85.842308044433594;
2461185897.437077;-85.768257141113281;
2461346153.8473334;-85.840377807617188;
2461506410.2575898;-85.813018798828125;
2461666666.6678462;-85.840339660644531;
2461826923.0781026;-85.855987548828125;
2461987179.488359;-85.865699768066406;
2462147435.8986154;-85.858001708984375;
2462307692.3088717;-85.859848022460938;
2462467948.7191281;-85.854095458984375;
2462628205.1293845;-85.824699401855469;
2462788461.5396409;-85.885429382324219;
2462948717.9498973;-85.844146728515625;
2463108974.3601537;-85.8795166015625;
2463269230.7704101;-85.781837463378906;
2463429487.1806664;-85.832405090332031;
2463589743.5909228;-85.83441162109375;
2463750000.0011792;-85.857856750488281;
2463910256.4114356;-85.875617980957031;
2464070512.8216925;-85.86370849609375;
2464230769.2319489;-85.887443542480469;
2464391025.6422052;-85.768180847167969;
2464551282.0524616;-85.879531860351562;
2464711538.462718;-85.805213928222656;
2464871794.8729744;-85.853874206542969;
2465032051.2832308;-85.822669982910156;
2465192307.6934872;-85.847892761230469;
2465352564.1037436;-85.818855285644531;
2465512820.5139999;-85.777755737304688;
2465673076.9242563;-85.805221557617188;
2465833333.3345127;-85.766220092773438;
2465993589.7447691;-85.848182678222656;
2466153846.1550255;-85.777915954589844;
2466314102.5652819;-85.848098754882813;
2466474358.9755383;-85.793266296386719;
2466634615.3857946;-85.863662719726563;
2466794871.796051;-85.851982116699219;
2466955128.2063074;-85.804649353027344;
2467115384.6165643;-85.861686706542969;
2467275641.0268207;-85.808624267578125;
2467435897.437077;-85.8717041015625;
2467596153.8473334;-85.812942504882813;
2467756410.2575898;-85.859916687011719;
2467916666.6678462;-85.700569152832031;
2468076923.0781026;-85.8206787109375;
2468237179.488359;-85.826667785644531;
2468397435.8986154;-85.818405151367188;
2468557692.3088717;-85.787681579589844;
2468717948.7191281;-85.762184143066406;
2468878205.1293845;-85.828536987304688;
2469038461.5396409;-85.760078430175781;
2469198717.9498973;-85.848983764648438;
2469358974.3601537;-85.763885498046875;
2469519230.7704101;-85.846809387207031;
2469679487.1806664;-85.696983337402344;
2469839743.5909228;-85.770118713378906;
2470000000.0011792;-85.769950866699219;
2470160256.4114356;-85.730178833007812;
2470320512.8216925;-85.758346557617188;
2470480769.2319489;-85.662818908691406;
2470641025.6422052;-85.771881103515625;
2470801282.0524616;-85.57904052734375;
2470961538.462718;-85.767967224121094;
2471121794.8729744;-85.522445678710938;
2471282051.2832308;-85.643096923828125;
2471442307.6934872;-85.559989929199219;
2471602564.1037436;-85.4715576171875;
2471762820.5139999;-85.582611083984375;
2471923076.9242563;-85.340484619140625;
2472083333.3345127;-85.609573364257813;
2472243589.7447691;-85.17840576171875;
2472403846.1550255;-85.572029113769531;
2472564102.5652819;-85.054962158203125;
2472724358.9755383;-85.318855285644531;
2472884615.3857946;-85.092048645019531;
2473044871.796051;-85.061843872070312;
2473205128.2063074;-85.286018371582031;
2473365384.6165643;-84.901573181152344;
2473525641.0268207;-85.375251770019531;
2473685897.437077;-84.857147216796875;
2473846153.8473334;-85.42333984375;
2474006410.2575898;-84.906448364257813;
2474166666.6678462;-85.339927673339844;
2474326923.0781026;-85.220741271972656;
2474487179.488359;-85.310371398925781;
2474647435.8986154;-85.399673461914063;
2474807692.3088717;-85.206268310546875;
2474967948.7191281;-85.577545166015625;
2475128205.1293845;-85.253715515136719;
2475288461.5396409;-85.642349243164062;
2475448717.9498973;-85.438491821289063;
2475608974.3601537;-85.67315673828125;
2475769230.7704101;-85.581085205078125;
2475929487.1806664;-85.624130249023437;
2476089743.5909228;-85.700302124023438;
2476250000.0011792;-85.695686340332031;
2476410256.4114356;-85.770027160644531;
2476570512.8216925;-85.640556335449219;
2476730769.2319489;-85.799911499023437;
2476891025.6422052;-85.644493103027344;
2477051282.0524616;-85.781684875488281;
2477211538.462718;-85.727066040039063;
2477371794.8729744;-85.837867736816406;
2477532051.2832308;-85.820724487304688;
2477692307.6934872;-85.851676940917969;
2477852564.1037436;-85.855995178222656;
2478012820.5139999;-85.795295715332031;
2478173076.9242563;-85.844268798828125;
2478333333.3345127;-85.793418884277344;
2478493589.7447691;-85.87548828125;
2478653846.1550255;-85.830497741699219;
2478814102.5652819;-85.871444702148438;
2478974358.9755383;-85.903144836425781;
2479134615.3857946;-85.875518798828125;
2479294871.796051;-85.893341064453125;
2479455128.2063074;-85.871658325195313;
2479615384.6165643;-85.907142639160156;
2479775641.0268207;-85.87158203125;
2479935897.437077;-85.948570251464844;
2480096153.8473334;-85.922843933105469;
2480256410.2575898;-85.94256591796875;
2480416666.6678462;-85.964469909667969;
2480576923.0781026;-85.930824279785156;
2480737179.488359;-85.907150268554688;
2480897435.8986154;-85.883514404296875;
2481057692.3088717;-85.907432556152344;
2481217948.7191281;-85.913055419921875;
2481378205.1293845;-85.924903869628906;
2481538461.5396409;-85.9486083984375;
2481698717.9498973;-85.922927856445312;
2481858974.3601537;-85.946640014648438;
2482019230.7704101;-85.970451354980469;
2482179487.1806664;-85.986343383789063;
2482339743.5909228;-86.002273559570313;
2482500000.0011792;-85.976409912109375;
2482660256.4114356;-85.909080505371094;
2482820512.8216925;-85.924911499023438;
2482980769.2319489;-85.920944213867188;
2483141025.6422052;-85.920951843261719;
2483301282.0524616;-85.942703247070313;
2483461538.462718;-85.917015075683594;
2483621794.8729744;-85.913063049316406;
2483782051.2832308;-85.920944213867188;
2483942307.6934872;-85.934768676757813;
2484102564.1037436;-85.895301818847656;
2484262820.5139999;-85.942657470703125;
