Type;ESU;
Version;4.43;
Date;03.Jun 16;
Mode;ANALYZER;
Center Freq;2434262820.514000;Hz
Freq Offset;0.000000;Hz
Span;100000000.000000;Hz
x-Axis;LIN;
Start;2384262820.514000;Hz
Stop;2484262820.514000;Hz
Ref Level;-8.000000;dBm
Level Offset;0.000000;dB
Ref Position;100.000000;%
y-Axis;LOG;
Level Range;100.000000;dB
Rf Att;5.000000;dB
RBW;2000000.000000;Hz
VBW;50.000000;Hz
SWT;2.500000;s
Trace Mode;CLR/WRITE;
Detector;RMS;
Sweep Count;0;
Trace 1:;;
x-Unit;Hz;
y-Unit;dBm;
Values;625;
2384262820.5139999;-85.659217834472656;
2384423076.9242563;-85.653785705566406;
2384583333.3345127;-85.651634216308594;
2384743589.7447691;-85.647346496582031;
2384903846.1550255;-85.628036499023437;
2385064102.5652819;-85.645195007324219;
2385224358.9755383;-85.649490356445313;
2385384615.3857946;-85.632308959960938;
2385544871.796051;-85.64520263671875;
2385705128.2063074;-85.632308959960938;
2385865384.6165643;-85.653785705566406;
2386025641.0268207;-85.619415283203125;
2386185897.437077;-85.647300720214844;
2386346153.8473334;-85.638717651367188;
2386506410.2575898;-85.630165100097656;
2386666666.6678462;-85.66021728515625;
2386826923.0781026;-85.602340698242188;
2386987179.488359;-85.617355346679687;
2387147435.8986154;-85.634445190429687;
2387307692.3088717;-85.653785705566406;
2387467948.7191281;-85.606651306152344;
2387628205.1293845;-85.62225341796875;
2387788461.5396409;-85.564613342285156;
2387948717.9498973;-85.640861511230469;
2388108974.3601537;-85.602363586425781;
2388269230.7704101;-85.617286682128906;
2388429487.1806664;-85.573005676269531;
2388589743.5909228;-85.494407653808594;
2388750000.0011792;-85.546585083007813;
2388910256.4114356;-85.520950317382812;
2389070512.8216925;-85.534309387207031;
2389230769.2319489;-85.525520324707031;
2389391025.6422052;-85.581321716308594;
2389551282.0524616;-85.559745788574219;
2389711538.462718;-85.535316467285156;
2389871794.8729744;-85.557655334472656;
2390032051.2832308;-85.463783264160156;
2390192307.6934872;-85.596260070800781;
2390352564.1037436;-85.469314575195313;
2390512820.5139999;-85.535140991210938;
2390673076.9242563;-85.448814392089844;
2390833333.3345127;-85.432159423828125;
2390993589.7447691;-85.479835510253906;
2391153846.1550255;-85.380867004394531;
2391314102.5652819;-85.441520690917969;
2391474358.9755383;-85.285659790039063;
2391634615.3857946;-85.477577209472656;
2391794871.796051;-85.190475463867188;
2391955128.2063074;-85.265594482421875;
2392115384.6165643;-85.251380920410156;
2392275641.0268207;-85.174858093261719;
2392435897.437077;-85.321685791015625;
2392596153.8473334;-85.12139892578125;
2392756410.2575898;-85.4053955078125;
2392916666.6678462;-85.091484069824219;
2393076923.0781026;-85.237091064453125;
2393237179.488359;-85.0693359375;
2393397435.8986154;-85.131019592285156;
2393557692.3088717;-85.216255187988281;
2393717948.7191281;-85.079910278320313;
2393878205.1293845;-85.343498229980469;
2394038461.5396409;-85.0235595703125;
2394198717.9498973;-85.319915771484375;
2394358974.3601537;-85.130851745605469;
2394519230.7704101;-85.246078491210938;
2394679487.1806664;-85.316123962402344;
2394839743.5909228;-85.290267944335937;
2395000000.0011792;-85.416328430175781;
2395160256.4114356;-85.256355285644531;
2395320512.8216925;-85.40948486328125;
2395480769.2319489;-85.3536376953125;
2395641025.6422052;-85.417701721191406;
2395801282.0524616;-85.451889038085938;
2395961538.462718;-85.411705017089844;
2396121794.8729744;-85.468894958496094;
2396282051.2832308;-85.353569030761719;
2396442307.6934872;-85.466682434082031;
2396602564.1037436;-85.357765197753906;
2396762820.5139999;-85.418060302734375;
2396923076.9242563;-85.409912109375;
2397083333.3345127;-85.424415588378906;
2397243589.7447691;-85.498306274414063;
2397403846.1550255;-85.443519592285156;
2397564102.5652819;-85.504722595214844;
2397724358.9755383;-85.443611145019531;
2397884615.3857946;-85.5194091796875;
2398044871.796051;-85.508720397949219;
2398205128.2063074;-85.500221252441406;
2398365384.6165643;-85.475173950195313;
2398525641.0268207;-85.447616577148438;
2398685897.437077;-85.504646301269531;
2398846153.8473334;-85.454078674316406;
2399006410.2575898;-85.506797790527344;
2399166666.6678462;-85.449844360351563;
2399326923.0781026;-85.513015747070313;
2399487179.488359;-85.466758728027344;
2399647435.8986154;-85.489830017089844;
2399807692.3088717;-85.521614074707031;
2399967948.7191281;-85.479316711425781;
2400128205.1293845;-85.534263610839844;
2400288461.5396409;-85.473052978515625;
2400448717.9498973;-85.489921569824219;
2400608974.3601537;-85.424812316894531;
2400769230.7704101;-85.483535766601563;
2400929487.1806664;-85.470970153808594;
2401089743.5909228;-85.519432067871094;
2401250000.0011792;-85.534332275390625;
2401410256.4114356;-85.498336791992187;
2401570512.8216925;-85.519500732421875;
2401730769.2319489;-85.500442504882812;
2401891025.6422052;-85.517387390136719;
2402051282.0524616;-85.483528137207031;
2402211538.462718;-85.504585266113281;
2402371794.8729744;-85.458358764648438;
2402532051.2832308;-85.466720581054688;
2402692307.6934872;-85.475204467773438;
2402852564.1037436;-85.477287292480469;
2403012820.5139999;-85.515281677246094;
2403173076.9242563;-85.451141357421875;
2403333333.3345127;-85.523971557617188;
2403493589.7447691;-85.460487365722656;
2403653846.1550255;-85.519485473632813;
2403814102.5652819;-85.515243530273437;
2403974358.9755383;-85.502540588378906;
2404134615.3857946;-85.523704528808594;
2404294871.796051;-85.521560668945313;
2404455128.2063074;-85.572517395019531;
2404615384.6165643;-85.529991149902344;
2404775641.0268207;-85.551292419433594;
2404935897.437077;-85.489913940429688;
2405096153.8473334;-85.527961730957031;
2405256410.2575898;-85.494041442871094;
2405416666.6678462;-85.536407470703125;
2405576923.0781026;-85.542762756347656;
2405737179.488359;-85.540534973144531;
2405897435.8986154;-85.504707336425781;
2406057692.3088717;-85.5089111328125;
2406217948.7191281;-85.544929504394531;
2406378205.1293845;-85.451995849609375;
2406538461.5396409;-85.475189208984375;
2406698717.9498973;-85.494094848632813;
2406858974.3601537;-85.515151977539062;
2407019230.7704101;-85.506736755371094;
2407179487.1806664;-85.496192932128906;
2407339743.5909228;-85.492034912109375;
2407500000.0011792;-85.498344421386719;
2407660256.4114356;-85.536453247070313;
2407820512.8216925;-85.530044555664063;
2407980769.2319489;-85.530082702636719;
2408141025.6422052;-85.466728210449219;
2408301282.0524616;-85.525688171386719;
2408461538.462718;-85.511009216308594;
2408621794.8729744;-85.504592895507813;
2408782051.2832308;-85.521598815917969;
2408942307.6934872;-85.513099670410156;
2409102564.1037436;-85.561912536621094;
2409262820.5139999;-85.485595703125;
2409423076.9242563;-85.559791564941406;
2409583333.3345127;-85.49200439453125;
2409743589.7447691;-85.530044555664063;
2409903846.1550255;-85.519485473632813;
2410064102.5652819;-85.506675720214844;
2410224358.9755383;-85.523635864257813;
2410384615.3857946;-85.540565490722656;
2410544871.796051;-85.557662963867187;
2410705128.2063074;-85.487716674804688;
2410865384.6165643;-85.593849182128906;
2411025641.0268207;-85.481483459472656;
2411185897.437077;-85.536407470703125;
2411346153.8473334;-85.517219543457031;
2411506410.2575898;-85.541000366210937;
2411666666.6678462;-85.470893859863281;
2411826923.0781026;-85.521598815917969;
2411987179.488359;-85.46038818359375;
2412147435.8986154;-85.544929504394531;
2412307692.3088717;-85.504539489746094;
2412467948.7191281;-85.630439758300781;
2412628205.1293845;-85.561920166015625;
2412788461.5396409;-85.53204345703125;
2412948717.9498973;-85.5152587890625;
2413108974.3601537;-85.534278869628906;
2413269230.7704101;-85.549179077148438;
2413429487.1806664;-85.530067443847656;
2413589743.5909228;-85.563980102539062;
2413750000.0011792;-85.542808532714844;
2413910256.4114356;-85.527976989746094;
2414070512.8216925;-85.540672302246094;
2414230769.2319489;-85.593803405761719;
2414391025.6422052;-85.583198547363281;
2414551282.0524616;-85.57891845703125;
2414711538.462718;-85.542808532714844;
2414871794.8729744;-85.542808532714844;
2415032051.2832308;-85.567352294921875;
2415192307.6934872;-85.545188903808594;
2415352564.1037436;-85.568244934082031;
2415512820.5139999;-85.547050476074219;
2415673076.9242563;-85.574676513671875;
2415833333.3345127;-85.585311889648437;
2415993589.7447691;-85.540679931640625;
2416153846.1550255;-85.561897277832031;
2416314102.5652819;-85.540679931640625;
2416474358.9755383;-85.53009033203125;
2416634615.3857946;-85.578933715820312;
2416794871.796051;-85.623771667480469;
2416955128.2063074;-85.640907287597656;
2417115384.6165643;-85.610923767089844;
2417275641.0268207;-85.636611938476563;
2417435897.437077;-85.606048583984375;
2417596153.8473334;-85.570419311523438;
2417756410.2575898;-85.530067443847656;
2417916666.6678462;-85.598114013671875;
2418076923.0781026;-85.566154479980469;
2418237179.488359;-85.527900695800781;
2418397435.8986154;-85.532211303710937;
2418557692.3088717;-85.538558959960938;
2418717948.7191281;-85.544921875;
2418878205.1293845;-85.527931213378906;
2419038461.5396409;-85.564041137695313;
2419198717.9498973;-85.583168029785156;
2419358974.3601537;-85.636581420898438;
2419519230.7704101;-85.637840270996094;
2419679487.1806664;-85.595901489257813;
2419839743.5909228;-85.542808532714844;
2420000000.0011792;-85.555526733398438;
2420160256.4114356;-85.542808532714844;
2420320512.8216925;-85.555503845214844;
2420480769.2319489;-85.621627807617188;
2420641025.6422052;-85.595993041992187;
2420801282.0524616;-85.604507446289063;
2420961538.462718;-85.540687561035156;
2421121794.8729744;-85.542808532714844;
2421282051.2832308;-85.525863647460938;
2421442307.6934872;-85.504707336425781;
2421602564.1037436;-85.54522705078125;
2421762820.5139999;-85.538490295410156;
2421923076.9242563;-85.53857421875;
2422083333.3345127;-85.53009033203125;
2422243589.7447691;-85.561874389648437;
2422403846.1550255;-85.515281677246094;
2422564102.5652819;-85.532203674316406;
2422724358.9755383;-85.540695190429687;
2422884615.3857946;-85.511024475097656;
2423044871.796051;-85.536392211914062;
2423205128.2063074;-85.555526733398438;
2423365384.6165643;-85.591697692871094;
2423525641.0268207;-85.557357788085938;
2423685897.437077;-85.58319091796875;
2423846153.8473334;-85.534332275390625;
2424006410.2575898;-85.547027587890625;
2424166666.6678462;-85.521621704101563;
2424326923.0781026;-85.534332275390625;
2424487179.488359;-85.551300048828125;
2424647435.8986154;-85.521598815917969;
2424807692.3088717;-85.553398132324219;
2424967948.7191281;-85.540679931640625;
2425128205.1293845;-85.532211303710937;
2425288461.5396409;-85.530006408691406;
2425448717.9498973;-85.536384582519531;
2425608974.3601537;-85.504684448242188;
2425769230.7704101;-85.481407165527344;
2425929487.1806664;-85.460494995117187;
2426089743.5909228;-85.4583740234375;
2426250000.0011792;-85.445793151855469;
2426410256.4114356;-85.306289672851562;
2426570512.8216925;-85.393280029296875;
2426730769.2319489;-85.277381896972656;
2426891025.6422052;-85.246505737304688;
2427051282.0524616;-85.102378845214844;
2427211538.462718;-84.697341918945313;
2427371794.8729744;-84.726890563964844;
2427532051.2832308;-83.830154418945313;
2427692307.6934872;-84.151031494140625;
2427852564.1037436;-81.983261108398438;
2428012820.5139999;-82.601142883300781;
2428173076.9242563;-79.646781921386719;
2428333333.3345127;-79.333595275878906;
2428493589.7447691;-77.413162231445313;
2428653846.1550255;-74.614433288574219;
2428814102.5652819;-73.037498474121094;
2428974358.9755383;-70.143936157226563;
2429134615.3857946;-69.715538024902344;
2429294871.796051;-66.16558837890625;
2429455128.2063074;-65.228584289550781;
2429615384.6165643;-61.275859832763672;
2429775641.0268207;-60.436100006103516;
2429935897.437077;-58.095916748046875;
2430096153.8473334;-56.576175689697266;
2430256410.2575898;-54.644802093505859;
2430416666.6678462;-52.171482086181641;
2430576923.0781026;-51.63519287109375;
2430737179.488359;-48.907871246337891;
2430897435.8986154;-48.784278869628906;
2431057692.3088717;-45.396930694580078;
2431217948.7191281;-44.574386596679688;
2431378205.1293845;-42.666980743408203;
2431538461.5396409;-41.338775634765625;
2431698717.9498973;-40.414981842041016;
2431858974.3601537;-37.907703399658203;
2432019230.7704101;-37.084552764892578;
2432179487.1806664;-35.061386108398438;
2432339743.5909228;-34.531810760498047;
2432500000.0011792;-32.643924713134766;
2432660256.4114356;-31.47014045715332;
2432820512.8216925;-29.943653106689453;
2432980769.2319489;-28.955623626708984;
2433141025.6422052;-28.0732421875;
2433301282.0524616;-27.084087371826172;
2433461538.462718;-26.005029678344727;
2433621794.8729744;-25.129602432250977;
2433782051.2832308;-24.647006988525391;
2433942307.6934872;-24.205680847167969;
2434102564.1037436;-23.832456588745117;
2434262820.5139999;-23.437179565429688;
2434423076.9242563;-23.423660278320313;
2434583333.3345127;-23.428457260131836;
2434743589.7447691;-23.769723892211914;
2434903846.1550255;-23.835609436035156;
2435064102.5652819;-24.762176513671875;
2435224358.9755383;-25.179424285888672;
2435384615.3857946;-26.043237686157227;
2435544871.796051;-26.635536193847656;
2435705128.2063074;-27.548252105712891;
2435865384.6165643;-28.886938095092773;
2436025641.0268207;-30.04315185546875;
2436185897.437077;-31.199855804443359;
2436346153.8473334;-32.028038024902344;
2436506410.2575898;-33.392791748046875;
2436666666.6678462;-34.818347930908203;
2436826923.0781026;-36.48565673828125;
2436987179.488359;-37.398731231689453;
2437147435.8986154;-38.600696563720703;
2437307692.3088717;-40.076061248779297;
2437467948.7191281;-41.967269897460938;
2437628205.1293845;-43.171306610107422;
2437788461.5396409;-44.211460113525391;
2437948717.9498973;-45.500423431396484;
2438108974.3601537;-46.482799530029297;
2438269230.7704101;-48.574783325195312;
2438429487.1806664;-49.694984436035156;
2438589743.5909228;-51.164031982421875;
2438750000.0011792;-52.062797546386719;
2438910256.4114356;-53.515830993652344;
2439070512.8216925;-55.227642059326172;
2439230769.2319489;-56.719295501708984;
2439391025.6422052;-58.030799865722656;
2439551282.0524616;-59.080638885498047;
2439711538.462718;-60.702472686767578;
2439871794.8729744;-62.597694396972656;
2440032051.2832308;-64.727958679199219;
2440192307.6934872;-65.779075622558594;
2440352564.1037436;-67.570068359375;
2440512820.5139999;-69.051460266113281;
2440673076.9242563;-71.77056884765625;
2440833333.3345127;-73.908233642578125;
2440993589.7447691;-75.379600524902344;
2441153846.1550255;-77.129371643066406;
2441314102.5652819;-78.626907348632813;
2441474358.9755383;-81.049995422363281;
2441634615.3857946;-82.306785583496094;
2441794871.796051;-83.136680603027344;
2441955128.2063074;-83.777145385742187;
2442115384.6165643;-84.398162841796875;
2442275641.0268207;-84.906845092773438;
2442435897.437077;-85.116539001464844;
2442596153.8473334;-85.201759338378906;
2442756410.2575898;-85.261070251464844;
2442916666.6678462;-85.372520446777344;
2443076923.0781026;-85.460464477539063;
2443237179.488359;-85.472999572753906;
2443397435.8986154;-85.559738159179688;
2443557692.3088717;-85.5767822265625;
2443717948.7191281;-85.551277160644531;
2443878205.1293845;-85.566169738769531;
2444038461.5396409;-85.568244934082031;
2444198717.9498973;-85.6473388671875;
2444358974.3601537;-85.608749389648438;
2444519230.7704101;-85.645164489746094;
2444679487.1806664;-85.621620178222656;
2444839743.5909228;-85.600212097167969;
2445000000.0011792;-85.647346496582031;
2445160256.4114356;-85.621620178222656;
2445320512.8216925;-85.604522705078125;
2445480769.2319489;-85.617332458496094;
2445641025.6422052;-85.643043518066406;
2445801282.0524616;-85.67529296875;
2445961538.462718;-85.617134094238281;
2446121794.8729744;-85.552497863769531;
2446282051.2832308;-85.506767272949219;
2446442307.6934872;-85.521514892578125;
2446602564.1037436;-85.598121643066406;
2446762820.5139999;-85.645156860351563;
2446923076.9242563;-85.557632446289063;
2447083333.3345127;-85.619430541992188;
2447243589.7447691;-85.625862121582031;
2447403846.1550255;-85.679595947265625;
2447564102.5652819;-85.666679382324219;
2447724358.9755383;-85.645195007324219;
2447884615.3857946;-85.6580810546875;
2448044871.796051;-85.666656494140625;
2448205128.2063074;-85.647323608398438;
2448365384.6165643;-85.63232421875;
2448525641.0268207;-85.670982360839844;
2448685897.437077;-85.655937194824219;
2448846153.8473334;-85.655921936035156;
2449006410.2575898;-85.658088684082031;
2449166666.6678462;-85.658088684082031;
2449326923.0781026;-85.662391662597656;
2449487179.488359;-85.654747009277344;
2449647435.8986154;-85.652549743652344;
2449807692.3088717;-85.675743103027344;
2449967948.7191281;-85.681716918945313;
2450128205.1293845;-85.679595947265625;
2450288461.5396409;-85.673126220703125;
2450448717.9498973;-85.701171875;
2450608974.3601537;-85.67095947265625;
2450769230.7704101;-85.729278564453125;
2450929487.1806664;-85.720596313476563;
2451089743.5909228;-85.690338134765625;
2451250000.0011792;-85.709800720214844;
2451410256.4114356;-85.694686889648438;
2451570512.8216925;-85.714134216308594;
2451730769.2319489;-85.735794067382813;
2451891025.6422052;-85.733619689941406;
2452051282.0524616;-85.664535522460938;
2452211538.462718;-85.688217163085937;
2452371794.8729744;-85.718429565429688;
2452532051.2832308;-85.705421447753906;
2452692307.6934872;-85.662391662597656;
2452852564.1037436;-85.67095947265625;
2453012820.5139999;-85.72711181640625;
2453173076.9242563;-85.71405029296875;
2453333333.3345127;-85.740066528320313;
2453493589.7447691;-85.664527893066406;
2453653846.1550255;-85.681716918945313;
2453814102.5652819;-85.675270080566406;
2453974358.9755383;-85.718437194824219;
2454134615.3857946;-85.748809814453125;
2454294871.796051;-85.660110473632812;
2454455128.2063074;-85.729270935058594;
2454615384.6165643;-85.677391052246094;
2454775641.0268207;-85.729194641113281;
2454935897.437077;-85.683876037597656;
2455096153.8473334;-85.568992614746094;
2455256410.2575898;-85.463233947753906;
2455416666.6678462;-83.956375122070313;
2455576923.0781026;-85.195823669433594;
2455737179.488359;-85.470710754394531;
2455897435.8986154;-85.679534912109375;
2456057692.3088717;-85.6385498046875;
2456217948.7191281;-85.671340942382812;
2456378205.1293845;-85.640121459960938;
2456538461.5396409;-85.659759521484375;
2456698717.9498973;-85.636505126953125;
2456858974.3601537;-85.619209289550781;
2457019230.7704101;-85.708343505859375;
2457179487.1806664;-85.613258361816406;
2457339743.5909228;-85.719818115234375;
2457500000.0011792;-85.642997741699219;
2457660256.4114356;-85.692329406738281;
2457820512.8216925;-85.703277587890625;
2457980769.2319489;-85.6339111328125;
2458141025.6422052;-85.673088073730469;
2458301282.0524616;-85.636322021484375;
2458461538.462718;-85.748802185058594;
2458621794.8729744;-85.632209777832031;
2458782051.2832308;-85.692214965820313;
2458942307.6934872;-85.668708801269531;
2459102564.1037436;-85.6812744140625;
2459262820.5139999;-85.681632995605469;
2459423076.9242563;-85.651275634765625;
2459583333.3345127;-85.74005126953125;
2459743589.7447691;-85.627861022949219;
2459903846.1550255;-85.694656372070313;
2460064102.5652819;-85.670783996582031;
2460224358.9755383;-85.716079711914062;
2460384615.3857946;-85.683868408203125;
2460544871.796051;-85.703147888183594;
2460705128.2063074;-85.768348693847656;
2460865384.6165643;-85.711860656738281;
2461025641.0268207;-85.753143310546875;
2461185897.437077;-85.668731689453125;
2461346153.8473334;-85.733512878417969;
2461506410.2575898;-85.72906494140625;
2461666666.6678462;-85.711601257324219;
2461826923.0781026;-85.683830261230469;
2461987179.488359;-85.640663146972656;
2462147435.8986154;-85.724937438964844;
2462307692.3088717;-85.659988403320312;
2462467948.7191281;-85.787918090820313;
2462628205.1293845;-85.634407043457031;
2462788461.5396409;-85.711677551269531;
2462948717.9498973;-85.617256164550781;
2463108974.3601537;-85.640739440917969;
2463269230.7704101;-85.683822631835938;
2463429487.1806664;-85.696624755859375;
2463589743.5909228;-85.772590637207031;
2463750000.0011792;-85.687919616699219;
2463910256.4114356;-85.711921691894531;
2464070512.8216925;-85.653602600097656;
2464230769.2319489;-85.718124389648438;
2464391025.6422052;-85.562873840332031;
2464551282.0524616;-85.443405151367188;
2464711538.462718;-85.685943603515625;
2464871794.8729744;-85.698593139648438;
2465032051.2832308;-85.774879455566406;
2465192307.6934872;-85.638511657714844;
2465352564.1037436;-85.74658203125;
2465512820.5139999;-85.62799072265625;
2465673076.9242563;-85.6793212890625;
2465833333.3345127;-85.701080322265625;
2465993589.7447691;-85.687950134277344;
2466153846.1550255;-85.72711181640625;
2466314102.5652819;-85.619178771972656;
2466474358.9755383;-85.711929321289063;
2466634615.3857946;-85.677162170410156;
2466794871.796051;-85.691757202148438;
2466955128.2063074;-85.681617736816406;
2467115384.6165643;-85.655540466308594;
2467275641.0268207;-85.742210388183594;
2467435897.437077;-85.642768859863281;
2467596153.8473334;-85.753082275390625;
2467756410.2575898;-85.617118835449219;
2467916666.6678462;-85.681129455566406;
2468076923.0781026;-85.6300048828125;
2468237179.488359;-85.651039123535156;
2468397435.8986154;-85.664253234863281;
2468557692.3088717;-85.616783142089844;
2468717948.7191281;-85.666664123535156;
2468878205.1293845;-85.555191040039063;
2469038461.5396409;-85.692489624023438;
2469198717.9498973;-85.5740966796875;
2469358974.3601537;-85.719589233398437;
2469519230.7704101;-85.593475341796875;
2469679487.1806664;-85.610122680664062;
2469839743.5909228;-85.642616271972656;
2470000000.0011792;-85.598876953125;
2470160256.4114356;-85.65985107421875;
2470320512.8216925;-85.579452514648438;
2470480769.2319489;-85.651481628417969;
2470641025.6422052;-85.505790710449219;
2470801282.0524616;-85.689888000488281;
2470961538.462718;-85.501907348632812;
2471121794.8729744;-85.559745788574219;
2471282051.2832308;-85.571861267089844;
2471442307.6934872;-85.491462707519531;
2471602564.1037436;-85.616966247558594;
2471762820.5139999;-85.420913696289062;
2471923076.9242563;-85.67071533203125;
2472083333.3345127;-85.298469543457031;
2472243589.7447691;-85.566688537597656;
2472403846.1550255;-85.3355712890625;
2472564102.5652819;-85.352027893066406;
2472724358.9755383;-85.3599853515625;
2472884615.3857946;-85.185943603515625;
2473044871.796051;-85.344253540039063;
2473205128.2063074;-84.994613647460937;
2473365384.6165643;-85.453132629394531;
2473525641.0268207;-84.887199401855469;
2473685897.437077;-85.41107177734375;
2473846153.8473334;-84.956184387207031;
2474006410.2575898;-85.133567810058594;
2474166666.6678462;-85.239822387695312;
2474326923.0781026;-85.022132873535156;
2474487179.488359;-85.381706237792969;
2474647435.8986154;-84.944427490234375;
2474807692.3088717;-85.448204040527344;
2474967948.7191281;-85.064552307128906;
2475128205.1293845;-85.371086120605469;
2475288461.5396409;-85.314712524414063;
2475448717.9498973;-85.364051818847656;
2475608974.3601537;-85.465965270996094;
2475769230.7704101;-85.344993591308594;
2475929487.1806664;-85.58721923828125;
2476089743.5909228;-85.382331848144531;
2476250000.0011792;-85.63836669921875;
2476410256.4114356;-85.487052917480469;
2476570512.8216925;-85.594497680664063;
2476730769.2319489;-85.608474731445313;
2476891025.6422052;-85.59039306640625;
2477051282.0524616;-85.675384521484375;
2477211538.462718;-85.595466613769531;
2477371794.8729744;-85.677261352539062;
2477532051.2832308;-85.634048461914062;
2477692307.6934872;-85.768325805664062;
2477852564.1037436;-85.651405334472656;
2478012820.5139999;-85.774826049804687;
2478173076.9242563;-85.657829284667969;
2478333333.3345127;-85.711639404296875;
2478493589.7447691;-85.675193786621094;
2478653846.1550255;-85.683601379394531;
2478814102.5652819;-85.750953674316406;
2478974358.9755383;-85.709648132324219;
2479134615.3857946;-85.783500671386719;
2479294871.796051;-85.722671508789063;
2479455128.2063074;-85.822914123535156;
2479615384.6165643;-85.740058898925781;
2479775641.0268207;-85.768180847167969;
2479935897.437077;-85.772628784179687;
2480096153.8473334;-85.789901733398438;
2480256410.2575898;-85.772712707519531;
2480416666.6678462;-85.727012634277344;
2480576923.0781026;-85.801078796386719;
2480737179.488359;-85.692489624023438;
2480897435.8986154;-85.77484130859375;
2481057692.3088717;-85.757499694824219;
2481217948.7191281;-85.743743896484375;
2481378205.1293845;-85.758445739746094;
2481538461.5396409;-85.743789672851563;
2481698717.9498973;-85.766197204589844;
2481858974.3601537;-85.753074645996094;
2482019230.7704101;-85.831649780273437;
2482179487.1806664;-85.766181945800781;
2482339743.5909228;-85.768348693847656;
2482500000.0011792;-85.757476806640625;
2482660256.4114356;-85.7618408203125;
2482820512.8216925;-85.770553588867188;
2482980769.2319489;-85.783592224121094;
2483141025.6422052;-85.825149536132813;
2483301282.0524616;-85.783592224121094;
2483461538.462718;-85.809806823730469;
2483621794.8729744;-85.759674072265625;
2483782051.2832308;-85.768363952636719;
2483942307.6934872;-85.770553588867188;
2484102564.1037436;-85.748794555664063;
2484262820.5139999;-85.790145874023438;
