Type;ESU;
Version;4.43;
Date;03.Jun 16;
Mode;ANALYZER;
Center Freq;2434262820.514000;Hz
Freq Offset;0.000000;Hz
Span;100000000.000000;Hz
x-Axis;LIN;
Start;2384262820.514000;Hz
Stop;2484262820.514000;Hz
Ref Level;-9.000000;dBm
Level Offset;0.000000;dB
Ref Position;100.000000;%
y-Axis;LOG;
Level Range;100.000000;dB
Rf Att;5.000000;dB
RBW;2000000.000000;Hz
VBW;50.000000;Hz
SWT;2.500000;s
Trace Mode;CLR/WRITE;
Detector;RMS;
Sweep Count;0;
Trace 1:;;
x-Unit;Hz;
y-Unit;dBm;
Values;625;
2384262820.5139999;-85.818191528320313;
2384423076.9242563;-85.795524597167969;
2384583333.3345127;-85.793563842773438;
2384743589.7447691;-85.7547607421875;
2384903846.1550255;-85.70947265625;
2385064102.5652819;-85.731277465820313;
2385224358.9755383;-85.712257385253906;
2385384615.3857946;-85.743766784667969;
2385544871.796051;-85.713615417480469;
2385705128.2063074;-85.75927734375;
2385865384.6165643;-85.77606201171875;
2386025641.0268207;-85.760017395019531;
2386185897.437077;-85.755836486816406;
2386346153.8473334;-85.713638305664063;
2386506410.2575898;-85.762725830078125;
2386666666.6678462;-85.735420227050781;
2386826923.0781026;-85.731468200683594;
2386987179.488359;-85.716094970703125;
2387147435.8986154;-85.675682067871094;
2387307692.3088717;-85.687217712402344;
2387467948.7191281;-85.683341979980469;
2387628205.1293845;-85.694915771484375;
2387788461.5396409;-85.712196350097656;
2387948717.9498973;-85.766357421875;
2388108974.3601537;-85.718040466308594;
2388269230.7704101;-85.700614929199219;
2388429487.1806664;-85.687179565429687;
2388589743.5909228;-85.67950439453125;
2388750000.0011792;-85.706443786621094;
2388910256.4114356;-85.687110900878906;
2389070512.8216925;-85.754730224609375;
2389230769.2319489;-85.694862365722656;
2389391025.6422052;-85.712196350097656;
2389551282.0524616;-85.6219482421875;
2389711538.462718;-85.683113098144531;
2389871794.8729744;-85.627700805664063;
2390032051.2832308;-85.602348327636719;
2390192307.6934872;-85.602951049804688;
2390352564.1037436;-85.521110534667969;
2390512820.5139999;-85.637374877929688;
2390673076.9242563;-85.461013793945313;
2390833333.3345127;-85.621910095214844;
2390993589.7447691;-85.453407287597656;
2391153846.1550255;-85.586257934570313;
2391314102.5652819;-85.47760009765625;
2391474358.9755383;-85.527275085449219;
2391634615.3857946;-85.528724670410156;
2391794871.796051;-85.412582397460938;
2391955128.2063074;-85.551490783691406;
2392115384.6165643;-85.369316101074219;
2392275641.0268207;-85.623939514160156;
2392435897.437077;-85.363967895507812;
2392596153.8473334;-85.550552368164063;
2392756410.2575898;-85.483421325683594;
2392916666.6678462;-85.5032958984375;
2393076923.0781026;-85.498680114746094;
2393237179.488359;-85.505409240722656;
2393397435.8986154;-85.566818237304688;
2393557692.3088717;-85.530670166015625;
2393717948.7191281;-85.60498046875;
2393878205.1293845;-85.527061462402344;
2394038461.5396409;-85.612556457519531;
2394198717.9498973;-85.551498413085938;
2394358974.3601537;-85.595283508300781;
2394519230.7704101;-85.57061767578125;
2394679487.1806664;-85.642921447753906;
2394839743.5909228;-85.62786865234375;
2395000000.0011792;-85.553596496582031;
2395160256.4114356;-85.639289855957031;
2395320512.8216925;-85.652664184570313;
2395480769.2319489;-85.677589416503906;
2395641025.6422052;-85.646942138671875;
2395801282.0524616;-85.681343078613281;
2395961538.462718;-85.627876281738281;
2396121794.8729744;-85.616401672363281;
2396282051.2832308;-85.606903076171875;
2396442307.6934872;-85.629737854003906;
2396602564.1037436;-85.702590942382813;
2396762820.5139999;-85.682090759277344;
2396923076.9242563;-85.702613830566406;
2397083333.3345127;-85.63275146484375;
2397243589.7447691;-85.660873413085938;
2397403846.1550255;-85.625961303710938;
2397564102.5652819;-85.646965026855469;
2397724358.9755383;-85.683372497558594;
2397884615.3857946;-85.652694702148438;
2398044871.796051;-85.693000793457031;
2398205128.2063074;-85.633583068847656;
2398365384.6165643;-85.643150329589844;
2398525641.0268207;-85.631690979003906;
2398685897.437077;-85.618278503417969;
2398846153.8473334;-85.629722595214844;
2399006410.2575898;-85.618309020996094;
2399166666.6678462;-85.618331909179687;
2399326923.0781026;-85.616432189941406;
2399487179.488359;-85.645057678222656;
2399647435.8986154;-85.625946044921875;
2399807692.3088717;-85.625961303710938;
2399967948.7191281;-85.681442260742187;
2400128205.1293845;-85.704551696777344;
2400288461.5396409;-85.625961303710938;
2400448717.9498973;-85.645057678222656;
2400608974.3601537;-85.616432189941406;
2400769230.7704101;-85.650802612304688;
2400929487.1806664;-85.645065307617188;
2401089743.5909228;-85.629768371582031;
2401250000.0011792;-85.671890258789063;
2401410256.4114356;-85.633598327636719;
2401570512.8216925;-85.633598327636719;
2401730769.2319489;-85.629783630371094;
2401891025.6422052;-85.627861022949219;
2402051282.0524616;-85.639328002929688;
2402211538.462718;-85.639305114746094;
2402371794.8729744;-85.696853637695313;
2402532051.2832308;-85.622116088867188;
2402692307.6934872;-85.6392822265625;
2402852564.1037436;-85.637405395507813;
2403012820.5139999;-85.639335632324219;
2403173076.9242563;-85.624061584472656;
2403333333.3345127;-85.614501953125;
2403493589.7447691;-85.635505676269531;
2403653846.1550255;-85.624053955078125;
2403814102.5652819;-85.631690979003906;
2403974358.9755383;-85.631683349609375;
2404134615.3857946;-85.671867370605469;
2404294871.796051;-85.635498046875;
2404455128.2063074;-85.66607666015625;
2404615384.6165643;-85.673805236816406;
2404775641.0268207;-85.693000793457031;
2404935897.437077;-85.685317993164063;
2405096153.8473334;-85.689140319824219;
2405256410.2575898;-85.681465148925781;
2405416666.6678462;-85.662261962890625;
2405576923.0781026;-85.637420654296875;
2405737179.488359;-85.627861022949219;
2405897435.8986154;-85.62786865234375;
2406057692.3088717;-85.645057678222656;
2406217948.7191281;-85.666122436523438;
2406378205.1293845;-85.664192199707031;
2406538461.5396409;-85.696846008300781;
2406698717.9498973;-85.727676391601563;
2406858974.3601537;-85.656517028808594;
2407019230.7704101;-85.635505676269531;
2407179487.1806664;-85.664093017578125;
2407339743.5909228;-85.6776123046875;
2407500000.0011792;-85.624053955078125;
2407660256.4114356;-85.671806335449219;
2407820512.8216925;-85.620246887207031;
2407980769.2319489;-85.650802612304688;
2408141025.6422052;-85.704551696777344;
2408301282.0524616;-85.667953491210938;
2408461538.462718;-85.63360595703125;
2408621794.8729744;-85.5992431640625;
2408782051.2832308;-85.669944763183594;
2408942307.6934872;-85.637397766113281;
2409102564.1037436;-85.643096923828125;
2409262820.5139999;-85.681427001953125;
2409423076.9242563;-85.689102172851562;
2409583333.3345127;-85.696807861328125;
2409743589.7447691;-85.687164306640625;
2409903846.1550255;-85.716323852539063;
2410064102.5652819;-85.676246643066406;
2410224358.9755383;-85.6929931640625;
2410384615.3857946;-85.646324157714844;
2410544871.796051;-85.674018859863281;
2410705128.2063074;-85.629776000976563;
2410865384.6165643;-85.64288330078125;
2411025641.0268207;-85.660926818847656;
2411185897.437077;-85.646949768066406;
2411346153.8473334;-85.654777526855469;
2411506410.2575898;-85.670280456542969;
2411666666.6678462;-85.648887634277344;
2411826923.0781026;-85.696846008300781;
2411987179.488359;-85.689140319824219;
2412147435.8986154;-85.700660705566406;
2412307692.3088717;-85.698776245117188;
2412467948.7191281;-85.675689697265625;
2412628205.1293845;-85.700675964355469;
2412788461.5396409;-85.685287475585937;
2412948717.9498973;-85.698776245117188;
2413108974.3601537;-85.645606994628906;
2413269230.7704101;-85.696830749511719;
2413429487.1806664;-85.694931030273438;
2413589743.5909228;-85.689163208007813;
2413750000.0011792;-85.712265014648437;
2413910256.4114356;-85.696830749511719;
2414070512.8216925;-85.691055297851563;
2414230769.2319489;-85.683387756347656;
2414391025.6422052;-85.719902038574219;
2414551282.0524616;-85.735404968261719;
2414711538.462718;-85.741218566894531;
2414871794.8729744;-85.712257385253906;
2415032051.2832308;-85.721900939941406;
2415192307.6934872;-85.7296142578125;
2415352564.1037436;-85.706474304199219;
2415512820.5139999;-85.724647521972656;
2415673076.9242563;-85.750663757324219;
2415833333.3345127;-85.693809509277344;
2415993589.7447691;-85.706466674804688;
2416153846.1550255;-85.687248229980469;
2416314102.5652819;-85.654617309570313;
2416474358.9755383;-85.704551696777344;
2416634615.3857946;-85.683380126953125;
2416794871.796051;-85.708412170410156;
2416955128.2063074;-85.692955017089844;
2417115384.6165643;-85.631683349609375;
2417275641.0268207;-85.66229248046875;
2417435897.437077;-85.668045043945313;
2417596153.8473334;-85.70648193359375;
2417756410.2575898;-85.704551696777344;
2417916666.6678462;-85.716094970703125;
2418076923.0781026;-85.709236145019531;
2418237179.488359;-85.700706481933594;
2418397435.8986154;-85.706474304199219;
2418557692.3088717;-85.696853637695313;
2418717948.7191281;-85.694923400878906;
2418878205.1293845;-85.6756591796875;
2419038461.5396409;-85.677581787109375;
2419198717.9498973;-85.658363342285156;
2419358974.3601537;-85.671836853027344;
2419519230.7704101;-85.67376708984375;
2419679487.1806664;-85.721878051757812;
2419839743.5909228;-85.671875;
2420000000.0011792;-85.669944763183594;
2420160256.4114356;-85.675704956054688;
2420320512.8216925;-85.671882629394531;
2420480769.2319489;-85.635513305664063;
2420641025.6422052;-85.648841857910156;
2420801282.0524616;-85.648849487304688;
2420961538.462718;-85.681465148925781;
2421121794.8729744;-85.719970703125;
2421282051.2832308;-85.650749206542969;
2421442307.6934872;-85.706428527832031;
2421602564.1037436;-85.66229248046875;
2421762820.5139999;-85.633598327636719;
2421923076.9242563;-85.635505676269531;
2422083333.3345127;-85.69683837890625;
2422243589.7447691;-85.685050964355469;
2422403846.1550255;-85.681434631347656;
2422564102.5652819;-85.637397766113281;
2422724358.9755383;-85.639297485351562;
2422884615.3857946;-85.618331909179687;
2423044871.796051;-85.624046325683594;
2423205128.2063074;-85.668045043945313;
2423365384.6165643;-85.643119812011719;
2423525641.0268207;-85.683372497558594;
2423685897.437077;-85.637420654296875;
2423846153.8473334;-85.669914245605469;
2424006410.2575898;-85.624061584472656;
2424166666.6678462;-85.603057861328125;
2424326923.0781026;-85.603103637695313;
2424487179.488359;-85.599273681640625;
2424647435.8986154;-85.620246887207031;
2424807692.3088717;-85.593536376953125;
2424967948.7191281;-85.570770263671875;
2425128205.1293845;-85.547698974609375;
2425288461.5396409;-85.526466369628906;
2425448717.9498973;-85.47833251953125;
2425608974.3601537;-85.525283813476563;
2425769230.7704101;-85.349678039550781;
2425929487.1806664;-85.34210205078125;
2426089743.5909228;-85.197563171386719;
2426250000.0011792;-85.025062561035156;
2426410256.4114356;-85.059028625488281;
2426570512.8216925;-83.927650451660156;
2426730769.2319489;-84.309410095214844;
2426891025.6422052;-82.585685729980469;
2427051282.0524616;-83.043724060058594;
2427211538.462718;-80.489608764648438;
2427371794.8729744;-78.950111389160156;
2427532051.2832308;-77.753440856933594;
2427692307.6934872;-75.017845153808594;
2427852564.1037436;-74.617424011230469;
2428012820.5139999;-70.602638244628906;
2428173076.9242563;-69.968849182128906;
2428333333.3345127;-66.644096374511719;
2428493589.7447691;-65.868171691894531;
2428653846.1550255;-63.084575653076172;
2428814102.5652819;-61.562095642089844;
2428974358.9755383;-59.006450653076172;
2429134615.3857946;-57.372306823730469;
2429294871.796051;-56.027912139892578;
2429455128.2063074;-54.177799224853516;
2429615384.6165643;-53.036815643310547;
2429775641.0268207;-49.989879608154297;
2429935897.437077;-49.694057464599609;
2430096153.8473334;-46.93017578125;
2430256410.2575898;-46.466800689697266;
2430416666.6678462;-44.229305267333984;
2430576923.0781026;-42.567874908447266;
2430737179.488359;-41.417037963867188;
2430897435.8986154;-39.515953063964844;
2431057692.3088717;-39.052028656005859;
2431217948.7191281;-36.667110443115234;
2431378205.1293845;-35.734088897705078;
2431538461.5396409;-34.064857482910156;
2431698717.9498973;-33.193225860595703;
2431858974.3601537;-32.089191436767578;
2432019230.7704101;-30.872804641723633;
2432179487.1806664;-29.695873260498047;
2432339743.5909228;-28.962221145629883;
2432500000.0011792;-28.233003616333008;
2432660256.4114356;-27.672882080078125;
2432820512.8216925;-26.965574264526367;
2432980769.2319489;-26.692026138305664;
2433141025.6422052;-26.441623687744141;
2433301282.0524616;-26.4818115234375;
2433461538.462718;-26.522268295288086;
2433621794.8729744;-26.67909049987793;
2433782051.2832308;-27.35296630859375;
2433942307.6934872;-27.636787414550781;
2434102564.1037436;-28.542970657348633;
2434262820.5139999;-28.857269287109375;
2434423076.9242563;-30.294668197631836;
2434583333.3345127;-31.334383010864258;
2434743589.7447691;-32.339244842529297;
2434903846.1550255;-33.318233489990234;
2435064102.5652819;-34.22137451171875;
2435224358.9755383;-35.884384155273437;
2435384615.3857946;-37.340122222900391;
2435544871.796051;-38.610843658447266;
2435705128.2063074;-39.497806549072266;
2435865384.6165643;-40.939361572265625;
2436025641.0268207;-42.273078918457031;
2436185897.437077;-44.254070281982422;
2436346153.8473334;-45.101955413818359;
2436506410.2575898;-46.435001373291016;
2436666666.6678462;-47.503883361816406;
2436826923.0781026;-49.137458801269531;
2436987179.488359;-50.911201477050781;
2437147435.8986154;-51.640750885009766;
2437307692.3088717;-53.099052429199219;
2437467948.7191281;-53.888431549072266;
2437628205.1293845;-55.857120513916016;
2437788461.5396409;-57.382816314697266;
2437948717.9498973;-58.647590637207031;
2438108974.3601537;-59.824394226074219;
2438269230.7704101;-60.913829803466797;
2438429487.1806664;-62.763359069824219;
2438589743.5909228;-64.647125244140625;
2438750000.0011792;-66.213005065917969;
2438910256.4114356;-67.352386474609375;
2439070512.8216925;-69.148475646972656;
2439230769.2319489;-70.885528564453125;
2439391025.6422052;-73.570686340332031;
2439551282.0524616;-74.936470031738281;
2439711538.462718;-76.591087341308594;
2439871794.8729744;-78.122085571289063;
2440032051.2832308;-80.038200378417969;
2440192307.6934872;-82.042800903320312;
2440352564.1037436;-82.724739074707031;
2440512820.5139999;-83.594085693359375;
2440673076.9242563;-84.07611083984375;
2440833333.3345127;-84.744743347167969;
2440993589.7447691;-85.127174377441406;
2441153846.1550255;-85.292694091796875;
2441314102.5652819;-85.37945556640625;
2441474358.9755383;-85.480171203613281;
2441634615.3857946;-85.540451049804688;
2441794871.796051;-85.692977905273438;
2441955128.2063074;-85.648880004882813;
2442115384.6165643;-85.635513305664063;
2442275641.0268207;-85.619422912597656;
2442435897.437077;-85.679512023925781;
2442596153.8473334;-85.710334777832031;
2442756410.2575898;-85.702590942382813;
2442916666.6678462;-85.704551696777344;
2443076923.0781026;-85.666030883789063;
2443237179.488359;-85.555099487304688;
2443397435.8986154;-85.429679870605469;
2443557692.3088717;-85.312736511230469;
2443717948.7191281;-85.229965209960938;
2443878205.1293845;-85.442481994628906;
2444038461.5396409;-85.63922119140625;
2444198717.9498973;-85.698768615722656;
2444358974.3601537;-85.702621459960937;
2444519230.7704101;-85.693000793457031;
2444679487.1806664;-85.754730224609375;
2444839743.5909228;-85.764442443847656;
2445000000.0011792;-85.754707336425781;
2445160256.4114356;-85.745010375976563;
2445320512.8216925;-85.807212829589844;
2445480769.2319489;-85.744438171386719;
2445641025.6422052;-85.472068786621094;
2445801282.0524616;-85.666038513183594;
2445961538.462718;-85.716110229492188;
2446121794.8729744;-85.727691650390625;
2446282051.2832308;-85.735389709472656;
2446442307.6934872;-85.770217895507813;
2446602564.1037436;-85.758529663085938;
2446762820.5139999;-85.762474060058594;
2446923076.9242563;-85.739234924316406;
2447083333.3345127;-85.783805847167969;
2447243589.7447691;-85.764434814453125;
2447403846.1550255;-85.807205200195313;
2447564102.5652819;-85.813056945800781;
2447724358.9755383;-85.750709533691406;
2447884615.3857946;-85.622062683105469;
2448044871.796051;-85.555511474609375;
2448205128.2063074;-85.542327880859375;
2448365384.6165643;-85.698738098144531;
2448525641.0268207;-85.756660461425781;
2448685897.437077;-85.772201538085938;
2448846153.8473334;-85.81695556640625;
2449006410.2575898;-85.737281799316406;
2449166666.6678462;-85.752822875976563;
2449326923.0781026;-85.756690979003906;
2449487179.488359;-85.583969116210938;
2449647435.8986154;-85.741195678710938;
2449807692.3088717;-85.552879333496094;
2449967948.7191281;-85.721412658691406;
2450128205.1293845;-85.713638305664063;
2450288461.5396409;-85.791999816894531;
2450448717.9498973;-85.828666687011719;
2450608974.3601537;-85.813056945800781;
2450769230.7704101;-85.811103820800781;
2450929487.1806664;-85.744758605957031;
2451089743.5909228;-85.741035461425781;
2451250000.0011792;-85.805221557617188;
2451410256.4114356;-85.667991638183594;
2451570512.8216925;-85.758506774902344;
2451730769.2319489;-85.834526062011719;
2451891025.6422052;-85.885475158691406;
2452051282.0524616;-85.887435913085937;
2452211538.462718;-85.859977722167969;
2452371794.8729744;-85.807182312011719;
2452532051.2832308;-85.832572937011719;
2452692307.6934872;-85.828605651855469;
2452852564.1037436;-85.859977722167969;
2453012820.5139999;-85.830604553222656;
2453173076.9242563;-85.856002807617188;
2453333333.3345127;-85.768302917480469;
2453493589.7447691;-85.854080200195313;
2453653846.1550255;-85.82672119140625;
2453814102.5652819;-85.80523681640625;
2453974358.9755383;-85.869781494140625;
2454134615.3857946;-85.803199768066406;
2454294871.796051;-85.89727783203125;
2454455128.2063074;-85.824729919433594;
2454615384.6165643;-85.877548217773438;
2454775641.0268207;-85.820785522460938;
2454935897.437077;-85.779808044433594;
2455096153.8473334;-85.809127807617188;
2455256410.2575898;-85.775985717773438;
2455416666.6678462;-85.660911560058594;
2455576923.0781026;-85.618202209472656;
2455737179.488359;-85.760452270507813;
2455897435.8986154;-85.795478820800781;
2456057692.3088717;-85.818885803222656;
2456217948.7191281;-85.762405395507813;
2456378205.1293845;-85.857917785644531;
2456538461.5396409;-85.859893798828125;
2456698717.9498973;-85.851966857910156;
2456858974.3601537;-85.832565307617188;
2457019230.7704101;-85.762588500976563;
2457179487.1806664;-85.802177429199219;
2457339743.5909228;-85.778160095214844;
2457500000.0011792;-85.820732116699219;
2457660256.4114356;-85.802162170410156;
2457820512.8216925;-85.78155517578125;
2457980769.2319489;-85.784347534179687;
2458141025.6422052;-85.831886291503906;
2458301282.0524616;-85.911880493164062;
2458461538.462718;-85.870063781738281;
2458621794.8729744;-85.885475158691406;
2458782051.2832308;-85.834426879882813;
2458942307.6934872;-85.907135009765625;
2459102564.1037436;-85.836456298828125;
2459262820.5139999;-85.861671447753906;
2459423076.9242563;-85.708358764648437;
2459583333.3345127;-85.704490661621094;
2459743589.7447691;-85.805221557617188;
2459903846.1550255;-85.836456298828125;
2460064102.5652819;-85.885467529296875;
2460224358.9755383;-85.859954833984375;
2460384615.3857946;-85.871749877929688;
2460544871.796051;-85.850151062011719;
2460705128.2063074;-85.883445739746094;
2460865384.6165643;-85.846237182617187;
2461025641.0268207;-85.895263671875;
2461185897.437077;-85.916999816894531;
2461346153.8473334;-85.871696472167969;
2461506410.2575898;-85.911094665527344;
2461666666.6678462;-85.859947204589844;
2461826923.0781026;-85.901214599609375;
2461987179.488359;-85.863861083984375;
2462147435.8986154;-85.887420654296875;
2462307692.3088717;-85.871681213378906;
2462467948.7191281;-85.897262573242187;
2462628205.1293845;-85.911094665527344;
2462788461.5396409;-85.913009643554687;
2462948717.9498973;-85.859977722167969;
2463108974.3601537;-85.846214294433594;
2463269230.7704101;-85.856056213378906;
2463429487.1806664;-85.826675415039063;
2463589743.5909228;-85.887443542480469;
2463750000.0011792;-85.879585266113281;
2463910256.4114356;-85.934623718261719;
2464070512.8216925;-85.855987548828125;
2464230769.2319489;-85.883453369140625;
2464391025.6422052;-85.901222229003906;
2464551282.0524616;-85.865806579589844;
2464711538.462718;-85.865859985351563;
2464871794.8729744;-85.822776794433594;
2465032051.2832308;-85.875663757324219;
2465192307.6934872;-85.857803344726563;
2465352564.1037436;-85.899139404296875;
2465512820.5139999;-85.82867431640625;
2465673076.9242563;-85.85394287109375;
2465833333.3345127;-85.877578735351563;
2465993589.7447691;-85.8558349609375;
2466153846.1550255;-85.930747985839844;
2466314102.5652819;-85.907028198242188;
2466474358.9755383;-85.934791564941406;
2466634615.3857946;-85.836280822753906;
2466794871.796051;-85.873527526855469;
2466955128.2063074;-85.863792419433594;
2467115384.6165643;-85.851905822753906;
2467275641.0268207;-85.82281494140625;
2467435897.437077;-85.816871643066406;
2467596153.8473334;-85.915031433105469;
2467756410.2575898;-85.812614440917969;
2467916666.6678462;-85.8736572265625;
2468076923.0781026;-85.7972412109375;
2468237179.488359;-85.920852661132813;
2468397435.8986154;-85.834365844726563;
2468557692.3088717;-85.830146789550781;
2468717948.7191281;-85.824424743652344;
2468878205.1293845;-85.812309265136719;
2469038461.5396409;-85.869041442871094;
2469198717.9498973;-85.816558837890625;
2469358974.3601537;-85.87359619140625;
2469519230.7704101;-85.764015197753906;
2469679487.1806664;-85.903175354003906;
2469839743.5909228;-85.741073608398438;
2470000000.0011792;-85.80670166015625;
2470160256.4114356;-85.717620849609375;
2470320512.8216925;-85.730094909667969;
2470480769.2319489;-85.72906494140625;
2470641025.6422052;-85.680671691894531;
2470801282.0524616;-85.717720031738281;
2470961538.462718;-85.553535461425781;
2471121794.8729744;-85.764183044433594;
2471282051.2832308;-85.454673767089844;
2471442307.6934872;-85.673088073730469;
2471602564.1037436;-85.438575744628906;
2471762820.5139999;-85.462310791015625;
2471923076.9242563;-85.512832641601562;
2472083333.3345127;-85.294357299804687;
2472243589.7447691;-85.61968994140625;
2472403846.1550255;-85.138221740722656;
2472564102.5652819;-85.599716186523438;
2472724358.9755383;-85.175178527832031;
2472884615.3857946;-85.353424072265625;
2473044871.796051;-85.315872192382813;
2473205128.2063074;-85.275665283203125;
2473365384.6165643;-85.514595031738281;
2473525641.0268207;-85.244705200195313;
2473685897.437077;-85.636642456054687;
2473846153.8473334;-85.231491088867188;
2474006410.2575898;-85.650985717773438;
2474166666.6678462;-85.378494262695313;
2474326923.0781026;-85.546539306640625;
2474487179.488359;-85.54852294921875;
2474647435.8986154;-85.588356018066406;
2474807692.3088717;-85.699913024902344;
2474967948.7191281;-85.630897521972656;
2475128205.1293845;-85.789070129394531;
2475288461.5396409;-85.611137390136719;
2475448717.9498973;-85.783668518066406;
2475608974.3601537;-85.610061645507813;
2475769230.7704101;-85.808868408203125;
2475929487.1806664;-85.688552856445313;
2476089743.5909228;-85.750106811523437;
2476250000.0011792;-85.74859619140625;
2476410256.4114356;-85.781166076660156;
2476570512.8216925;-85.801322937011719;
2476730769.2319489;-85.735389709472656;
2476891025.6422052;-85.871658325195313;
2477051282.0524616;-85.773780822753906;
2477211538.462718;-85.848213195800781;
2477371794.8729744;-85.752700805664063;
2477532051.2832308;-85.857872009277344;
2477692307.6934872;-85.826698303222656;
2477852564.1037436;-85.822662353515625;
2478012820.5139999;-85.867759704589844;
2478173076.9242563;-85.842033386230469;
2478333333.3345127;-85.844276428222656;
2478493589.7447691;-85.83245849609375;
2478653846.1550255;-85.966423034667969;
2478814102.5652819;-85.857994079589844;
2478974358.9755383;-85.907051086425781;
2479134615.3857946;-85.893318176269531;
2479294871.796051;-85.867683410644531;
2479455128.2063074;-85.858009338378906;
2479615384.6165643;-85.854057312011719;
2479775641.0268207;-85.893302917480469;
2479935897.437077;-85.895256042480469;
2480096153.8473334;-85.918983459472656;
2480256410.2575898;-85.901237487792969;
2480416666.6678462;-85.913063049316406;
2480576923.0781026;-85.918930053710938;
2480737179.488359;-85.932769775390625;
2480897435.8986154;-85.9466552734375;
2481057692.3088717;-85.923164367675781;
2481217948.7191281;-85.942695617675781;
2481378205.1293845;-85.903144836425781;
2481538461.5396409;-85.915008544921875;
2481698717.9498973;-85.956558227539063;
2481858974.3601537;-85.950607299804688;
2482019230.7704101;-85.930793762207031;
2482179487.1806664;-85.92095947265625;
2482339743.5909228;-85.89532470703125;
2482500000.0011792;-85.9208984375;
2482660256.4114356;-85.915016174316406;
2482820512.8216925;-85.911094665527344;
2482980769.2319489;-85.922935485839844;
2483141025.6422052;-85.928840637207031;
2483301282.0524616;-85.932807922363281;
2483461538.462718;-85.913063049316406;
2483621794.8729744;-85.913047790527344;
2483782051.2832308;-85.891357421875;
2483942307.6934872;-85.932785034179688;
2484102564.1037436;-85.9150390625;
2484262820.5139999;-85.891365051269531;
