Type;ESU;
Version;4.43;
Date;03.Jun 16;
Mode;ANALYZER;
Center Freq;2434262820.514000;Hz
Freq Offset;0.000000;Hz
Span;100000000.000000;Hz
x-Axis;LIN;
Start;2384262820.514000;Hz
Stop;2484262820.514000;Hz
Ref Level;-8.000000;dBm
Level Offset;0.000000;dB
Ref Position;100.000000;%
y-Axis;LOG;
Level Range;100.000000;dB
Rf Att;5.000000;dB
RBW;2000000.000000;Hz
VBW;50.000000;Hz
SWT;2.500000;s
Trace Mode;CLR/WRITE;
Detector;RMS;
Sweep Count;0;
Trace 1:;;
x-Unit;Hz;
y-Unit;dBm;
Values;625;
2384262820.5139999;-85.648292541503906;
2384423076.9242563;-85.647331237792969;
2384583333.3345127;-85.651634216308594;
2384743589.7447691;-85.638763427734375;
2384903846.1550255;-85.640907287597656;
2385064102.5652819;-85.595962524414063;
2385224358.9755383;-85.604515075683594;
2385384615.3857946;-85.613059997558594;
2385544871.796051;-85.610939025878906;
2385705128.2063074;-85.604522705078125;
2385865384.6165643;-85.639450073242188;
2386025641.0268207;-85.593849182128906;
2386185897.437077;-85.595947265625;
2386346153.8473334;-85.57891845703125;
2386506410.2575898;-85.555526733398438;
2386666666.6678462;-85.601409912109375;
2386826923.0781026;-85.635353088378906;
2386987179.488359;-85.647323608398438;
2387147435.8986154;-85.605209350585938;
2387307692.3088717;-85.618156433105469;
2387467948.7191281;-85.59381103515625;
2387628205.1293845;-85.600166320800781;
2387788461.5396409;-85.619461059570313;
2387948717.9498973;-85.572494506835938;
2388108974.3601537;-85.640274047851562;
2388269230.7704101;-85.601387023925781;
2388429487.1806664;-85.612945556640625;
2388589743.5909228;-85.617347717285156;
2388750000.0011792;-85.576683044433594;
2388910256.4114356;-85.60870361328125;
2389070512.8216925;-85.549140930175781;
2389230769.2319489;-85.570289611816406;
2389391025.6422052;-85.506660461425781;
2389551282.0524616;-85.523529052734375;
2389711538.462718;-85.580947875976563;
2389871794.8729744;-85.53387451171875;
2390032051.2832308;-85.598037719726563;
2390192307.6934872;-85.470649719238281;
2390352564.1037436;-85.500236511230469;
2390512820.5139999;-85.399406433105469;
2390673076.9242563;-85.417373657226562;
2390833333.3345127;-85.424476623535156;
2390993589.7447691;-85.406883239746094;
2391153846.1550255;-85.504425048828125;
2391314102.5652819;-85.31072998046875;
2391474358.9755383;-85.508811950683594;
2391634615.3857946;-85.190574645996094;
2391794871.796051;-85.409378051757812;
2391955128.2063074;-85.137062072753906;
2392115384.6165643;-85.234176635742187;
2392275641.0268207;-85.223030090332031;
2392435897.437077;-85.123687744140625;
2392596153.8473334;-85.318130493164062;
2392756410.2575898;-84.991012573242188;
2392916666.6678462;-85.372032165527344;
2393076923.0781026;-85.0081787109375;
2393237179.488359;-85.262908935546875;
2393397435.8986154;-85.136848449707031;
2393557692.3088717;-85.13055419921875;
2393717948.7191281;-85.266014099121094;
2393878205.1293845;-85.0726318359375;
2394038461.5396409;-85.3265380859375;
2394198717.9498973;-85.093246459960937;
2394358974.3601537;-85.346229553222656;
2394519230.7704101;-85.213783264160156;
2394679487.1806664;-85.272079467773438;
2394839743.5909228;-85.372039794921875;
2395000000.0011792;-85.303375244140625;
2395160256.4114356;-85.481338500976563;
2395320512.8216925;-85.29400634765625;
2395480769.2319489;-85.474945068359375;
2395641025.6422052;-85.345817565917969;
2395801282.0524616;-85.431190490722656;
2395961538.462718;-85.381675720214844;
2396121794.8729744;-85.418624877929688;
2396282051.2832308;-85.508781433105469;
2396442307.6934872;-85.40936279296875;
2396602564.1037436;-85.472953796386719;
2396762820.5139999;-85.384986877441406;
2396923076.9242563;-85.479179382324219;
2397083333.3345127;-85.368019104003906;
2397243589.7447691;-85.457725524902344;
2397403846.1550255;-85.456123352050781;
2397564102.5652819;-85.455940246582031;
2397724358.9755383;-85.506813049316406;
2397884615.3857946;-85.420463562011719;
2398044871.796051;-85.464691162109375;
2398205128.2063074;-85.395416259765625;
2398365384.6165643;-85.504447937011719;
2398525641.0268207;-85.477195739746094;
2398685897.437077;-85.479202270507813;
2398846153.8473334;-85.530044555664063;
2399006410.2575898;-85.462440490722656;
2399166666.6678462;-85.540634155273438;
2399326923.0781026;-85.426918029785156;
2399487179.488359;-85.4393310546875;
2399647435.8986154;-85.475021362304688;
2399807692.3088717;-85.491973876953125;
2399967948.7191281;-85.536415100097656;
2400128205.1293845;-85.449844360351563;
2400288461.5396409;-85.527961730957031;
2400448717.9498973;-85.496177673339844;
2400608974.3601537;-85.521507263183594;
2400769230.7704101;-85.527969360351563;
2400929487.1806664;-85.472969055175781;
2401089743.5909228;-85.47100830078125;
2401250000.0011792;-85.399703979492188;
2401410256.4114356;-85.508918762207031;
2401570512.8216925;-85.494010925292969;
2401730769.2319489;-85.538421630859375;
2401891025.6422052;-85.517379760742188;
2402051282.0524616;-85.500389099121094;
2402211538.462718;-85.530097961425781;
2402371794.8729744;-85.4793701171875;
2402532051.2832308;-85.521629333496094;
2402692307.6934872;-85.462493896484375;
2402852564.1037436;-85.517349243164062;
2403012820.5139999;-85.489913940429688;
2403173076.9242563;-85.48773193359375;
2403333333.3345127;-85.534263610839844;
2403493589.7447691;-85.511024475097656;
2403653846.1550255;-85.536453247070313;
2403814102.5652819;-85.498329162597656;
2403974358.9755383;-85.544929504394531;
2404134615.3857946;-85.462600708007812;
2404294871.796051;-85.479393005371094;
2404455128.2063074;-85.517349243164062;
2404615384.6165643;-85.498298645019531;
2404775641.0268207;-85.511009216308594;
2404935897.437077;-85.483558654785156;
2405096153.8473334;-85.498359680175781;
2405256410.2575898;-85.517333984375;
2405416666.6678462;-85.5279541015625;
2405576923.0781026;-85.523704528808594;
2405737179.488359;-85.557594299316406;
2405897435.8986154;-85.540679931640625;
2406057692.3088717;-85.489845275878906;
2406217948.7191281;-85.566085815429688;
2406378205.1293845;-85.542732238769531;
2406538461.5396409;-85.534324645996094;
2406698717.9498973;-85.502525329589844;
2406858974.3601537;-85.544837951660156;
2407019230.7704101;-85.544876098632812;
2407179487.1806664;-85.5045166015625;
2407339743.5909228;-85.502510070800781;
2407500000.0011792;-85.470954895019531;
2407660256.4114356;-85.515243530273437;
2407820512.8216925;-85.491874694824219;
2407980769.2319489;-85.510955810546875;
2408141025.6422052;-85.489906311035156;
2408301282.0524616;-85.451820373535156;
2408461538.462718;-85.504661560058594;
2408621794.8729744;-85.508880615234375;
2408782051.2832308;-85.595962524414063;
2408942307.6934872;-85.538536071777344;
2409102564.1037436;-85.589393615722656;
2409262820.5139999;-85.538551330566406;
2409423076.9242563;-85.493942260742188;
2409583333.3345127;-85.506790161132813;
2409743589.7447691;-85.487724304199219;
2409903846.1550255;-85.53857421875;
2410064102.5652819;-85.466667175292969;
2410224358.9755383;-85.525825500488281;
2410384615.3857946;-85.474967956542969;
2410544871.796051;-85.534072875976563;
2410705128.2063074;-85.511009216308594;
2410865384.6165643;-85.447547912597656;
2411025641.0268207;-85.515228271484375;
2411185897.437077;-85.479331970214844;
2411346153.8473334;-85.540481567382813;
2411506410.2575898;-85.51397705078125;
2411666666.6678462;-85.570396423339844;
2411826923.0781026;-85.5533447265625;
2411987179.488359;-85.583045959472656;
2412147435.8986154;-85.542732238769531;
2412307692.3088717;-85.551216125488281;
2412467948.7191281;-85.5555419921875;
2412628205.1293845;-85.532173156738281;
2412788461.5396409;-85.574676513671875;
2412948717.9498973;-85.517372131347656;
2413108974.3601537;-85.595939636230469;
2413269230.7704101;-85.540695190429687;
2413429487.1806664;-85.50885009765625;
2413589743.5909228;-85.508895874023438;
2413750000.0011792;-85.5809326171875;
2413910256.4114356;-85.559791564941406;
2414070512.8216925;-85.544898986816406;
2414230769.2319489;-85.574684143066406;
2414391025.6422052;-85.549171447753906;
2414551282.0524616;-85.5853271484375;
2414711538.462718;-85.542808532714844;
2414871794.8729744;-85.566162109375;
2415032051.2832308;-85.540695190429687;
2415192307.6934872;-85.519500732421875;
2415352564.1037436;-85.542816162109375;
2415512820.5139999;-85.549179077148438;
2415673076.9242563;-85.534332275390625;
2415833333.3345127;-85.525840759277344;
2415993589.7447691;-85.571937561035156;
2416153846.1550255;-85.564010620117188;
2416314102.5652819;-85.630180358886719;
2416474358.9755383;-85.651634216308594;
2416634615.3857946;-85.628013610839844;
2416794871.796051;-85.617355346679687;
2416955128.2063074;-85.602386474609375;
2417115384.6165643;-85.634468078613281;
2417275641.0268207;-85.598106384277344;
2417435897.437077;-85.583168029785156;
2417596153.8473334;-85.557647705078125;
2417756410.2575898;-85.581062316894531;
2417916666.6678462;-85.576805114746094;
2418076923.0781026;-85.555519104003906;
2418237179.488359;-85.53070068359375;
2418397435.8986154;-85.539009094238281;
2418557692.3088717;-85.586524963378906;
2418717948.7191281;-85.536453247070313;
2418878205.1293845;-85.559791564941406;
2419038461.5396409;-85.557670593261719;
2419198717.9498973;-85.532211303710937;
2419358974.3601537;-85.542816162109375;
2419519230.7704101;-85.540687561035156;
2419679487.1806664;-85.547050476074219;
2419839743.5909228;-85.538566589355469;
2420000000.0011792;-85.557647705078125;
2420160256.4114356;-85.568252563476562;
2420320512.8216925;-85.593826293945313;
2420480769.2319489;-85.550071716308594;
2420641025.6422052;-85.538558959960938;
2420801282.0524616;-85.593841552734375;
2420961538.462718;-85.574676513671875;
2421121794.8729744;-85.542808532714844;
2421282051.2832308;-85.527976989746094;
2421442307.6934872;-85.532218933105469;
2421602564.1037436;-85.536453247070313;
2421762820.5139999;-85.527976989746094;
2421923076.9242563;-85.553398132324219;
2422083333.3345127;-85.551261901855469;
2422243589.7447691;-85.53857421875;
2422403846.1550255;-85.525840759277344;
2422564102.5652819;-85.559783935546875;
2422724358.9755383;-85.525848388671875;
2422884615.3857946;-85.536430358886719;
2423044871.796051;-85.576744079589844;
2423205128.2063074;-85.559722900390625;
2423365384.6165643;-85.544929504394531;
2423525641.0268207;-85.540657043457031;
2423685897.437077;-85.547042846679688;
2423846153.8473334;-85.479400634765625;
2424006410.2575898;-85.525863647460938;
2424166666.6678462;-85.523674011230469;
2424326923.0781026;-85.517326354980469;
2424487179.488359;-85.527938842773438;
2424647435.8986154;-85.519462585449219;
2424807692.3088717;-85.517379760742188;
2424967948.7191281;-85.500495910644531;
2425128205.1293845;-85.525856018066406;
2425288461.5396409;-85.4163818359375;
2425448717.9498973;-85.494148254394531;
2425608974.3601537;-85.473075866699219;
2425769230.7704101;-85.481224060058594;
2425929487.1806664;-85.431121826171875;
2426089743.5909228;-85.380805969238281;
2426250000.0011792;-85.424850463867188;
2426410256.4114356;-85.262870788574219;
2426570512.8216925;-85.33734130859375;
2426730769.2319489;-85.106361389160156;
2426891025.6422052;-85.010185241699219;
2427051282.0524616;-84.829681396484375;
2427211538.462718;-84.218132019042969;
2427371794.8729744;-84.288177490234375;
2427532051.2832308;-83.104331970214844;
2427692307.6934872;-83.358863830566406;
2427852564.1037436;-81.011093139648438;
2428012820.5139999;-80.676506042480469;
2428173076.9242563;-79.190574645996094;
2428333333.3345127;-76.453338623046875;
2428493589.7447691;-75.456748962402344;
2428653846.1550255;-72.100929260253906;
2428814102.5652819;-71.807235717773438;
2428974358.9755383;-68.137657165527344;
2429134615.3857946;-67.079307556152344;
2429294871.796051;-63.300151824951172;
2429455128.2063074;-61.840171813964844;
2429615384.6165643;-60.184131622314453;
2429775641.0268207;-58.060054779052734;
2429935897.437077;-56.784332275390625;
2430096153.8473334;-53.331092834472656;
2430256410.2575898;-53.061676025390625;
2430416666.6678462;-50.068866729736328;
2430576923.0781026;-49.519962310791016;
2430737179.488359;-47.248207092285156;
2430897435.8986154;-45.239501953125;
2431057692.3088717;-44.355644226074219;
2431217948.7191281;-42.081989288330078;
2431378205.1293845;-41.822425842285156;
2431538461.5396409;-39.103569030761719;
2431698717.9498973;-38.332771301269531;
2431858974.3601537;-36.043590545654297;
2432019230.7704101;-35.206157684326172;
2432179487.1806664;-33.81427001953125;
2432339743.5909228;-32.164783477783203;
2432500000.0011792;-30.815618515014648;
2432660256.4114356;-29.455142974853516;
2432820512.8216925;-28.637548446655273;
2432980769.2319489;-27.433618545532227;
2433141025.6422052;-26.445535659790039;
2433301282.0524616;-25.109386444091797;
2433461538.462718;-24.53730583190918;
2433621794.8729744;-23.822200775146484;
2433782051.2832308;-23.364896774291992;
2433942307.6934872;-22.705106735229492;
2434102564.1037436;-22.457181930541992;
2434262820.5139999;-22.251615524291992;
2434423076.9242563;-22.459127426147461;
2434583333.3345127;-22.348073959350586;
2434743589.7447691;-22.862710952758789;
2434903846.1550255;-23.315778732299805;
2435064102.5652819;-23.846645355224609;
2435224358.9755383;-24.583635330200195;
2435384615.3857946;-25.077972412109375;
2435544871.796051;-26.400129318237305;
2435705128.2063074;-27.441387176513672;
2435865384.6165643;-28.666378021240234;
2436025641.0268207;-29.463605880737305;
2436185897.437077;-30.596267700195313;
2436346153.8473334;-32.071563720703125;
2436506410.2575898;-33.638843536376953;
2436666666.6678462;-34.800247192382812;
2436826923.0781026;-35.811695098876953;
2436987179.488359;-37.140171051025391;
2437147435.8986154;-38.496540069580078;
2437307692.3088717;-40.440319061279297;
2437467948.7191281;-41.300102233886719;
2437628205.1293845;-42.563789367675781;
2437788461.5396409;-43.646411895751953;
2437948717.9498973;-45.223529815673828;
2438108974.3601537;-47.103206634521484;
2438269230.7704101;-47.878662109375;
2438429487.1806664;-49.424942016601563;
2438589743.5909228;-50.078109741210937;
2438750000.0011792;-51.965572357177734;
2438910256.4114356;-53.589641571044922;
2439070512.8216925;-54.740707397460938;
2439230769.2319489;-56.047191619873047;
2439391025.6422052;-57.047615051269531;
2439551282.0524616;-59.043605804443359;
2439711538.462718;-60.820747375488281;
2439871794.8729744;-62.448928833007813;
2440032051.2832308;-63.609794616699219;
2440192307.6934872;-65.374244689941406;
2440352564.1037436;-67.304733276367188;
2440512820.5139999;-70.002777099609375;
2440673076.9242563;-71.493125915527344;
2440833333.3345127;-73.156967163085938;
2440993589.7447691;-74.814781188964844;
2441153846.1550255;-77.023483276367188;
2441314102.5652819;-79.612762451171875;
2441474358.9755383;-80.685035705566406;
2441634615.3857946;-81.917243957519531;
2441794871.796051;-82.766792297363281;
2441955128.2063074;-83.816337585449219;
2442115384.6165643;-84.534065246582031;
2442275641.0268207;-84.828369140625;
2442435897.437077;-84.994209289550781;
2442596153.8473334;-85.156898498535156;
2442756410.2575898;-85.368270874023437;
2442916666.6678462;-85.475181579589844;
2443076923.0781026;-85.542762756347656;
2443237179.488359;-85.50469970703125;
2443397435.8986154;-85.578857421875;
2443557692.3088717;-85.589569091796875;
2443717948.7191281;-85.627952575683594;
2443878205.1293845;-85.581031799316406;
2444038461.5396409;-85.595916748046875;
2444198717.9498973;-85.621543884277344;
2444358974.3601537;-85.595939636230469;
2444519230.7704101;-85.544929504394531;
2444679487.1806664;-85.515281677246094;
2444839743.5909228;-85.534332275390625;
2445000000.0011792;-85.517135620117187;
2445160256.4114356;-85.508560180664063;
2445320512.8216925;-85.655929565429688;
2445480769.2319489;-85.645187377929688;
2445641025.6422052;-85.653785705566406;
2445801282.0524616;-85.649482727050781;
2445961538.462718;-85.690376281738281;
2446121794.8729744;-85.696823120117187;
2446282051.2832308;-85.735786437988281;
2446442307.6934872;-85.686973571777344;
2446602564.1037436;-85.653785705566406;
2446762820.5139999;-85.668838500976563;
2446923076.9242563;-85.651626586914063;
2447083333.3345127;-85.683891296386719;
2447243589.7447691;-85.705482482910156;
2447403846.1550255;-85.724937438964844;
2447564102.5652819;-85.668830871582031;
2447724358.9755383;-85.670906066894531;
2447884615.3857946;-85.670974731445313;
2448044871.796051;-85.651626586914063;
2448205128.2063074;-85.664520263671875;
2448365384.6165643;-85.655921936035156;
2448525641.0268207;-85.0732421875;
2448685897.437077;-85.109230041503906;
2448846153.8473334;-85.424812316894531;
2449006410.2575898;-85.550048828125;
2449166666.6678462;-85.536430358886719;
2449326923.0781026;-85.557876586914063;
2449487179.488359;-85.604507446289063;
2449647435.8986154;-85.625892639160156;
2449807692.3088717;-85.561920166015625;
2449967948.7191281;-85.530044555664063;
2450128205.1293845;-85.508934020996094;
2450288461.5396409;-85.504646301269531;
2450448717.9498973;-85.555366516113281;
2450608974.3601537;-85.703323364257813;
2450769230.7704101;-85.744468688964844;
2450929487.1806664;-85.742294311523438;
2451089743.5909228;-85.683807373046875;
2451250000.0011792;-85.570419311523438;
2451410256.4114356;-85.534317016601563;
2451570512.8216925;-85.664451599121094;
2451730769.2319489;-85.692512512207031;
2451891025.6422052;-85.660125732421875;
2452051282.0524616;-85.513099670410156;
2452211538.462718;-85.513130187988281;
2452371794.8729744;-85.420661926269531;
2452532051.2832308;-85.393363952636719;
2452692307.6934872;-85.362319946289063;
2452852564.1037436;-85.337425231933594;
2453012820.5139999;-85.491661071777344;
2453173076.9242563;-85.574653625488281;
2453333333.3345127;-85.645187377929688;
2453493589.7447691;-85.655906677246094;
2453653846.1550255;-85.714080810546875;
2453814102.5652819;-85.636589050292969;
2453974358.9755383;-85.461906433105469;
2454134615.3857946;-85.476692199707031;
2454294871.796051;-85.597999572753906;
2454455128.2063074;-85.67095947265625;
2454615384.6165643;-85.6407470703125;
2454775641.0268207;-85.7509765625;
2454935897.437077;-85.664512634277344;
2455096153.8473334;-85.659889221191406;
2455256410.2575898;-85.655876159667969;
2455416666.6678462;-85.551727294921875;
2455576923.0781026;-85.596145629882813;
2455737179.488359;-85.576522827148438;
2455897435.8986154;-85.709129333496094;
2456057692.3088717;-85.625999450683594;
2456217948.7191281;-85.57647705078125;
2456378205.1293845;-85.604400634765625;
2456538461.5396409;-85.555198669433594;
2456698717.9498973;-85.431037902832031;
2456858974.3601537;-85.483306884765625;
2457019230.7704101;-85.649391174316406;
2457179487.1806664;-85.585128784179687;
2457339743.5909228;-85.672874450683594;
2457500000.0011792;-85.711814880371094;
2457660256.4114356;-85.644775390625;
2457820512.8216925;-85.716217041015625;
2457980769.2319489;-85.666572570800781;
2458141025.6422052;-85.744407653808594;
2458301282.0524616;-85.60870361328125;
2458461538.462718;-85.674903869628906;
2458621794.8729744;-85.683746337890625;
2458782051.2832308;-85.591041564941406;
2458942307.6934872;-85.561920166015625;
2459102564.1037436;-85.474983215332031;
2459262820.5139999;-85.5767822265625;
2459423076.9242563;-85.523567199707031;
2459583333.3345127;-85.679512023925781;
2459743589.7447691;-85.653587341308594;
2459903846.1550255;-85.709449768066406;
2460064102.5652819;-85.694618225097656;
2460224358.9755383;-85.666412353515625;
2460384615.3857946;-85.746559143066406;
2460544871.796051;-85.677291870117188;
2460705128.2063074;-85.709701538085938;
2460865384.6165643;-85.644996643066406;
2461025641.0268207;-85.698638916015625;
2461185897.437077;-85.670906066894531;
2461346153.8473334;-85.675003051757813;
2461506410.2575898;-85.763839721679687;
2461666666.6678462;-85.705169677734375;
2461826923.0781026;-85.744453430175781;
2461987179.488359;-85.649322509765625;
2462147435.8986154;-85.744224548339844;
2462307692.3088717;-85.690322875976562;
2462467948.7191281;-85.679130554199219;
2462628205.1293845;-85.696708679199219;
2462788461.5396409;-85.718246459960938;
2462948717.9498973;-85.78143310546875;
2463108974.3601537;-85.690292358398438;
2463269230.7704101;-85.727066040039063;
2463429487.1806664;-85.681617736816406;
2463589743.5909228;-85.700767517089844;
2463750000.0011792;-85.666656494140625;
2463910256.4114356;-85.621406555175781;
2464070512.8216925;-85.739936828613281;
2464230769.2319489;-85.696632385253906;
2464391025.6422052;-85.768341064453125;
2464551282.0524616;-85.672950744628906;
2464711538.462718;-85.763679504394531;
2464871794.8729744;-85.660232543945313;
2465032051.2832308;-85.675125122070313;
2465192307.6934872;-85.742256164550781;
2465352564.1037436;-85.672874450683594;
2465512820.5139999;-85.777046203613281;
2465673076.9242563;-85.701019287109375;
2465833333.3345127;-85.7703857421875;
2465993589.7447691;-85.711807250976563;
2466153846.1550255;-85.707237243652344;
2466314102.5652819;-85.718345642089844;
2466474358.9755383;-85.653388977050781;
2466634615.3857946;-85.752975463867187;
2466794871.796051;-85.683570861816406;
2466955128.2063074;-85.7421875;
2467115384.6165643;-85.625732421875;
2467275641.0268207;-85.677047729492188;
2467435897.437077;-85.716224670410156;
2467596153.8473334;-85.661712646484375;
2467756410.2575898;-85.735702514648438;
2467916666.6678462;-85.610557556152344;
2468076923.0781026;-85.737907409667969;
2468237179.488359;-85.60211181640625;
2468397435.8986154;-85.713691711425781;
2468557692.3088717;-85.666351318359375;
2468717948.7191281;-85.659255981445313;
2468878205.1293845;-85.705345153808594;
2469038461.5396409;-85.582794189453125;
2469198717.9498973;-85.720565795898437;
2469358974.3601537;-85.578483581542969;
2469519230.7704101;-85.674217224121094;
2469679487.1806664;-85.591316223144531;
2469839743.5909228;-85.579666137695313;
2470000000.0011792;-85.662109375;
2470160256.4114356;-85.561203002929688;
2470320512.8216925;-85.742210388183594;
2470480769.2319489;-85.470619201660156;
2470641025.6422052;-85.586418151855469;
2470801282.0524616;-85.517921447753906;
2470961538.462718;-85.588729858398438;
2471121794.8729744;-85.600906372070313;
2471282051.2832308;-85.529884338378906;
2471442307.6934872;-85.64007568359375;
2471602564.1037436;-85.475166320800781;
2471762820.5139999;-85.657890319824219;
2471923076.9242563;-85.332107543945313;
2472083333.3345127;-85.511550903320313;
2472243589.7447691;-85.348396301269531;
2472403846.1550255;-85.325355529785156;
2472564102.5652819;-85.484634399414063;
2472724358.9755383;-85.198066711425781;
2472884615.3857946;-85.525253295898437;
2473044871.796051;-85.015235900878906;
2473205128.2063074;-85.297431945800781;
2473365384.6165643;-85.080665588378906;
2473525641.0268207;-85.135749816894531;
2473685897.437077;-85.240043640136719;
2473846153.8473334;-85.051956176757813;
2474006410.2575898;-85.373321533203125;
2474166666.6678462;-84.956428527832031;
2474326923.0781026;-85.488761901855469;
2474487179.488359;-85.044265747070313;
2474647435.8986154;-85.366355895996094;
2474807692.3088717;-85.191413879394531;
2474967948.7191281;-85.283782958984375;
2475128205.1293845;-85.430046081542969;
2475288461.5396409;-85.27777099609375;
2475448717.9498973;-85.502197265625;
2475608974.3601537;-85.253570556640625;
2475769230.7704101;-85.55072021484375;
2475929487.1806664;-85.352523803710937;
2476089743.5909228;-85.523597717285156;
2476250000.0011792;-85.531631469726563;
2476410256.4114356;-85.503074645996094;
2476570512.8216925;-85.632026672363281;
2476730769.2319489;-85.503890991210937;
2476891025.6422052;-85.644905090332031;
2477051282.0524616;-85.506080627441406;
2477211538.462718;-85.629623413085938;
2477371794.8729744;-85.593681335449219;
2477532051.2832308;-85.632972717285156;
2477692307.6934872;-85.667190551757813;
2477852564.1037436;-85.621063232421875;
2478012820.5139999;-85.707611083984375;
2478173076.9242563;-85.647117614746094;
2478333333.3345127;-85.750923156738281;
2478493589.7447691;-85.636520385742188;
2478653846.1550255;-85.735511779785156;
2478814102.5652819;-85.690269470214844;
2478974358.9755383;-85.716026306152344;
2479134615.3857946;-85.759674072265625;
2479294871.796051;-85.696670532226563;
2479455128.2063074;-85.716293334960938;
2479615384.6165643;-85.666603088378906;
2479775641.0268207;-85.768295288085938;
2479935897.437077;-85.718391418457031;
2480096153.8473334;-85.737876892089844;
2480256410.2575898;-85.76617431640625;
2480416666.6678462;-85.752998352050781;
2480576923.0781026;-85.777084350585938;
2480737179.488359;-85.726997375488281;
2480897435.8986154;-85.768257141113281;
2481057692.3088717;-85.763954162597656;
2481217948.7191281;-85.777015686035156;
2481378205.1293845;-85.796684265136719;
2481538461.5396409;-85.770477294921875;
2481698717.9498973;-85.763710021972656;
2481858974.3601537;-85.755317687988281;
2482019230.7704101;-85.761848449707031;
2482179487.1806664;-85.722755432128906;
2482339743.5909228;-85.777069091796875;
2482500000.0011792;-85.774879455566406;
2482660256.4114356;-85.766143798828125;
2482820512.8216925;-85.792350769042969;
2482980769.2319489;-85.779251098632813;
2483141025.6422052;-85.783615112304688;
2483301282.0524616;-85.779228210449219;
2483461538.462718;-85.8492431640625;
2483621794.8729744;-85.840499877929688;
2483782051.2832308;-85.851425170898437;
2483942307.6934872;-85.842636108398438;
2484102564.1037436;-85.847023010253906;
2484262820.5139999;-85.764022827148438;
