Type;ESU;
Version;4.43;
Date;03.Jun 16;
Mode;ANALYZER;
Center Freq;2434262820.514000;Hz
Freq Offset;0.000000;Hz
Span;100000000.000000;Hz
x-Axis;LIN;
Start;2384262820.514000;Hz
Stop;2484262820.514000;Hz
Ref Level;-9.000000;dBm
Level Offset;0.000000;dB
Ref Position;100.000000;%
y-Axis;LOG;
Level Range;100.000000;dB
Rf Att;5.000000;dB
RBW;2000000.000000;Hz
VBW;50.000000;Hz
SWT;2.500000;s
Trace Mode;CLR/WRITE;
Detector;RMS;
Sweep Count;0;
Trace 1:;;
x-Unit;Hz;
y-Unit;dBm;
Values;625;
2384262820.5139999;-85.68304443359375;
2384423076.9242563;-85.729598999023438;
2384583333.3345127;-85.778030395507813;
2384743589.7447691;-85.710334777832031;
2384903846.1550255;-85.727684020996094;
2385064102.5652819;-85.714179992675781;
2385224358.9755383;-85.696853637695313;
2385384615.3857946;-85.685317993164063;
2385544871.796051;-85.687240600585938;
2385705128.2063074;-85.694915771484375;
2385865384.6165643;-85.723823547363281;
2386025641.0268207;-85.72381591796875;
2386185897.437077;-85.706474304199219;
2386346153.8473334;-85.70648193359375;
2386506410.2575898;-85.698776245117188;
2386666666.6678462;-85.691078186035156;
2386826923.0781026;-85.627876281738281;
2386987179.488359;-85.650772094726563;
2387147435.8986154;-85.70648193359375;
2387307692.3088717;-85.733474731445313;
2387467948.7191281;-85.764442443847656;
2387628205.1293845;-85.721878051757812;
2387788461.5396409;-85.656524658203125;
2387948717.9498973;-85.675712585449219;
2388108974.3601537;-85.70648193359375;
2388269230.7704101;-85.706459045410156;
2388429487.1806664;-85.708412170410156;
2388589743.5909228;-85.706474304199219;
2388750000.0011792;-85.702629089355469;
2388910256.4114356;-85.70648193359375;
2389070512.8216925;-85.687248229980469;
2389230769.2319489;-85.691078186035156;
2389391025.6422052;-85.696853637695313;
2389551282.0524616;-85.712265014648437;
2389711538.462718;-85.710334777832031;
2389871794.8729744;-85.708412170410156;
2390032051.2832308;-85.725746154785156;
2390192307.6934872;-85.675712585449219;
2390352564.1037436;-85.689140319824219;
2390512820.5139999;-85.691085815429687;
2390673076.9242563;-85.645065307617188;
2390833333.3345127;-85.662269592285156;
2390993589.7447691;-85.689163208007813;
2391153846.1550255;-85.689170837402344;
2391314102.5652819;-85.679542541503906;
2391474358.9755383;-85.677635192871094;
2391634615.3857946;-85.6776123046875;
2391794871.796051;-85.658470153808594;
2391955128.2063074;-85.62786865234375;
2392115384.6165643;-85.618339538574219;
2392275641.0268207;-85.625961303710938;
2392435897.437077;-85.669944763183594;
2392596153.8473334;-85.70648193359375;
2392756410.2575898;-85.694931030273438;
2392916666.6678462;-85.652671813964844;
2393076923.0781026;-85.622146606445313;
2393237179.488359;-85.639297485351562;
2393397435.8986154;-85.637413024902344;
2393557692.3088717;-85.671875;
2393717948.7191281;-85.679519653320313;
2393878205.1293845;-85.700706481933594;
2394038461.5396409;-85.681465148925781;
2394198717.9498973;-85.639320373535156;
2394358974.3601537;-85.70257568359375;
2394519230.7704101;-85.624053955078125;
2394679487.1806664;-85.614517211914062;
2394839743.5909228;-85.660369873046875;
2395000000.0011792;-85.61627197265625;
2395160256.4114356;-85.610679626464844;
2395320512.8216925;-85.6297607421875;
2395480769.2319489;-85.624061584472656;
2395641025.6422052;-85.616401672363281;
2395801282.0524616;-85.631690979003906;
2395961538.462718;-85.599266052246094;
2396121794.8729744;-85.620246887207031;
2396282051.2832308;-85.567008972167969;
2396442307.6934872;-85.614509582519531;
2396602564.1037436;-85.614494323730469;
2396762820.5139999;-85.654624938964844;
2396923076.9242563;-85.652717590332031;
2397083333.3345127;-85.656532287597656;
2397243589.7447691;-85.608802795410156;
2397403846.1550255;-85.595466613769531;
2397564102.5652819;-85.61260986328125;
2397724358.9755383;-85.622154235839844;
2397884615.3857946;-85.622154235839844;
2398044871.796051;-85.629783630371094;
2398205128.2063074;-85.631690979003906;
2398365384.6165643;-85.5916748046875;
2398525641.0268207;-85.606895446777344;
2398685897.437077;-85.614517211914062;
2398846153.8473334;-85.620231628417969;
2399006410.2575898;-85.620246887207031;
2399166666.6678462;-85.606903076171875;
2399326923.0781026;-85.603096008300781;
2399487179.488359;-85.608810424804688;
2399647435.8986154;-85.614517211914062;
2399807692.3088717;-85.608802795410156;
2399967948.7191281;-85.618339538574219;
2400128205.1293845;-85.612625122070313;
2400288461.5396409;-85.593307495117188;
2400448717.9498973;-85.568855285644531;
2400608974.3601537;-85.521644592285156;
2400769230.7704101;-85.548065185546875;
2400929487.1806664;-85.548072814941406;
2401089743.5909228;-85.576492309570313;
2401250000.0011792;-85.606895446777344;
2401410256.4114356;-85.604995727539063;
2401570512.8216925;-85.618339538574219;
2401730769.2319489;-85.584068298339844;
2401891025.6422052;-85.612625122070313;
2402051282.0524616;-85.557525634765625;
2402211538.462718;-85.584083557128906;
2402371794.8729744;-85.591659545898438;
2402532051.2832308;-85.620246887207031;
2402692307.6934872;-85.63360595703125;
2402852564.1037436;-85.593582153320313;
2403012820.5139999;-85.595474243164063;
2403173076.9242563;-85.597381591796875;
2403333333.3345127;-85.624061584472656;
2403493589.7447691;-85.616432189941406;
2403653846.1550255;-85.612617492675781;
2403814102.5652819;-85.606887817382812;
2403974358.9755383;-85.614494323730469;
2404134615.3857946;-85.625961303710938;
2404294871.796051;-85.652717590332031;
2404455128.2063074;-85.63739013671875;
2404615384.6165643;-85.608802795410156;
2404775641.0268207;-85.572685241699219;
2404935897.437077;-85.574577331542969;
2405096153.8473334;-85.606910705566406;
2405256410.2575898;-85.622154235839844;
2405416666.6678462;-85.603103637695313;
2405576923.0781026;-85.635513305664063;
2405737179.488359;-85.622146606445313;
2405897435.8986154;-85.614097595214844;
2406057692.3088717;-85.637413024902344;
2406217948.7191281;-85.641227722167969;
2406378205.1293845;-85.614097595214844;
2406538461.5396409;-85.610694885253906;
2406698717.9498973;-85.599838256835938;
2406858974.3601537;-85.614105224609375;
2407019230.7704101;-85.625968933105469;
2407179487.1806664;-85.664192199707031;
2407339743.5909228;-85.6929931640625;
2407500000.0011792;-85.650810241699219;
2407660256.4114356;-85.625968933105469;
2407820512.8216925;-85.656539916992188;
2407980769.2319489;-85.654594421386719;
2408141025.6422052;-85.616432189941406;
2408301282.0524616;-85.614517211914062;
2408461538.462718;-85.6202392578125;
2408621794.8729744;-85.614524841308594;
2408782051.2832308;-85.610710144042969;
2408942307.6934872;-85.637428283691406;
2409102564.1037436;-85.614524841308594;
2409262820.5139999;-85.625968933105469;
2409423076.9242563;-85.631683349609375;
2409583333.3345127;-85.650772094726563;
2409743589.7447691;-85.610694885253906;
2409903846.1550255;-85.612594604492187;
2410064102.5652819;-85.6202392578125;
2410224358.9755383;-85.629776000976563;
2410384615.3857946;-85.625961303710938;
2410544871.796051;-85.648880004882813;
2410705128.2063074;-85.625968933105469;
2410865384.6165643;-85.639328002929688;
2411025641.0268207;-85.620246887207031;
2411185897.437077;-85.633590698242188;
2411346153.8473334;-85.624061584472656;
2411506410.2575898;-85.666229248046875;
2411666666.6678462;-85.676246643066406;
2411826923.0781026;-85.682121276855469;
2411987179.488359;-85.636856079101563;
2412147435.8986154;-85.616432189941406;
2412307692.3088717;-85.622138977050781;
2412467948.7191281;-85.654586791992188;
2412628205.1293845;-85.622146606445313;
2412788461.5396409;-85.608802795410156;
2412948717.9498973;-85.593589782714844;
2413108974.3601537;-85.614494323730469;
2413269230.7704101;-85.694931030273438;
2413429487.1806664;-85.679557800292969;
2413589743.5909228;-85.70648193359375;
2413750000.0011792;-85.708404541015625;
2413910256.4114356;-85.718040466308594;
2414070512.8216925;-85.691085815429687;
2414230769.2319489;-85.702629089355469;
2414391025.6422052;-85.70703125;
2414551282.0524616;-85.710334777832031;
2414711538.462718;-85.689170837402344;
2414871794.8729744;-85.708412170410156;
2415032051.2832308;-85.689163208007813;
2415192307.6934872;-85.669967651367188;
2415352564.1037436;-85.648895263671875;
2415512820.5139999;-85.677635192871094;
2415673076.9242563;-85.708412170410156;
2415833333.3345127;-85.70648193359375;
2415993589.7447691;-85.669952392578125;
2416153846.1550255;-85.714179992675781;
2416314102.5652819;-85.698776245117188;
2416474358.9755383;-85.643150329589844;
2416634615.3857946;-85.629783630371094;
2416794871.796051;-85.652175903320312;
2416955128.2063074;-85.687232971191406;
2417115384.6165643;-85.698211669921875;
2417275641.0268207;-85.696830749511719;
2417435897.437077;-85.675712585449219;
2417596153.8473334;-85.648887634277344;
2417756410.2575898;-85.6392822265625;
2417916666.6678462;-85.691085815429687;
2418076923.0781026;-85.68914794921875;
2418237179.488359;-85.650794982910156;
2418397435.8986154;-85.706428527832031;
2418557692.3088717;-85.712257385253906;
2418717948.7191281;-85.652687072753906;
2418878205.1293845;-85.687217712402344;
2419038461.5396409;-85.70703125;
2419198717.9498973;-85.683403015136719;
2419358974.3601537;-85.675712585449219;
2419519230.7704101;-85.694931030273438;
2419679487.1806664;-85.708412170410156;
2419839743.5909228;-85.648849487304688;
2420000000.0011792;-85.641242980957031;
2420160256.4114356;-85.641250610351563;
2420320512.8216925;-85.61260986328125;
2420480769.2319489;-85.664215087890625;
2420641025.6422052;-85.671890258789063;
2420801282.0524616;-85.639335632324219;
2420961538.462718;-85.673789978027344;
2421121794.8729744;-85.679557800292969;
2421282051.2832308;-85.654365539550781;
2421442307.6934872;-85.616424560546875;
2421602564.1037436;-85.620246887207031;
2421762820.5139999;-85.622154235839844;
2421923076.9242563;-85.629776000976563;
2422083333.3345127;-85.648895263671875;
2422243589.7447691;-85.604972839355469;
2422403846.1550255;-85.6412353515625;
2422564102.5652819;-85.67376708984375;
2422724358.9755383;-85.704551696777344;
2422884615.3857946;-85.66802978515625;
2423044871.796051;-85.648895263671875;
2423205128.2063074;-85.641250610351563;
2423365384.6165643;-85.635513305664063;
2423525641.0268207;-85.620246887207031;
2423685897.437077;-85.627876281738281;
2423846153.8473334;-85.652702331542969;
2424006410.2575898;-85.675712585449219;
2424166666.6678462;-85.698783874511719;
2424326923.0781026;-85.652679443359375;
2424487179.488359;-85.631690979003906;
2424647435.8986154;-85.620231628417969;
2424807692.3088717;-85.658462524414062;
2424967948.7191281;-85.67572021484375;
2425128205.1293845;-85.681434631347656;
2425288461.5396409;-85.64697265625;
2425448717.9498973;-85.658447265625;
2425608974.3601537;-85.652717590332031;
2425769230.7704101;-85.654640197753906;
2425929487.1806664;-85.625961303710938;
2426089743.5909228;-85.639335632324219;
2426250000.0011792;-85.646980285644531;
2426410256.4114356;-85.633583068847656;
2426570512.8216925;-85.681419372558594;
2426730769.2319489;-85.6278076171875;
2426891025.6422052;-85.624061584472656;
2427051282.0524616;-85.453788757324219;
2427211538.462718;-85.512214660644531;
2427371794.8729744;-85.2740478515625;
2427532051.2832308;-85.201408386230469;
2427692307.6934872;-84.830436706542969;
2427852564.1037436;-84.516593933105469;
2428012820.5139999;-84.231239318847656;
2428173076.9242563;-83.202674865722656;
2428333333.3345127;-83.193275451660156;
2428493589.7447691;-80.837539672851562;
2428653846.1550255;-81.252578735351562;
2428814102.5652819;-77.704124450683594;
2428974358.9755383;-78.353988647460937;
2429134615.3857946;-73.922210693359375;
2429294871.796051;-73.900283813476563;
2429455128.2063074;-70.046134948730469;
2429615384.6165643;-70.0140380859375;
2429775641.0268207;-67.233070373535156;
2429935897.437077;-65.159141540527344;
2430096153.8473334;-63.251388549804688;
2430256410.2575898;-61.771266937255859;
2430416666.6678462;-60.558036804199219;
2430576923.0781026;-58.404201507568359;
2430737179.488359;-57.479030609130859;
2430897435.8986154;-54.186717987060547;
2431057692.3088717;-54.424930572509766;
2431217948.7191281;-51.413669586181641;
2431378205.1293845;-51.25555419921875;
2431538461.5396409;-48.487159729003906;
2431698717.9498973;-47.553905487060547;
2431858974.3601537;-45.851417541503906;
2432019230.7704101;-44.75421142578125;
2432179487.1806664;-43.593379974365234;
2432339743.5909228;-41.8623046875;
2432500000.0011792;-40.867229461669922;
2432660256.4114356;-39.499496459960938;
2432820512.8216925;-38.733421325683594;
2432980769.2319489;-37.537559509277344;
2433141025.6422052;-36.721107482910156;
2433301282.0524616;-35.754383087158203;
2433461538.462718;-35.251861572265625;
2433621794.8729744;-34.736396789550781;
2433782051.2832308;-34.448032379150391;
2433942307.6934872;-34.04168701171875;
2434102564.1037436;-33.983028411865234;
2434262820.5139999;-33.976505279541016;
2434423076.9242563;-34.345542907714844;
2434583333.3345127;-34.609428405761719;
2434743589.7447691;-35.427093505859375;
2434903846.1550255;-35.930370330810547;
2435064102.5652819;-36.772254943847656;
2435224358.9755383;-37.387100219726563;
2435384615.3857946;-38.597412109375;
2435544871.796051;-39.57208251953125;
2435705128.2063074;-41.1566162109375;
2435865384.6165643;-41.819664001464844;
2436025641.0268207;-43.240062713623047;
2436185897.437077;-44.088588714599609;
2436346153.8473334;-45.718093872070313;
2436506410.2575898;-47.302192687988281;
2436666666.6678462;-48.276035308837891;
2436826923.0781026;-49.700088500976563;
2436987179.488359;-50.551139831542969;
2437147435.8986154;-52.466175079345703;
2437307692.3088717;-53.777114868164063;
2437467948.7191281;-55.297863006591797;
2437628205.1293845;-56.249004364013672;
2437788461.5396409;-57.664196014404297;
2437948717.9498973;-59.018207550048828;
2438108974.3601537;-60.807804107666016;
2438269230.7704101;-61.820976257324219;
2438429487.1806664;-63.140129089355469;
2438589743.5909228;-64.244903564453125;
2438750000.0011792;-65.870841979980469;
2438910256.4114356;-67.762611389160156;
2439070512.8216925;-68.63897705078125;
2439230769.2319489;-70.379043579101563;
2439391025.6422052;-71.372764587402344;
2439551282.0524616;-73.624542236328125;
2439711538.462718;-75.587142944335938;
2439871794.8729744;-76.997100830078125;
2440032051.2832308;-78.420265197753906;
2440192307.6934872;-79.616897583007813;
2440352564.1037436;-81.5169677734375;
2440512820.5139999;-83.099258422851563;
2440673076.9242563;-83.851470947265625;
2440833333.3345127;-84.385780334472656;
2440993589.7447691;-84.877571105957031;
2441153846.1550255;-85.319786071777344;
2441314102.5652819;-85.510330200195313;
2441474358.9755383;-85.527275085449219;
2441634615.3857946;-85.616432189941406;
2441794871.796051;-85.658432006835938;
2441955128.2063074;-85.704551696777344;
2442115384.6165643;-85.696678161621094;
2442275641.0268207;-85.50616455078125;
2442435897.437077;-85.700614929199219;
2442596153.8473334;-85.762496948242188;
2442756410.2575898;-85.725746154785156;
2442916666.6678462;-85.7296142578125;
2443076923.0781026;-85.776084899902344;
2443237179.488359;-85.770263671875;
2443397435.8986154;-85.746864318847656;
2443557692.3088717;-85.708396911621094;
2443717948.7191281;-85.687217712402344;
2443878205.1293845;-85.712265014648437;
2444038461.5396409;-85.751136779785156;
2444198717.9498973;-85.811103820800781;
2444358974.3601537;-85.764427185058594;
2444519230.7704101;-85.768295288085938;
2444679487.1806664;-85.688056945800781;
2444839743.5909228;-85.706428527832031;
2445000000.0011792;-85.745079040527344;
2445160256.4114356;-85.772193908691406;
2445320512.8216925;-85.688674926757813;
2445480769.2319489;-85.587753295898438;
2445641025.6422052;-85.660110473632812;
2445801282.0524616;-85.735397338867188;
2445961538.462718;-85.716102600097656;
2446121794.8729744;-85.712203979492188;
2446282051.2832308;-85.7412109375;
2446442307.6934872;-85.801361083984375;
2446602564.1037436;-85.811103820800781;
2446762820.5139999;-85.81695556640625;
2446923076.9242563;-85.80133056640625;
2447083333.3345127;-85.741180419921875;
2447243589.7447691;-85.795524597167969;
2447403846.1550255;-85.816963195800781;
2447564102.5652819;-83.513130187988281;
2447724358.9755383;-83.105087280273438;
2447884615.3857946;-85.028175354003906;
2448044871.796051;-85.602813720703125;
2448205128.2063074;-85.7838134765625;
2448365384.6165643;-85.640472412109375;
2448525641.0268207;-85.629463195800781;
2448685897.437077;-85.797462463378906;
2448846153.8473334;-85.793548583984375;
2449006410.2575898;-85.515083312988281;
2449166666.6678462;-85.508125305175781;
2449326923.0781026;-85.234107971191406;
2449487179.488359;-85.111038208007813;
2449647435.8986154;-85.105667114257813;
2449807692.3088717;-85.193992614746094;
2449967948.7191281;-85.239700317382812;
2450128205.1293845;-85.256111145019531;
2450288461.5396409;-85.318397521972656;
2450448717.9498973;-85.489227294921875;
2450608974.3601537;-85.692955017089844;
2450769230.7704101;-85.762496948242188;
2450929487.1806664;-85.811103820800781;
2451089743.5909228;-85.81304931640625;
2451250000.0011792;-85.81695556640625;
2451410256.4114356;-85.793571472167969;
2451570512.8216925;-85.805259704589844;
2451730769.2319489;-85.813056945800781;
2451891025.6422052;-85.776054382324219;
2452051282.0524616;-85.762474060058594;
2452211538.462718;-85.793540954589844;
2452371794.8729744;-85.768325805664062;
2452532051.2832308;-85.564750671386719;
2452692307.6934872;-85.681404113769531;
2452852564.1037436;-85.777999877929688;
2453012820.5139999;-85.82843017578125;
2453173076.9242563;-85.806648254394531;
2453333333.3345127;-85.797233581542969;
2453493589.7447691;-85.81109619140625;
2453653846.1550255;-85.733444213867188;
2453814102.5652819;-85.70648193359375;
2453974358.9755383;-85.650810241699219;
2454134615.3857946;-85.668045043945313;
2454294871.796051;-85.650779724121094;
2454455128.2063074;-85.589736938476562;
2454615384.6165643;-85.599258422851562;
2454775641.0268207;-85.587783813476563;
2454935897.437077;-85.576431274414063;
2455096153.8473334;-85.675682067871094;
2455256410.2575898;-85.803192138671875;
2455416666.6678462;-85.834503173828125;
2455576923.0781026;-85.828666687011719;
2455737179.488359;-85.791618347167969;
2455897435.8986154;-85.7528076171875;
2456057692.3088717;-85.816963195800781;
2456217948.7191281;-85.737129211425781;
2456378205.1293845;-85.712181091308594;
2456538461.5396409;-85.626411437988281;
2456698717.9498973;-85.479301452636719;
2456858974.3601537;-85.733467102050781;
2457019230.7704101;-85.776077270507813;
2457179487.1806664;-85.820854187011719;
2457339743.5909228;-85.842338562011719;
2457500000.0011792;-85.816909790039063;
2457660256.4114356;-85.826713562011719;
2457820512.8216925;-85.830612182617188;
2457980769.2319489;-85.826713562011719;
2458141025.6422052;-85.826698303222656;
2458301282.0524616;-85.883522033691406;
2458461538.462718;-85.840385437011719;
2458621794.8729744;-85.8638916015625;
2458782051.2832308;-85.8677978515625;
2458942307.6934872;-85.818885803222656;
2459102564.1037436;-85.832534790039063;
2459262820.5139999;-85.854057312011719;
2459423076.9242563;-85.830619812011719;
2459583333.3345127;-85.838432312011719;
2459743589.7447691;-85.826713562011719;
2459903846.1550255;-85.816947937011719;
2460064102.5652819;-85.87567138671875;
2460224358.9755383;-85.877632141113281;
2460384615.3857946;-85.852134704589844;
2460544871.796051;-85.81890869140625;
2460705128.2063074;-85.840377807617188;
2460865384.6165643;-85.90911865234375;
2461025641.0268207;-85.877616882324219;
2461185897.437077;-85.856048583984375;
2461346153.8473334;-85.82476806640625;
2461506410.2575898;-85.828666687011719;
2461666666.6678462;-85.8736572265625;
2461826923.0781026;-85.913063049316406;
2461987179.488359;-85.895309448242188;
2462147435.8986154;-85.877639770507813;
2462307692.3088717;-85.852134704589844;
2462467948.7191281;-85.907150268554688;
2462628205.1293845;-85.90911865234375;
2462788461.5396409;-85.907150268554688;
2462948717.9498973;-85.877609252929688;
2463108974.3601537;-85.895332336425781;
2463269230.7704101;-85.901237487792969;
2463429487.1806664;-85.871726989746094;
2463589743.5909228;-85.877601623535156;
2463750000.0011792;-85.911094665527344;
2463910256.4114356;-85.917015075683594;
2464070512.8216925;-85.895332336425781;
2464230769.2319489;-85.885498046875;
2464391025.6422052;-85.905174255371094;
2464551282.0524616;-85.887428283691406;
2464711538.462718;-85.854095458984375;
2464871794.8729744;-85.887458801269531;
2465032051.2832308;-85.911094665527344;
2465192307.6934872;-85.913063049316406;
2465352564.1037436;-85.948638916015625;
2465512820.5139999;-85.909111022949219;
2465673076.9242563;-85.9012451171875;
2465833333.3345127;-85.893341064453125;
2465993589.7447691;-85.909126281738281;
2466153846.1550255;-85.877632141113281;
2466314102.5652819;-85.848213195800781;
2466474358.9755383;-85.84429931640625;
2466634615.3857946;-85.834518432617188;
2466794871.796051;-85.820854187011719;
2466955128.2063074;-85.865821838378906;
2467115384.6165643;-85.881523132324219;
2467275641.0268207;-85.924896240234375;
2467435897.437077;-85.87762451171875;
2467596153.8473334;-85.83447265625;
2467756410.2575898;-85.822792053222656;
2467916666.6678462;-85.809120178222656;
2468076923.0781026;-85.834510803222656;
2468237179.488359;-85.844261169433594;
2468397435.8986154;-85.854080200195313;
2468557692.3088717;-85.779815673828125;
2468717948.7191281;-85.814971923828125;
2468878205.1293845;-85.739234924316406;
2469038461.5396409;-85.807167053222656;
2469198717.9498973;-85.729476928710938;
2469358974.3601537;-85.800956726074219;
2469519230.7704101;-85.7391357421875;
2469679487.1806664;-85.760154724121094;
2469839743.5909228;-85.807121276855469;
2470000000.0011792;-85.682334899902344;
2470160256.4114356;-85.752639770507813;
2470320512.8216925;-85.632316589355469;
2470480769.2319489;-85.6871337890625;
2470641025.6422052;-85.503677368164062;
2470801282.0524616;-85.710113525390625;
2470961538.462718;-85.475379943847656;
2471121794.8729744;-85.783500671386719;
2471282051.2832308;-85.534233093261719;
2471442307.6934872;-85.665771484375;
2471602564.1037436;-85.552871704101563;
2471762820.5139999;-85.646636962890625;
2471923076.9242563;-85.629417419433594;
2472083333.3345127;-85.614433288574219;
2472243589.7447691;-85.6600341796875;
2472403846.1550255;-85.624481201171875;
2472564102.5652819;-85.692596435546875;
2472724358.9755383;-85.619575500488281;
2472884615.3857946;-85.797348022460938;
2473044871.796051;-85.681198120117188;
2473205128.2063074;-85.809036254882813;
2473365384.6165643;-85.68267822265625;
2473525641.0268207;-85.77630615234375;
2473685897.437077;-85.786567687988281;
2473846153.8473334;-85.772003173828125;
2474006410.2575898;-85.779914855957031;
2474166666.6678462;-85.766189575195313;
2474326923.0781026;-85.77996826171875;
2474487179.488359;-85.758552551269531;
2474647435.8986154;-85.78192138671875;
2474807692.3088717;-85.80712890625;
2474967948.7191281;-85.865852355957031;
2475128205.1293845;-85.809112548828125;
2475288461.5396409;-85.856040954589844;
2475448717.9498973;-85.840400695800781;
2475608974.3601537;-85.820854187011719;
2475769230.7704101;-85.844306945800781;
2475929487.1806664;-85.863899230957031;
2476089743.5909228;-85.897293090820313;
2476250000.0011792;-85.887435913085937;
2476410256.4114356;-85.877639770507813;
2476570512.8216925;-85.869781494140625;
2476730769.2319489;-85.887458801269531;
2476891025.6422052;-85.832572937011719;
2477051282.0524616;-85.828666687011719;
2477211538.462718;-85.820846557617188;
2477371794.8729744;-85.846267700195313;
2477532051.2832308;-85.867813110351563;
2477692307.6934872;-85.858024597167969;
2477852564.1037436;-85.848228454589844;
2478012820.5139999;-85.887435913085937;
2478173076.9242563;-85.873703002929687;
2478333333.3345127;-85.881515502929688;
2478493589.7447691;-85.911094665527344;
2478653846.1550255;-85.897300720214844;
2478814102.5652819;-85.867805480957031;
2478974358.9755383;-85.915031433105469;
2479134615.3857946;-85.909675598144531;
2479294871.796051;-85.915695190429687;
2479455128.2063074;-85.907432556152344;
2479615384.6165643;-85.913063049316406;
2479775641.0268207;-85.916984558105469;
2479935897.437077;-85.891403198242188;
2480096153.8473334;-85.905181884765625;
2480256410.2575898;-85.907150268554688;
2480416666.6678462;-85.909126281738281;
2480576923.0781026;-85.907150268554688;
2480737179.488359;-85.907150268554688;
2480897435.8986154;-85.891380310058594;
2481057692.3088717;-85.917007446289062;
2481217948.7191281;-85.9150390625;
2481378205.1293845;-85.924903869628906;
2481538461.5396409;-85.907142639160156;
2481698717.9498973;-85.883529663085937;
2481858974.3601537;-85.897285461425781;
2482019230.7704101;-85.915031433105469;
2482179487.1806664;-85.913063049316406;
2482339743.5909228;-85.913063049316406;
2482500000.0011792;-85.911094665527344;
2482660256.4114356;-85.916999816894531;
2482820512.8216925;-85.917007446289062;
2482980769.2319489;-85.913063049316406;
2483141025.6422052;-85.866958618164062;
2483301282.0524616;-85.850181579589844;
2483461538.462718;-85.897270202636719;
2483621794.8729744;-85.924911499023438;
2483782051.2832308;-85.9150390625;
2483942307.6934872;-85.911079406738281;
2484102564.1037436;-85.930824279785156;
2484262820.5139999;-85.871719360351563;
