Type;ESU;
Version;4.43;
Date;03.Jun 16;
Mode;ANALYZER;
Center Freq;2434262820.514000;Hz
Freq Offset;0.000000;Hz
Span;100000000.000000;Hz
x-Axis;LIN;
Start;2384262820.514000;Hz
Stop;2484262820.514000;Hz
Ref Level;-9.000000;dBm
Level Offset;0.000000;dB
Ref Position;100.000000;%
y-Axis;LOG;
Level Range;100.000000;dB
Rf Att;5.000000;dB
RBW;2000000.000000;Hz
VBW;50.000000;Hz
SWT;2.500000;s
Trace Mode;CLR/WRITE;
Detector;RMS;
Sweep Count;0;
Trace 1:;;
x-Unit;Hz;
y-Unit;dBm;
Values;625;
2384262820.5139999;-85.770088195800781;
2384423076.9242563;-85.821510314941406;
2384583333.3345127;-85.813331604003906;
2384743589.7447691;-85.809379577636719;
2384903846.1550255;-85.785804748535156;
2385064102.5652819;-85.811111450195313;
2385224358.9755383;-85.786872863769531;
2385384615.3857946;-85.729606628417969;
2385544871.796051;-85.712265014648437;
2385705128.2063074;-85.735397338867188;
2385865384.6165643;-85.735389709472656;
2386025641.0268207;-85.78192138671875;
2386185897.437077;-85.7392578125;
2386346153.8473334;-85.708381652832031;
2386506410.2575898;-85.727684020996094;
2386666666.6678462;-85.727684020996094;
2386826923.0781026;-85.733467102050781;
2386987179.488359;-85.691062927246094;
2387147435.8986154;-85.706443786621094;
2387307692.3088717;-85.727638244628906;
2387467948.7191281;-85.745048522949219;
2387628205.1293845;-85.723831176757813;
2387788461.5396409;-85.675682067871094;
2387948717.9498973;-85.70648193359375;
2388108974.3601537;-85.668022155761719;
2388269230.7704101;-85.710296630859375;
2388429487.1806664;-85.679466247558594;
2388589743.5909228;-85.719894409179687;
2388750000.0011792;-85.708351135253906;
2388910256.4114356;-85.721771240234375;
2389070512.8216925;-85.731521606445312;
2389230769.2319489;-85.658218383789063;
2389391025.6422052;-85.702590942382813;
2389551282.0524616;-85.614402770996094;
2389711538.462718;-85.696678161621094;
2389871794.8729744;-85.559249877929688;
2390032051.2832308;-85.602500915527344;
2390192307.6934872;-85.59332275390625;
2390352564.1037436;-85.607978820800781;
2390512820.5139999;-85.654449462890625;
2390673076.9242563;-85.505363464355469;
2390833333.3345127;-85.604850769042969;
2390993589.7447691;-85.530204772949219;
2391153846.1550255;-85.673736572265625;
2391314102.5652819;-85.421836853027344;
2391474358.9755383;-85.573722839355469;
2391634615.3857946;-85.442062377929688;
2391794871.796051;-85.533981323242188;
2391955128.2063074;-85.470359802246094;
2392115384.6165643;-85.44659423828125;
2392275641.0268207;-85.562828063964844;
2392435897.437077;-85.379615783691406;
2392596153.8473334;-85.527091979980469;
2392756410.2575898;-85.369590759277344;
2392916666.6678462;-85.545936584472656;
2393076923.0781026;-85.399169921875;
2393237179.488359;-85.539627075195313;
2393397435.8986154;-85.528823852539063;
2393557692.3088717;-85.536178588867188;
2393717948.7191281;-85.59722900390625;
2393878205.1293845;-85.5230712890625;
2394038461.5396409;-85.631546020507813;
2394198717.9498973;-85.564895629882813;
2394358974.3601537;-85.67950439453125;
2394519230.7704101;-85.606826782226563;
2394679487.1806664;-85.660194396972656;
2394839743.5909228;-85.591575622558594;
2395000000.0011792;-85.562774658203125;
2395160256.4114356;-85.580215454101563;
2395320512.8216925;-85.580131530761719;
2395480769.2319489;-85.681472778320312;
2395641025.6422052;-85.606864929199219;
2395801282.0524616;-85.614486694335938;
2395961538.462718;-85.584022521972656;
2396121794.8729744;-85.631637573242188;
2396282051.2832308;-85.627876281738281;
2396442307.6934872;-85.637374877929688;
2396602564.1037436;-85.696830749511719;
2396762820.5139999;-85.637290954589844;
2396923076.9242563;-85.650794982910156;
2397083333.3345127;-85.643150329589844;
2397243589.7447691;-85.618316650390625;
2397403846.1550255;-85.580223083496094;
2397564102.5652819;-85.660919189453125;
2397724358.9755383;-85.671798706054688;
2397884615.3857946;-85.691635131835938;
2398044871.796051;-85.670150756835938;
2398205128.2063074;-85.60198974609375;
2398365384.6165643;-85.598846435546875;
2398525641.0268207;-85.628135681152344;
2398685897.437077;-85.658439636230469;
2398846153.8473334;-85.694892883300781;
2399006410.2575898;-85.696800231933594;
2399166666.6678462;-85.666114807128906;
2399326923.0781026;-85.652702331542969;
2399487179.488359;-85.643142700195313;
2399647435.8986154;-85.643142700195313;
2399807692.3088717;-85.625968933105469;
2399967948.7191281;-85.614517211914062;
2400128205.1293845;-85.660369873046875;
2400288461.5396409;-85.604988098144531;
2400448717.9498973;-85.6202392578125;
2400608974.3601537;-85.614517211914062;
2400769230.7704101;-85.61260986328125;
2400929487.1806664;-85.616409301757812;
2401089743.5909228;-85.61260986328125;
2401250000.0011792;-85.612617492675781;
2401410256.4114356;-85.612579345703125;
2401570512.8216925;-85.666130065917969;
2401730769.2319489;-85.635490417480469;
2401891025.6422052;-85.618339538574219;
2402051282.0524616;-85.608795166015625;
2402211538.462718;-85.650718688964844;
2402371794.8729744;-85.593536376953125;
2402532051.2832308;-85.631690979003906;
2402692307.6934872;-85.6412353515625;
2402852564.1037436;-85.66802978515625;
2403012820.5139999;-85.685295104980469;
2403173076.9242563;-85.683380126953125;
2403333333.3345127;-85.685302734375;
2403493589.7447691;-85.631690979003906;
2403653846.1550255;-85.614494323730469;
2403814102.5652819;-85.631660461425781;
2403974358.9755383;-85.700691223144531;
2404134615.3857946;-85.710334777832031;
2404294871.796051;-85.662208557128906;
2404455128.2063074;-85.650764465332031;
2404615384.6165643;-85.643089294433594;
2404775641.0268207;-85.637420654296875;
2404935897.437077;-85.631690979003906;
2405096153.8473334;-85.618331909179687;
2405256410.2575898;-85.658424377441406;
2405416666.6678462;-85.6641845703125;
2405576923.0781026;-85.622146606445313;
2405737179.488359;-85.610702514648437;
2405897435.8986154;-85.641242980957031;
2406057692.3088717;-85.650794982910156;
2406217948.7191281;-85.693008422851562;
2406378205.1293845;-85.635513305664063;
2406538461.5396409;-85.614494323730469;
2406698717.9498973;-85.612602233886719;
2406858974.3601537;-85.668045043945313;
2407019230.7704101;-85.683387756347656;
2407179487.1806664;-85.650657653808594;
2407339743.5909228;-85.654609680175781;
2407500000.0011792;-85.631637573242188;
2407660256.4114356;-85.70648193359375;
2407820512.8216925;-85.624038696289062;
2407980769.2319489;-85.629776000976563;
2408141025.6422052;-85.635505676269531;
2408301282.0524616;-85.631668090820312;
2408461538.462718;-85.641242980957031;
2408621794.8729744;-85.621574401855469;
2408782051.2832308;-85.704544067382812;
2408942307.6934872;-85.675216674804688;
2409102564.1037436;-85.68145751953125;
2409262820.5139999;-85.61505126953125;
2409423076.9242563;-85.654792785644531;
2409583333.3345127;-85.616409301757812;
2409743589.7447691;-85.654335021972656;
2409903846.1550255;-85.704322814941406;
2410064102.5652819;-85.667976379394531;
2410224358.9755383;-85.636871337890625;
2410384615.3857946;-85.612342834472656;
2410544871.796051;-85.698760986328125;
2410705128.2063074;-85.666114807128906;
2410865384.6165643;-85.70452880859375;
2411025641.0268207;-85.625968933105469;
2411185897.437077;-85.643096923828125;
2411346153.8473334;-85.675621032714844;
2411506410.2575898;-85.708763122558594;
2411666666.6678462;-85.6641845703125;
2411826923.0781026;-85.704544067382812;
2411987179.488359;-85.631683349609375;
2412147435.8986154;-85.694900512695312;
2412307692.3088717;-85.694931030273438;
2412467948.7191281;-85.685295104980469;
2412628205.1293845;-85.718040466308594;
2412788461.5396409;-85.687210083007813;
2412948717.9498973;-85.702629089355469;
2413108974.3601537;-85.696022033691406;
2413269230.7704101;-85.733489990234375;
2413429487.1806664;-85.654617309570313;
2413589743.5909228;-85.658439636230469;
2413750000.0011792;-85.704551696777344;
2413910256.4114356;-85.72381591796875;
2414070512.8216925;-85.714179992675781;
2414230769.2319489;-85.702629089355469;
2414391025.6422052;-85.714179992675781;
2414551282.0524616;-85.70062255859375;
2414711538.462718;-85.693000793457031;
2414871794.8729744;-85.689163208007813;
2415032051.2832308;-85.710334777832031;
2415192307.6934872;-85.669937133789063;
2415352564.1037436;-85.714157104492187;
2415512820.5139999;-85.673797607421875;
2415673076.9242563;-85.662300109863281;
2415833333.3345127;-85.617218017578125;
2415993589.7447691;-85.702629089355469;
2416153846.1550255;-85.652702331542969;
2416314102.5652819;-85.614517211914062;
2416474358.9755383;-85.645072937011719;
2416634615.3857946;-85.631683349609375;
2416794871.796051;-85.662269592285156;
2416955128.2063074;-85.645034790039063;
2417115384.6165643;-85.654617309570313;
2417275641.0268207;-85.637420654296875;
2417435897.437077;-85.662284851074219;
2417596153.8473334;-85.68145751953125;
2417756410.2575898;-85.692909240722656;
2417916666.6678462;-85.648895263671875;
2418076923.0781026;-85.70037841796875;
2418237179.488359;-85.645057678222656;
2418397435.8986154;-85.631675720214844;
2418557692.3088717;-85.706474304199219;
2418717948.7191281;-85.643135070800781;
2418878205.1293845;-85.660385131835938;
2419038461.5396409;-85.633598327636719;
2419198717.9498973;-85.664199829101563;
2419358974.3601537;-85.668006896972656;
2419519230.7704101;-85.673713684082031;
2419679487.1806664;-85.664207458496094;
2419839743.5909228;-85.675712585449219;
2420000000.0011792;-85.681480407714844;
2420160256.4114356;-85.656509399414063;
2420320512.8216925;-85.6390380859375;
2420480769.2319489;-85.608802795410156;
2420641025.6422052;-85.633583068847656;
2420801282.0524616;-85.658439636230469;
2420961538.462718;-85.702629089355469;
2421121794.8729744;-85.70648193359375;
2421282051.2832308;-85.627792358398438;
2421442307.6934872;-85.696861267089844;
2421602564.1037436;-85.643096923828125;
2421762820.5139999;-85.679542541503906;
2421923076.9242563;-85.635498046875;
2422083333.3345127;-85.625946044921875;
2422243589.7447691;-85.663032531738281;
2422403846.1550255;-85.708328247070313;
2422564102.5652819;-85.704521179199219;
2422724358.9755383;-85.673751831054687;
2422884615.3857946;-85.671875;
2423044871.796051;-85.687240600585938;
2423205128.2063074;-85.696853637695313;
2423365384.6165643;-85.675712585449219;
2423525641.0268207;-85.702621459960937;
2423685897.437077;-85.671867370605469;
2423846153.8473334;-85.660202026367188;
2424006410.2575898;-85.601173400878906;
2424166666.6678462;-85.61639404296875;
2424326923.0781026;-85.622146606445313;
2424487179.488359;-85.553688049316406;
2424647435.8986154;-85.563217163085938;
2424807692.3088717;-85.536727905273438;
2424967948.7191281;-85.616386413574219;
2425128205.1293845;-85.534820556640625;
2425288461.5396409;-85.555610656738281;
2425448717.9498973;-85.523506164550781;
2425608974.3601537;-85.434860229492188;
2425769230.7704101;-85.472694396972656;
2425929487.1806664;-85.261924743652344;
2426089743.5909228;-85.307350158691406;
2426250000.0011792;-84.888046264648438;
2426410256.4114356;-85.050125122070312;
2426570512.8216925;-84.227081298828125;
2426730769.2319489;-84.545654296875;
2426891025.6422052;-82.479812622070313;
2427051282.0524616;-82.341743469238281;
2427211538.462718;-80.676750183105469;
2427371794.8729744;-79.005958557128906;
2427532051.2832308;-77.971153259277344;
2427692307.6934872;-74.481521606445313;
2427852564.1037436;-74.03021240234375;
2428012820.5139999;-70.392623901367188;
2428173076.9242563;-70.310821533203125;
2428333333.3345127;-66.440696716308594;
2428493589.7447691;-65.535003662109375;
2428653846.1550255;-62.177024841308594;
2428814102.5652819;-61.652301788330078;
2428974358.9755383;-58.959293365478516;
2429134615.3857946;-57.471027374267578;
2429294871.796051;-54.951713562011719;
2429455128.2063074;-53.646373748779297;
2429615384.6165643;-52.249088287353516;
2429775641.0268207;-50.292629241943359;
2429935897.437077;-49.338123321533203;
2430096153.8473334;-46.368461608886719;
2430256410.2575898;-46.045703887939453;
2430416666.6678462;-43.470535278320312;
2430576923.0781026;-42.970260620117188;
2430737179.488359;-40.759101867675781;
2430897435.8986154;-39.234889984130859;
2431057692.3088717;-38.063285827636719;
2431217948.7191281;-36.323146820068359;
2431378205.1293845;-35.789592742919922;
2431538461.5396409;-33.71221923828125;
2431698717.9498973;-32.650505065917969;
2431858974.3601537;-31.324243545532227;
2432019230.7704101;-30.474664688110352;
2432179487.1806664;-29.585237503051758;
2432339743.5909228;-28.484903335571289;
2432500000.0011792;-27.539033889770508;
2432660256.4114356;-27.035602569580078;
2432820512.8216925;-26.490894317626953;
2432980769.2319489;-26.196132659912109;
2433141025.6422052;-25.775318145751953;
2433301282.0524616;-25.776134490966797;
2433461538.462718;-25.893936157226562;
2433621794.8729744;-26.035224914550781;
2433782051.2832308;-26.404340744018555;
2433942307.6934872;-26.81749153137207;
2434102564.1037436;-27.96136474609375;
2434262820.5139999;-28.272537231445312;
2434423076.9242563;-29.397920608520508;
2434583333.3345127;-30.002485275268555;
2434743589.7447691;-31.384798049926758;
2434903846.1550255;-32.824134826660156;
2435064102.5652819;-33.671726226806641;
2435224358.9755383;-34.985439300537109;
2435384615.3857946;-35.733333587646484;
2435544871.796051;-37.709987640380859;
2435705128.2063074;-39.137287139892578;
2435865384.6165643;-40.302188873291016;
2436025641.0268207;-41.468170166015625;
2436185897.437077;-42.485515594482422;
2436346153.8473334;-44.298488616943359;
2436506410.2575898;-45.857467651367188;
2436666666.6678462;-47.176166534423828;
2436826923.0781026;-48.055126190185547;
2436987179.488359;-49.398799896240234;
2437147435.8986154;-50.641372680664062;
2437307692.3088717;-52.763568878173828;
2437467948.7191281;-53.496711730957031;
2437628205.1293845;-54.935001373291016;
2437788461.5396409;-55.885414123535156;
2437948717.9498973;-57.569011688232422;
2438108974.3601537;-59.530357360839844;
2438269230.7704101;-60.438076019287109;
2438429487.1806664;-62.084659576416016;
2438589743.5909228;-62.932224273681641;
2438750000.0011792;-65.190940856933594;
2438910256.4114356;-67.188545227050781;
2439070512.8216925;-68.579200744628906;
2439230769.2319489;-70.162010192871094;
2439391025.6422052;-71.531028747558594;
2439551282.0524616;-73.930007934570313;
2439711538.462718;-76.297607421875;
2439871794.8729744;-77.862907409667969;
2440032051.2832308;-79.244651794433594;
2440192307.6934872;-80.760231018066406;
2440352564.1037436;-82.292434692382813;
2440512820.5139999;-83.663497924804687;
2440673076.9242563;-84.150344848632812;
2440833333.3345127;-84.531570434570313;
2440993589.7447691;-84.821250915527344;
2441153846.1550255;-85.290245056152344;
2441314102.5652819;-85.450279235839844;
2441474358.9755383;-85.576438903808594;
2441634615.3857946;-85.591682434082031;
2441794871.796051;-85.639328002929688;
2441955128.2063074;-85.718017578125;
2442115384.6165643;-85.7103271484375;
2442275641.0268207;-85.718048095703125;
2442435897.437077;-85.685295104980469;
2442596153.8473334;-85.718017578125;
2442756410.2575898;-85.7528076171875;
2442916666.6678462;-85.7296142578125;
2443076923.0781026;-85.754737854003906;
2443237179.488359;-85.776039123535156;
2443397435.8986154;-85.716110229492188;
2443557692.3088717;-85.708412170410156;
2443717948.7191281;-85.714187622070313;
2443878205.1293845;-85.685264587402344;
2444038461.5396409;-85.645057678222656;
2444198717.9498973;-85.598960876464844;
2444358974.3601537;-85.587570190429688;
2444519230.7704101;-85.721870422363281;
2444679487.1806664;-85.776054382324219;
2444839743.5909228;-85.803306579589844;
2445000000.0011792;-85.770156860351563;
2445160256.4114356;-85.721893310546875;
2445320512.8216925;-85.779937744140625;
2445480769.2319489;-85.828666687011719;
2445641025.6422052;-85.797744750976563;
2445801282.0524616;-85.824760437011719;
2445961538.462718;-85.824760437011719;
2446121794.8729744;-85.809158325195313;
2446282051.2832308;-85.783843994140625;
2446442307.6934872;-85.770256042480469;
2446602564.1037436;-85.718017578125;
2446762820.5139999;-85.799331665039063;
2446923076.9242563;-85.81109619140625;
2447083333.3345127;-85.814987182617188;
2447243589.7447691;-85.838424682617187;
2447403846.1550255;-85.830619812011719;
2447564102.5652819;-85.809158325195313;
2447724358.9755383;-85.797454833984375;
2447884615.3857946;-85.850181579589844;
2448044871.796051;-85.815010070800781;
2448205128.2063074;-85.813056945800781;
2448365384.6165643;-85.805259704589844;
2448525641.0268207;-85.781875610351562;
2448685897.437077;-85.824737548828125;
2448846153.8473334;-85.818893432617188;
2449006410.2575898;-85.899238586425781;
2449166666.6678462;-85.873687744140625;
2449326923.0781026;-85.772171020507813;
2449487179.488359;-85.719963073730469;
2449647435.8986154;-85.787727355957031;
2449807692.3088717;-85.816963195800781;
2449967948.7191281;-85.831924438476563;
2450128205.1293845;-85.833412170410156;
2450288461.5396409;-85.818023681640625;
2450448717.9498973;-85.696792602539063;
2450608974.3601537;-85.716087341308594;
2450769230.7704101;-85.787635803222656;
2450929487.1806664;-85.830581665039063;
2451089743.5909228;-85.82086181640625;
2451250000.0011792;-85.856048583984375;
2451410256.4114356;-85.826713562011719;
2451570512.8216925;-85.883476257324219;
2451730769.2319489;-85.84228515625;
2451891025.6422052;-85.850181579589844;
2452051282.0524616;-85.750656127929688;
2452211538.462718;-85.758613586425781;
2452371794.8729744;-85.803268432617188;
2452532051.2832308;-85.797439575195313;
2452692307.6934872;-85.77996826171875;
2452852564.1037436;-85.828651428222656;
2453012820.5139999;-85.871749877929688;
2453173076.9242563;-85.830543518066406;
2453333333.3345127;-85.58380126953125;
2453493589.7447691;-85.706321716308594;
2453653846.1550255;-85.816947937011719;
2453814102.5652819;-85.822715759277344;
2453974358.9755383;-85.859817504882813;
2454134615.3857946;-85.762458801269531;
2454294871.796051;-85.789566040039063;
2454455128.2063074;-85.686370849609375;
2454615384.6165643;-85.327255249023437;
2454775641.0268207;-85.671737670898437;
2454935897.437077;-85.656486511230469;
2455096153.8473334;-85.764411926269531;
2455256410.2575898;-85.774009704589844;
2455416666.6678462;-85.811004638671875;
2455576923.0781026;-85.770210266113281;
2455737179.488359;-85.812881469726563;
2455897435.8986154;-85.805213928222656;
2456057692.3088717;-85.791534423828125;
2456217948.7191281;-85.716011047363281;
2456378205.1293845;-85.658248901367188;
2456538461.5396409;-85.865760803222656;
2456698717.9498973;-85.828620910644531;
2456858974.3601537;-85.875633239746094;
2457019230.7704101;-85.859672546386719;
2457179487.1806664;-85.828819274902344;
2457339743.5909228;-85.819717407226563;
2457500000.0011792;-85.851997375488281;
2457660256.4114356;-85.867820739746094;
2457820512.8216925;-85.826667785644531;
2457980769.2319489;-85.799263000488281;
2458141025.6422052;-85.648872375488281;
2458301282.0524616;-85.61260986328125;
2458461538.462718;-85.685173034667969;
2458621794.8729744;-85.66400146484375;
2458782051.2832308;-85.66790771484375;
2458942307.6934872;-85.777984619140625;
2459102564.1037436;-85.824745178222656;
2459262820.5139999;-85.816902160644531;
2459423076.9242563;-85.895294189453125;
2459583333.3345127;-85.848182678222656;
2459743589.7447691;-85.899238586425781;
2459903846.1550255;-85.899238586425781;
2460064102.5652819;-85.920890808105469;
2460224358.9755383;-85.879585266113281;
2460384615.3857946;-85.818801879882813;
2460544871.796051;-85.828659057617188;
2460705128.2063074;-85.838394165039063;
2460865384.6165643;-85.907150268554688;
2461025641.0268207;-85.85992431640625;
2461185897.437077;-85.899261474609375;
2461346153.8473334;-85.838432312011719;
2461506410.2575898;-85.852066040039063;
2461666666.6678462;-85.85394287109375;
2461826923.0781026;-85.86376953125;
2461987179.488359;-85.760475158691406;
2462147435.8986154;-85.750862121582031;
2462307692.3088717;-85.877479553222656;
2462467948.7191281;-85.865806579589844;
2462628205.1293845;-85.909111022949219;
2462788461.5396409;-85.842269897460938;
2462948717.9498973;-85.885475158691406;
2463108974.3601537;-85.867660522460938;
2463269230.7704101;-85.889266967773438;
2463429487.1806664;-85.875633239746094;
2463589743.5909228;-85.867630004882813;
2463750000.0011792;-85.861892700195313;
2463910256.4114356;-85.8892822265625;
2464070512.8216925;-85.916999816894531;
2464230769.2319489;-85.834426879882813;
2464391025.6422052;-85.895309448242188;
2464551282.0524616;-85.828620910644531;
2464711538.462718;-85.875587463378906;
2464871794.8729744;-85.809074401855469;
2465032051.2832308;-85.836280822753906;
2465192307.6934872;-85.850082397460938;
2465352564.1037436;-85.865715026855469;
2465512820.5139999;-85.885459899902344;
2465673076.9242563;-85.812767028808594;
2465833333.3345127;-85.930648803710937;
2465993589.7447691;-85.850013732910156;
2466153846.1550255;-85.928840637207031;
2466314102.5652819;-85.779914855957031;
2466474358.9755383;-85.879432678222656;
2466634615.3857946;-85.887359619140625;
2466794871.796051;-85.851699829101563;
2466955128.2063074;-85.836387634277344;
2467115384.6165643;-85.832366943359375;
2467275641.0268207;-85.838432312011719;
2467435897.437077;-85.797309875488281;
2467596153.8473334;-85.891357421875;
2467756410.2575898;-85.781608581542969;
2467916666.6678462;-85.91302490234375;
2468076923.0781026;-85.78759765625;
2468237179.488359;-85.869606018066406;
2468397435.8986154;-85.77569580078125;
2468557692.3088717;-85.855499267578125;
2468717948.7191281;-85.748626708984375;
2468878205.1293845;-85.840278625488281;
2469038461.5396409;-85.7447509765625;
2469198717.9498973;-85.895309448242188;
2469358974.3601537;-85.702384948730469;
2469519230.7704101;-85.859397888183594;
2469679487.1806664;-85.717506408691406;
2469839743.5909228;-85.77655029296875;
2470000000.0011792;-85.76025390625;
2470160256.4114356;-85.683700561523438;
2470320512.8216925;-85.785415649414063;
2470480769.2319489;-85.668167114257813;
2470641025.6422052;-85.826393127441406;
2470801282.0524616;-85.510978698730469;
2470961538.462718;-85.707504272460938;
2471121794.8729744;-85.397598266601563;
2471282051.2832308;-85.583061218261719;
2471442307.6934872;-85.491119384765625;
2471602564.1037436;-85.431770324707031;
2471762820.5139999;-85.497489929199219;
2471923076.9242563;-85.217803955078125;
2472083333.3345127;-85.462837219238281;
2472243589.7447691;-85.121261596679688;
2472403846.1550255;-85.557624816894531;
2472564102.5652819;-85.092506408691406;
2472724358.9755383;-85.588188171386719;
2472884615.3857946;-84.965560913085938;
2473044871.796051;-85.310928344726563;
2473205128.2063074;-85.193565368652344;
2473365384.6165643;-85.219551086425781;
2473525641.0268207;-85.405265808105469;
2473685897.437077;-85.233100891113281;
2473846153.8473334;-85.532211303710937;
2474006410.2575898;-85.21173095703125;
2474166666.6678462;-85.6656494140625;
2474326923.0781026;-85.305809020996094;
2474487179.488359;-85.554763793945313;
2474647435.8986154;-85.476417541503906;
2474807692.3088717;-85.646186828613281;
2474967948.7191281;-85.653953552246094;
2475128205.1293845;-85.587799072265625;
2475288461.5396409;-85.686851501464844;
2475448717.9498973;-85.582695007324219;
2475608974.3601537;-85.764228820800781;
2475769230.7704101;-85.581733703613281;
2475929487.1806664;-85.728889465332031;
2476089743.5909228;-85.683029174804688;
2476250000.0011792;-85.744499206542969;
2476410256.4114356;-85.74493408203125;
2476570512.8216925;-85.792930603027344;
2476730769.2319489;-85.81298828125;
2476891025.6422052;-85.709671020507812;
2477051282.0524616;-85.807121276855469;
2477211538.462718;-85.727523803710937;
2477371794.8729744;-85.842338562011719;
2477532051.2832308;-85.760452270507813;
2477692307.6934872;-85.856002807617188;
2477852564.1037436;-85.774055480957031;
2478012820.5139999;-85.835609436035156;
2478173076.9242563;-85.821449279785156;
2478333333.3345127;-85.851097106933594;
2478493589.7447691;-85.840362548828125;
2478653846.1550255;-85.852058410644531;
2478814102.5652819;-85.863883972167969;
2478974358.9755383;-85.848175048828125;
2479134615.3857946;-85.858024597167969;
2479294871.796051;-85.828628540039063;
2479455128.2063074;-85.899253845214844;
2479615384.6165643;-85.881546020507813;
2479775641.0268207;-85.893341064453125;
2479935897.437077;-85.92095947265625;
2480096153.8473334;-85.922882080078125;
2480256410.2575898;-85.924903869628906;
2480416666.6678462;-85.881546020507813;
2480576923.0781026;-85.918983459472656;
2480737179.488359;-85.913063049316406;
2480897435.8986154;-85.920951843261719;
2481057692.3088717;-85.940689086914063;
2481217948.7191281;-85.978347778320312;
2481378205.1293845;-85.942695617675781;
2481538461.5396409;-85.9150390625;
2481698717.9498973;-85.922935485839844;
2481858974.3601537;-85.9150390625;
2482019230.7704101;-85.913063049316406;
2482179487.1806664;-85.895332336425781;
2482339743.5909228;-85.911094665527344;
2482500000.0011792;-85.900672912597656;
2482660256.4114356;-85.913055419921875;
2482820512.8216925;-85.909111022949219;
2482980769.2319489;-85.940719604492188;
2483141025.6422052;-85.918983459472656;
2483301282.0524616;-85.916999816894531;
2483461538.462718;-85.918983459472656;
2483621794.8729744;-85.924903869628906;
2483782051.2832308;-85.9150390625;
2483942307.6934872;-85.917007446289062;
2484102564.1037436;-85.918983459472656;
2484262820.5139999;-85.917015075683594;
