Type;ESU;
Version;4.43;
Date;03.Jun 16;
Mode;ANALYZER;
Center Freq;2434262820.514000;Hz
Freq Offset;0.000000;Hz
Span;100000000.000000;Hz
x-Axis;LIN;
Start;2384262820.514000;Hz
Stop;2484262820.514000;Hz
Ref Level;-9.000000;dBm
Level Offset;0.000000;dB
Ref Position;100.000000;%
y-Axis;LOG;
Level Range;100.000000;dB
Rf Att;5.000000;dB
RBW;2000000.000000;Hz
VBW;50.000000;Hz
SWT;2.500000;s
Trace Mode;CLR/WRITE;
Detector;RMS;
Sweep Count;0;
Trace 1:;;
x-Unit;Hz;
y-Unit;dBm;
Values;625;
2384262820.5139999;-85.706825256347656;
2384423076.9242563;-85.719970703125;
2384583333.3345127;-85.683395385742188;
2384743589.7447691;-85.708412170410156;
2384903846.1550255;-85.696846008300781;
2385064102.5652819;-85.639328002929688;
2385224358.9755383;-85.685317993164063;
2385384615.3857946;-85.704559326171875;
2385544871.796051;-85.721900939941406;
2385705128.2063074;-85.704544067382812;
2385865384.6165643;-85.70648193359375;
2386025641.0268207;-85.694923400878906;
2386185897.437077;-85.698768615722656;
2386346153.8473334;-85.691085815429687;
2386506410.2575898;-85.710334777832031;
2386666666.6678462;-85.714179992675781;
2386826923.0781026;-85.704559326171875;
2386987179.488359;-85.669960021972656;
2387147435.8986154;-85.681442260742187;
2387307692.3088717;-85.691078186035156;
2387467948.7191281;-85.6527099609375;
2387628205.1293845;-85.680412292480469;
2387788461.5396409;-85.680656433105469;
2387948717.9498973;-85.702621459960937;
2388108974.3601537;-85.709228515625;
2388269230.7704101;-85.700706481933594;
2388429487.1806664;-85.651420593261719;
2388589743.5909228;-85.630325317382812;
2388750000.0011792;-85.658248901367188;
2388910256.4114356;-85.623779296875;
2389070512.8216925;-85.6090087890625;
2389230769.2319489;-85.673698425292969;
2389391025.6422052;-85.693801879882813;
2389551282.0524616;-85.688926696777344;
2389711538.462718;-85.693832397460938;
2389871794.8729744;-85.704338073730469;
2390032051.2832308;-85.650726318359375;
2390192307.6934872;-85.643096923828125;
2390352564.1037436;-85.635475158691406;
2390512820.5139999;-85.641242980957031;
2390673076.9242563;-85.612396240234375;
2390833333.3345127;-85.648887634277344;
2390993589.7447691;-85.584091186523438;
2391153846.1550255;-85.620246887207031;
2391314102.5652819;-85.554244995117187;
2391474358.9755383;-85.680351257324219;
2391634615.3857946;-85.619422912597656;
2391794871.796051;-85.596977233886719;
2391955128.2063074;-85.557525634765625;
2392115384.6165643;-85.557373046875;
2392275641.0268207;-85.553749084472656;
2392435897.437077;-85.502151489257812;
2392596153.8473334;-85.553245544433594;
2392756410.2575898;-85.441802978515625;
2392916666.6678462;-85.531394958496094;
2393076923.0781026;-85.35675048828125;
2393237179.488359;-85.487358093261719;
2393397435.8986154;-85.293769836425781;
2393557692.3088717;-85.50390625;
2393717948.7191281;-85.347663879394531;
2393878205.1293845;-85.462394714355469;
2394038461.5396409;-85.252655029296875;
2394198717.9498973;-85.384048461914063;
2394358974.3601537;-85.256240844726563;
2394519230.7704101;-85.22662353515625;
2394679487.1806664;-85.382728576660156;
2394839743.5909228;-85.221336364746094;
2395000000.0011792;-85.444534301757813;
2395160256.4114356;-85.224945068359375;
2395320512.8216925;-85.5089111328125;
2395480769.2319489;-85.271720886230469;
2395641025.6422052;-85.504524230957031;
2395801282.0524616;-85.325325012207031;
2395961538.462718;-85.514060974121094;
2396121794.8729744;-85.325202941894531;
2396282051.2832308;-85.5245361328125;
2396442307.6934872;-85.399772644042969;
2396602564.1037436;-85.453636169433594;
2396762820.5139999;-85.528984069824219;
2396923076.9242563;-85.50994873046875;
2397083333.3345127;-85.523460388183594;
2397243589.7447691;-85.496910095214844;
2397403846.1550255;-85.525405883789063;
2397564102.5652819;-85.448287963867187;
2397724358.9755383;-85.527290344238281;
2397884615.3857946;-85.47650146484375;
2398044871.796051;-85.506500244140625;
2398205128.2063074;-85.498992919921875;
2398365384.6165643;-85.510307312011719;
2398525641.0268207;-85.582145690917969;
2398685897.437077;-85.57635498046875;
2398846153.8473334;-85.521644592285156;
2399006410.2575898;-85.559394836425781;
2399166666.6678462;-85.517868041992188;
2399326923.0781026;-85.512161254882813;
2399487179.488359;-85.589736938476562;
2399647435.8986154;-85.553627014160156;
2399807692.3088717;-85.570770263671875;
2399967948.7191281;-85.536712646484375;
2400128205.1293845;-85.5367431640625;
2400288461.5396409;-85.542335510253906;
2400448717.9498973;-85.612602233886719;
2400608974.3601537;-85.532966613769531;
2400769230.7704101;-85.536705017089844;
2400929487.1806664;-85.540481567382813;
2401089743.5909228;-85.551803588867188;
2401250000.0011792;-85.515998840332031;
2401410256.4114356;-85.517868041992188;
2401570512.8216925;-85.574600219726563;
2401730769.2319489;-85.570770263671875;
2401891025.6422052;-85.56890869140625;
2402051282.0524616;-85.551773071289063;
2402211538.462718;-85.612617492675781;
2402371794.8729744;-85.567008972167969;
2402532051.2832308;-85.576469421386719;
2402692307.6934872;-85.606895446777344;
2402852564.1037436;-85.612617492675781;
2403012820.5139999;-85.610710144042969;
2403173076.9242563;-85.612876892089844;
2403333333.3345127;-85.605628967285156;
2403493589.7447691;-85.622138977050781;
2403653846.1550255;-85.618324279785156;
2403814102.5652819;-85.603096008300781;
2403974358.9755383;-85.595466613769531;
2404134615.3857946;-85.601181030273438;
2404294871.796051;-85.597366333007813;
2404455128.2063074;-85.593574523925781;
2404615384.6165643;-85.608802795410156;
2404775641.0268207;-85.595474243164063;
2404935897.437077;-85.618339538574219;
2405096153.8473334;-85.610694885253906;
2405256410.2575898;-85.56890869140625;
2405416666.6678462;-85.534843444824219;
2405576923.0781026;-85.563194274902344;
2405737179.488359;-85.561317443847656;
2405897435.8986154;-85.595466613769531;
2406057692.3088717;-85.616432189941406;
2406217948.7191281;-85.622154235839844;
2406378205.1293845;-85.612617492675781;
2406538461.5396409;-85.61260986328125;
2406698717.9498973;-85.576484680175781;
2406858974.3601537;-85.593582153320313;
2407019230.7704101;-85.587867736816406;
2407179487.1806664;-85.561210632324219;
2407339743.5909228;-85.612571716308594;
2407500000.0011792;-85.618339538574219;
2407660256.4114356;-85.618331909179687;
2407820512.8216925;-85.618331909179687;
2407980769.2319489;-85.622146606445313;
2408141025.6422052;-85.610702514648437;
2408301282.0524616;-85.624053955078125;
2408461538.462718;-85.63360595703125;
2408621794.8729744;-85.641242980957031;
2408782051.2832308;-85.618339538574219;
2408942307.6934872;-85.612625122070313;
2409102564.1037436;-85.620246887207031;
2409262820.5139999;-85.63360595703125;
2409423076.9242563;-85.606895446777344;
2409583333.3345127;-85.618339538574219;
2409743589.7447691;-85.641220092773438;
2409903846.1550255;-85.654632568359375;
2410064102.5652819;-85.639328002929688;
2410224358.9755383;-85.629783630371094;
2410384615.3857946;-85.669960021972656;
2410544871.796051;-85.677642822265625;
2410705128.2063074;-85.654624938964844;
2410865384.6165643;-85.631690979003906;
2411025641.0268207;-85.625961303710938;
2411185897.437077;-85.612617492675781;
2411346153.8473334;-85.625961303710938;
2411506410.2575898;-85.630538940429687;
2411666666.6678462;-85.606887817382812;
2411826923.0781026;-85.610694885253906;
2411987179.488359;-85.5859375;
2412147435.8986154;-85.652687072753906;
2412307692.3088717;-85.694923400878906;
2412467948.7191281;-85.700424194335937;
2412628205.1293845;-85.669967651367188;
2412788461.5396409;-85.668052673339844;
2412948717.9498973;-85.668045043945313;
2413108974.3601537;-85.63739013671875;
2413269230.7704101;-85.601181030273438;
2413429487.1806664;-85.618339538574219;
2413589743.5909228;-85.62786865234375;
2413750000.0011792;-85.622154235839844;
2413910256.4114356;-85.60498046875;
2414070512.8216925;-85.608802795410156;
2414230769.2319489;-85.624061584472656;
2414391025.6422052;-85.627876281738281;
2414551282.0524616;-85.629783630371094;
2414711538.462718;-85.625968933105469;
2414871794.8729744;-85.620246887207031;
2415032051.2832308;-85.637413024902344;
2415192307.6934872;-85.636856079101563;
2415352564.1037436;-85.627853393554687;
2415512820.5139999;-85.683395385742188;
2415673076.9242563;-85.654594421386719;
2415833333.3345127;-85.620231628417969;
2415993589.7447691;-85.65655517578125;
2416153846.1550255;-85.648895263671875;
2416314102.5652819;-85.633598327636719;
2416474358.9755383;-85.62786865234375;
2416634615.3857946;-85.622138977050781;
2416794871.796051;-85.669952392578125;
2416955128.2063074;-85.624061584472656;
2417115384.6165643;-85.624061584472656;
2417275641.0268207;-85.614524841308594;
2417435897.437077;-85.619430541992188;
2417596153.8473334;-85.631683349609375;
2417756410.2575898;-85.648895263671875;
2417916666.6678462;-85.616432189941406;
2418076923.0781026;-85.620246887207031;
2418237179.488359;-85.63739013671875;
2418397435.8986154;-85.693000793457031;
2418557692.3088717;-85.687240600585938;
2418717948.7191281;-85.677635192871094;
2418878205.1293845;-85.627876281738281;
2419038461.5396409;-85.624053955078125;
2419198717.9498973;-85.622154235839844;
2419358974.3601537;-85.616432189941406;
2419519230.7704101;-85.685310363769531;
2419679487.1806664;-85.674064636230469;
2419839743.5909228;-85.629783630371094;
2420000000.0011792;-85.608802795410156;
2420160256.4114356;-85.622154235839844;
2420320512.8216925;-85.635490417480469;
2420480769.2319489;-85.6527099609375;
2420641025.6422052;-85.641212463378906;
2420801282.0524616;-85.673797607421875;
2420961538.462718;-85.627876281738281;
2421121794.8729744;-85.627861022949219;
2421282051.2832308;-85.614517211914062;
2421442307.6934872;-85.637413024902344;
2421602564.1037436;-85.643417358398438;
2421762820.5139999;-85.636131286621094;
2421923076.9242563;-85.621604919433594;
2422083333.3345127;-85.606895446777344;
2422243589.7447691;-85.620246887207031;
2422403846.1550255;-85.631690979003906;
2422564102.5652819;-85.6412353515625;
2422724358.9755383;-85.624061584472656;
2422884615.3857946;-85.650802612304688;
2423044871.796051;-85.658462524414062;
2423205128.2063074;-85.656539916992188;
2423365384.6165643;-85.595466613769531;
2423525641.0268207;-85.631690979003906;
2423685897.437077;-85.623786926269531;
2423846153.8473334;-85.624053955078125;
2424006410.2575898;-85.666114807128906;
2424166666.6678462;-85.635513305664063;
2424326923.0781026;-85.612625122070313;
2424487179.488359;-85.645050048828125;
2424647435.8986154;-85.639328002929688;
2424807692.3088717;-85.612617492675781;
2424967948.7191281;-85.622146606445313;
2425128205.1293845;-85.631675720214844;
2425288461.5396409;-85.669960021972656;
2425448717.9498973;-85.639328002929688;
2425608974.3601537;-85.622146606445313;
2425769230.7704101;-85.618316650390625;
2425929487.1806664;-85.620246887207031;
2426089743.5909228;-85.62786865234375;
2426250000.0011792;-85.624038696289062;
2426410256.4114356;-85.53863525390625;
2426570512.8216925;-85.566856384277344;
2426730769.2319489;-85.513885498046875;
2426891025.6422052;-85.455329895019531;
2427051282.0524616;-85.351539611816406;
2427211538.462718;-85.045616149902344;
2427371794.8729744;-85.01190185546875;
2427532051.2832308;-84.304695129394531;
2427692307.6934872;-84.574684143066406;
2427852564.1037436;-82.341522216796875;
2428012820.5139999;-83.253616333007812;
2428173076.9242563;-79.970069885253906;
2428333333.3345127;-81.347587585449219;
2428493589.7447691;-77.331436157226563;
2428653846.1550255;-76.957008361816406;
2428814102.5652819;-73.471031188964844;
2428974358.9755383;-72.389076232910156;
2429134615.3857946;-70.229705810546875;
2429294871.796051;-68.032363891601562;
2429455128.2063074;-65.991111755371094;
2429615384.6165643;-63.813503265380859;
2429775641.0268207;-62.888187408447266;
2429935897.437077;-60.703437805175781;
2430096153.8473334;-59.830513000488281;
2430256410.2575898;-56.029060363769531;
2430416666.6678462;-56.337482452392578;
2430576923.0781026;-53.187919616699219;
2430737179.488359;-53.245285034179688;
2430897435.8986154;-50.2255859375;
2431057692.3088717;-48.974063873291016;
2431217948.7191281;-47.129432678222656;
2431378205.1293845;-45.817333221435547;
2431538461.5396409;-44.847358703613281;
2431698717.9498973;-42.801052093505859;
2431858974.3601537;-41.608711242675781;
2432019230.7704101;-39.921291351318359;
2432179487.1806664;-39.012790679931641;
2432339743.5909228;-37.685871124267578;
2432500000.0011792;-36.694229125976563;
2432660256.4114356;-35.026634216308594;
2432820512.8216925;-34.388236999511719;
2432980769.2319489;-33.281230926513672;
2433141025.6422052;-32.795543670654297;
2433301282.0524616;-31.776655197143555;
2433461538.462718;-31.002712249755859;
2433621794.8729744;-30.722932815551758;
2433782051.2832308;-30.401744842529297;
2433942307.6934872;-30.365259170532227;
2434102564.1037436;-30.226705551147461;
2434262820.5139999;-30.409265518188477;
2434423076.9242563;-30.788026809692383;
2434583333.3345127;-31.175838470458984;
2434743589.7447691;-31.748563766479492;
2434903846.1550255;-32.426670074462891;
2435064102.5652819;-33.62646484375;
2435224358.9755383;-34.274200439453125;
2435384615.3857946;-35.525550842285156;
2435544871.796051;-36.114345550537109;
2435705128.2063074;-37.565696716308594;
2435865384.6165643;-38.9627685546875;
2436025641.0268207;-40.302742004394531;
2436185897.437077;-41.202041625976562;
2436346153.8473334;-42.677139282226563;
2436506410.2575898;-43.858997344970703;
2436666666.6678462;-45.842430114746094;
2436826923.0781026;-46.706462860107422;
2436987179.488359;-48.260673522949219;
2437147435.8986154;-49.197509765625;
2437307692.3088717;-51.032928466796875;
2437467948.7191281;-52.485305786132812;
2437628205.1293845;-53.984466552734375;
2437788461.5396409;-55.024173736572266;
2437948717.9498973;-56.34442138671875;
2438108974.3601537;-57.769798278808594;
2438269230.7704101;-59.593769073486328;
2438429487.1806664;-60.79888916015625;
2438589743.5909228;-62.022960662841797;
2438750000.0011792;-63.326400756835938;
2438910256.4114356;-64.815406799316406;
2439070512.8216925;-66.967147827148438;
2439230769.2319489;-67.915184020996094;
2439391025.6422052;-69.763442993164063;
2439551282.0524616;-70.748336791992187;
2439711538.462718;-73.070480346679688;
2439871794.8729744;-74.747955322265625;
2440032051.2832308;-76.650344848632812;
2440192307.6934872;-77.885772705078125;
2440352564.1037436;-79.603294372558594;
2440512820.5139999;-81.010971069335938;
2440673076.9242563;-82.940383911132813;
2440833333.3345127;-83.70654296875;
2440993589.7447691;-84.356559753417969;
2441153846.1550255;-84.709266662597656;
2441314102.5652819;-85.150192260742188;
2441474358.9755383;-85.412834167480469;
2441634615.3857946;-85.540481567382813;
2441794871.796051;-85.614501953125;
2441955128.2063074;-85.675689697265625;
2442115384.6165643;-85.694931030273438;
2442275641.0268207;-85.726860046386719;
2442435897.437077;-85.725753784179688;
2442596153.8473334;-85.725692749023437;
2442756410.2575898;-85.710334777832031;
2442916666.6678462;-85.721878051757812;
2443076923.0781026;-85.737319946289063;
2443237179.488359;-85.70648193359375;
2443397435.8986154;-85.714179992675781;
2443557692.3088717;-85.714187622070313;
2443717948.7191281;-85.7296142578125;
2443878205.1293845;-85.681465148925781;
2444038461.5396409;-85.719963073730469;
2444198717.9498973;-85.787704467773438;
2444358974.3601537;-85.815010070800781;
2444519230.7704101;-85.801368713378906;
2444679487.1806664;-85.65447998046875;
2444839743.5909228;-85.673774719238281;
2445000000.0011792;-85.68145751953125;
2445160256.4114356;-85.608810424804688;
2445320512.8216925;-85.492919921875;
2445480769.2319489;-85.623908996582031;
2445641025.6422052;-85.700691223144531;
2445801282.0524616;-85.7296142578125;
2445961538.462718;-85.74896240234375;
2446121794.8729744;-85.762481689453125;
2446282051.2832308;-85.760017395019531;
2446442307.6934872;-85.781913757324219;
2446602564.1037436;-85.776092529296875;
2446762820.5139999;-85.809158325195313;
2446923076.9242563;-85.803314208984375;
2447083333.3345127;-85.815010070800781;
2447243589.7447691;-85.785797119140625;
2447403846.1550255;-85.781845092773438;
2447564102.5652819;-85.681350708007812;
2447724358.9755383;-85.723785400390625;
2447884615.3857946;-85.770271301269531;
2448044871.796051;-85.785797119140625;
2448205128.2063074;-85.376068115234375;
2448365384.6165643;-85.021278381347656;
2448525641.0268207;-85.306365966796875;
2448685897.437077;-85.226097106933594;
2448846153.8473334;-85.629615783691406;
2449006410.2575898;-85.718048095703125;
2449166666.6678462;-85.7296142578125;
2449326923.0781026;-85.719970703125;
2449487179.488359;-85.707756042480469;
2449647435.8986154;-85.729034423828125;
2449807692.3088717;-85.802444458007813;
2449967948.7191281;-85.81109619140625;
2450128205.1293845;-85.815010070800781;
2450288461.5396409;-85.799407958984375;
2450448717.9498973;-85.81500244140625;
2450608974.3601537;-85.824760437011719;
2450769230.7704101;-85.81500244140625;
2450929487.1806664;-85.727531433105469;
2451089743.5909228;-85.589714050292969;
2451250000.0011792;-85.504692077636719;
2451410256.4114356;-85.55548095703125;
2451570512.8216925;-85.725601196289062;
2451730769.2319489;-85.752830505371094;
2451891025.6422052;-85.7276611328125;
2452051282.0524616;-85.716110229492188;
2452211538.462718;-85.7412109375;
2452371794.8729744;-85.774131774902344;
2452532051.2832308;-85.811103820800781;
2452692307.6934872;-85.795509338378906;
2452852564.1037436;-85.636581420898438;
2453012820.5139999;-85.399818420410156;
2453173076.9242563;-85.587615966796875;
2453333333.3345127;-85.746955871582031;
2453493589.7447691;-85.719306945800781;
2453653846.1550255;-85.301506042480469;
2453814102.5652819;-85.526802062988281;
2453974358.9755383;-85.650772094726563;
2454134615.3857946;-85.72381591796875;
2454294871.796051;-85.750877380371094;
2454455128.2063074;-85.777984619140625;
2454615384.6165643;-85.787673950195313;
2454775641.0268207;-85.756660461425781;
2454935897.437077;-85.7857666015625;
2455096153.8473334;-85.096145629882813;
2455256410.2575898;-84.609580993652344;
2455416666.6678462;-84.610252380371094;
2455576923.0781026;-85.326263427734375;
2455737179.488359;-85.689048767089844;
2455897435.8986154;-85.746994018554688;
2456057692.3088717;-85.799385070800781;
2456217948.7191281;-85.745498657226563;
2456378205.1293845;-85.771087646484375;
2456538461.5396409;-85.792030334472656;
2456698717.9498973;-85.784385681152344;
2456858974.3601537;-85.80718994140625;
2457019230.7704101;-85.6121826171875;
2457179487.1806664;-85.731246948242188;
2457339743.5909228;-85.75927734375;
2457500000.0011792;-85.807182312011719;
2457660256.4114356;-85.715965270996094;
2457820512.8216925;-85.777999877929688;
2457980769.2319489;-85.795516967773438;
2458141025.6422052;-85.84429931640625;
2458301282.0524616;-85.809158325195313;
2458461538.462718;-85.809150695800781;
2458621794.8729744;-85.820854187011719;
2458782051.2832308;-85.830596923828125;
2458942307.6934872;-85.809158325195313;
2459102564.1037436;-85.760360717773438;
2459262820.5139999;-85.797355651855469;
2459423076.9242563;-85.844268798828125;
2459583333.3345127;-85.742897033691406;
2459743589.7447691;-85.741172790527344;
2459903846.1550255;-85.844261169433594;
2460064102.5652819;-85.836479187011719;
2460224358.9755383;-85.813026428222656;
2460384615.3857946;-85.803291320800781;
2460544871.796051;-85.81890869140625;
2460705128.2063074;-85.818885803222656;
2460865384.6165643;-85.852096557617188;
2461025641.0268207;-85.881561279296875;
2461185897.437077;-85.87762451171875;
2461346153.8473334;-85.846267700195313;
2461506410.2575898;-85.850181579589844;
2461666666.6678462;-85.834526062011719;
2461826923.0781026;-85.779960632324219;
2461987179.488359;-85.844276428222656;
2462147435.8986154;-85.82086181640625;
2462307692.3088717;-85.809158325195313;
2462467948.7191281;-85.82281494140625;
2462628205.1293845;-85.789627075195313;
2462788461.5396409;-85.80328369140625;
2462948717.9498973;-85.809158325195313;
2463108974.3601537;-85.820854187011719;
2463269230.7704101;-85.803298950195313;
2463429487.1806664;-85.832572937011719;
2463589743.5909228;-85.813034057617188;
2463750000.0011792;-85.82086181640625;
2463910256.4114356;-85.826713562011719;
2464070512.8216925;-85.816917419433594;
2464230769.2319489;-85.81500244140625;
2464391025.6422052;-85.80914306640625;
2464551282.0524616;-85.82476806640625;
2464711538.462718;-85.82281494140625;
2464871794.8729744;-85.852127075195313;
2465032051.2832308;-85.816947937011719;
2465192307.6934872;-85.82281494140625;
2465352564.1037436;-85.846183776855469;
2465512820.5139999;-85.903213500976563;
2465673076.9242563;-85.84429931640625;
2465833333.3345127;-85.88153076171875;
2465993589.7447691;-85.820854187011719;
2466153846.1550255;-85.818878173828125;
2466314102.5652819;-85.859893798828125;
2466474358.9755383;-85.889297485351563;
2466634615.3857946;-85.832565307617188;
2466794871.796051;-85.805061340332031;
2466955128.2063074;-85.814979553222656;
2467115384.6165643;-85.805198669433594;
2467275641.0268207;-85.832572937011719;
2467435897.437077;-85.754646301269531;
2467596153.8473334;-85.811065673828125;
2467756410.2575898;-85.785675048828125;
2467916666.6678462;-85.828659057617188;
2468076923.0781026;-85.783782958984375;
2468237179.488359;-85.850143432617188;
2468397435.8986154;-85.778022766113281;
2468557692.3088717;-85.809043884277344;
2468717948.7191281;-85.787605285644531;
2468878205.1293845;-85.808883666992188;
2469038461.5396409;-85.787681579589844;
2469198717.9498973;-85.790771484375;
2469358974.3601537;-85.79547119140625;
2469519230.7704101;-85.724212646484375;
2469679487.1806664;-85.781639099121094;
2469839743.5909228;-85.680252075195313;
2470000000.0011792;-85.799301147460938;
2470160256.4114356;-85.630889892578125;
2470320512.8216925;-85.748817443847656;
2470480769.2319489;-85.554313659667969;
2470641025.6422052;-85.739067077636719;
2470801282.0524616;-85.514694213867188;
2470961538.462718;-85.691032409667969;
2471121794.8729744;-85.402336120605469;
2471282051.2832308;-85.704216003417969;
2471442307.6934872;-85.42803955078125;
2471602564.1037436;-85.6640625;
2471762820.5139999;-85.505195617675781;
2471923076.9242563;-85.57440185546875;
2472083333.3345127;-85.38055419921875;
2472243589.7447691;-85.466545104980469;
2472403846.1550255;-85.560401916503906;
2472564102.5652819;-85.534454345703125;
2472724358.9755383;-85.663749694824219;
2472884615.3857946;-85.610313415527344;
2473044871.796051;-85.652252197265625;
2473205128.2063074;-85.62896728515625;
2473365384.6165643;-85.750801086425781;
2473525641.0268207;-85.6539306640625;
2473685897.437077;-85.768180847167969;
2473846153.8473334;-85.64276123046875;
2474006410.2575898;-85.760520935058594;
2474166666.6678462;-85.712043762207031;
2474326923.0781026;-85.826698303222656;
2474487179.488359;-85.727561950683594;
2474647435.8986154;-85.805130004882813;
2474807692.3088717;-85.71978759765625;
2474967948.7191281;-85.791488647460938;
2475128205.1293845;-85.774093627929688;
2475288461.5396409;-85.818679809570312;
2475448717.9498973;-85.781875610351562;
2475608974.3601537;-85.803237915039063;
2475769230.7704101;-85.82476806640625;
2475929487.1806664;-85.777809143066406;
2476089743.5909228;-85.803230285644531;
2476250000.0011792;-85.801277160644531;
2476410256.4114356;-85.826713562011719;
2476570512.8216925;-85.797409057617187;
2476730769.2319489;-85.846260070800781;
2476891025.6422052;-85.8333740234375;
2477051282.0524616;-85.833663940429687;
2477211538.462718;-85.795478820800781;
2477371794.8729744;-85.84039306640625;
2477532051.2832308;-85.818878173828125;
2477692307.6934872;-85.853996276855469;
2477852564.1037436;-85.883522033691406;
2478012820.5139999;-85.879600524902344;
2478173076.9242563;-85.852127075195313;
2478333333.3345127;-85.813056945800781;
2478493589.7447691;-85.82086181640625;
2478653846.1550255;-85.826705932617188;
2478814102.5652819;-85.848228454589844;
2478974358.9755383;-85.816902160644531;
2479134615.3857946;-85.826713562011719;
2479294871.796051;-85.834510803222656;
2479455128.2063074;-85.877632141113281;
2479615384.6165643;-85.859962463378906;
2479775641.0268207;-85.905181884765625;
2479935897.437077;-85.856048583984375;
2480096153.8473334;-85.850135803222656;
2480256410.2575898;-85.854049682617188;
2480416666.6678462;-85.893348693847656;
2480576923.0781026;-85.895332336425781;
2480737179.488359;-85.869766235351563;
2480897435.8986154;-85.828666687011719;
2481057692.3088717;-85.842338562011719;
2481217948.7191281;-85.833412170410156;
2481378205.1293845;-85.847557067871094;
2481538461.5396409;-85.858024597167969;
2481698717.9498973;-85.856048583984375;
2481858974.3601537;-85.84234619140625;
2482019230.7704101;-85.85601806640625;
2482179487.1806664;-85.852127075195313;
2482339743.5909228;-85.828666687011719;
2482500000.0011792;-85.859947204589844;
2482660256.4114356;-85.869735717773438;
2482820512.8216925;-85.893287658691406;
2482980769.2319489;-85.869758605957031;
2483141025.6422052;-85.889411926269531;
2483301282.0524616;-85.899261474609375;
2483461538.462718;-85.9150390625;
2483621794.8729744;-85.913063049316406;
2483782051.2832308;-85.865859985351563;
2483942307.6934872;-85.903190612792969;
2484102564.1037436;-85.8658447265625;
2484262820.5139999;-85.875663757324219;
