Type;ESU;
Version;4.43;
Date;03.Jun 16;
Mode;ANALYZER;
Center Freq;2434262820.514000;Hz
Freq Offset;0.000000;Hz
Span;100000000.000000;Hz
x-Axis;LIN;
Start;2384262820.514000;Hz
Stop;2484262820.514000;Hz
Ref Level;-8.000000;dBm
Level Offset;0.000000;dB
Ref Position;100.000000;%
y-Axis;LOG;
Level Range;100.000000;dB
Rf Att;5.000000;dB
RBW;2000000.000000;Hz
VBW;50.000000;Hz
SWT;2.500000;s
Trace Mode;CLR/WRITE;
Detector;RMS;
Sweep Count;0;
Trace 1:;;
x-Unit;Hz;
y-Unit;dBm;
Values;625;
2384262820.5139999;-85.565963745117187;
2384423076.9242563;-85.622329711914062;
2384583333.3345127;-85.6353759765625;
2384743589.7447691;-85.628044128417969;
2384903846.1550255;-85.604507446289063;
2385064102.5652819;-85.651641845703125;
2385224358.9755383;-85.664505004882813;
2385384615.3857946;-85.66021728515625;
2385544871.796051;-85.658088684082031;
2385705128.2063074;-85.630172729492188;
2385865384.6165643;-85.653785705566406;
2386025641.0268207;-85.608718872070313;
2386185897.437077;-85.6087646484375;
2386346153.8473334;-85.595962524414063;
2386506410.2575898;-85.649490356445313;
2386666666.6678462;-85.617340087890625;
2386826923.0781026;-85.6365966796875;
2386987179.488359;-85.613067626953125;
2387147435.8986154;-85.606498718261719;
2387307692.3088717;-85.551292419433594;
2387467948.7191281;-85.566116333007813;
2387628205.1293845;-85.566123962402344;
2387788461.5396409;-85.581024169921875;
2387948717.9498973;-85.636566162109375;
2388108974.3601537;-85.549125671386719;
2388269230.7704101;-85.566123962402344;
2388429487.1806664;-85.542816162109375;
2388589743.5909228;-85.527931213378906;
2388750000.0011792;-85.564018249511719;
2388910256.4114356;-85.52581787109375;
2389070512.8216925;-85.583198547363281;
2389230769.2319489;-85.477203369140625;
2389391025.6422052;-85.504493713378906;
2389551282.0524616;-85.502487182617188;
2389711538.462718;-85.544532775878906;
2389871794.8729744;-85.530067443847656;
2390032051.2832308;-85.460273742675781;
2390192307.6934872;-85.5279541015625;
2390352564.1037436;-85.422500610351563;
2390512820.5139999;-85.529937744140625;
2390673076.9242563;-85.412162780761719;
2390833333.3345127;-85.408966064453125;
2390993589.7447691;-85.439193725585938;
2391153846.1550255;-85.344169616699219;
2391314102.5652819;-85.453872680664063;
2391474358.9755383;-85.273780822753906;
2391634615.3857946;-85.496131896972656;
2391794871.796051;-85.135810852050781;
2391955128.2063074;-85.411231994628906;
2392115384.6165643;-85.122970581054687;
2392275641.0268207;-85.175834655761719;
2392435897.437077;-85.202354431152344;
2392596153.8473334;-85.121902465820313;
2392756410.2575898;-85.31573486328125;
2392916666.6678462;-84.970993041992188;
2393076923.0781026;-85.322265625;
2393237179.488359;-84.962318420410156;
2393397435.8986154;-85.211944580078125;
2393557692.3088717;-85.113029479980469;
2393717948.7191281;-85.1177978515625;
2393878205.1293845;-85.241867065429688;
2394038461.5396409;-85.030357360839844;
2394198717.9498973;-85.384757995605469;
2394358974.3601537;-85.074905395507812;
2394519230.7704101;-85.407814025878906;
2394679487.1806664;-85.245704650878906;
2394839743.5909228;-85.408348083496094;
2395000000.0011792;-85.309883117675781;
2395160256.4114356;-85.334213256835938;
2395320512.8216925;-85.389259338378906;
2395480769.2319489;-85.3038330078125;
2395641025.6422052;-85.433158874511719;
2395801282.0524616;-85.328773498535156;
2395961538.462718;-85.455902099609375;
2396121794.8729744;-85.386947631835937;
2396282051.2832308;-85.432731628417969;
2396442307.6934872;-85.456153869628906;
2396602564.1037436;-85.435028076171875;
2396762820.5139999;-85.5025634765625;
2396923076.9242563;-85.430938720703125;
2397083333.3345127;-85.504676818847656;
2397243589.7447691;-85.414276123046875;
2397403846.1550255;-85.460304260253906;
2397564102.5652819;-85.47088623046875;
2397724358.9755383;-85.453720092773438;
2397884615.3857946;-85.451179504394531;
2398044871.796051;-85.411727905273438;
2398205128.2063074;-85.506446838378906;
2398365384.6165643;-85.452667236328125;
2398525641.0268207;-85.516189575195313;
2398685897.437077;-85.431068420410156;
2398846153.8473334;-85.542755126953125;
2399006410.2575898;-85.437347412109375;
2399166666.6678462;-85.494010925292969;
2399326923.0781026;-85.475074768066406;
2399487179.488359;-85.479194641113281;
2399647435.8986154;-85.510993957519531;
2399807692.3088717;-85.462387084960937;
2399967948.7191281;-85.441619873046875;
2400128205.1293845;-85.410133361816406;
2400288461.5396409;-85.492019653320313;
2400448717.9498973;-85.433158874511719;
2400608974.3601537;-85.508895874023438;
2400769230.7704101;-85.471412658691406;
2400929487.1806664;-85.484611511230469;
2401089743.5909228;-85.482681274414063;
2401250000.0011792;-85.467887878417969;
2401410256.4114356;-85.499565124511719;
2401570512.8216925;-85.42242431640625;
2401730769.2319489;-85.487846374511719;
2401891025.6422052;-85.449920654296875;
2402051282.0524616;-85.521591186523438;
2402211538.462718;-85.475173950195313;
2402371794.8729744;-85.481391906738281;
2402532051.2832308;-85.450004577636719;
2402692307.6934872;-85.429008483886719;
2402852564.1037436;-85.511016845703125;
2403012820.5139999;-85.483573913574219;
2403173076.9242563;-85.536453247070313;
2403333333.3345127;-85.504722595214844;
2403493589.7447691;-85.519416809082031;
2403653846.1550255;-85.504684448242188;
2403814102.5652819;-85.566070556640625;
2403974358.9755383;-85.532218933105469;
2404134615.3857946;-85.494125366210938;
2404294871.796051;-85.532211303710937;
2404455128.2063074;-85.500503540039063;
2404615384.6165643;-85.523735046386719;
2404775641.0268207;-85.460250854492188;
2404935897.437077;-85.499252319335938;
2405096153.8473334;-85.535263061523438;
2405256410.2575898;-85.513137817382812;
2405416666.6678462;-85.562171936035156;
2405576923.0781026;-85.525703430175781;
2405737179.488359;-85.530082702636719;
2405897435.8986154;-85.515220642089844;
2406057692.3088717;-85.521522521972656;
2406217948.7191281;-85.510993957519531;
2406378205.1293845;-85.506767272949219;
2406538461.5396409;-85.523735046386719;
2406698717.9498973;-85.506820678710938;
2406858974.3601537;-85.532203674316406;
2407019230.7704101;-85.502578735351563;
2407179487.1806664;-85.53009033203125;
2407339743.5909228;-85.447906494140625;
2407500000.0011792;-85.460479736328125;
2407660256.4114356;-85.513107299804688;
2407820512.8216925;-85.496192932128906;
2407980769.2319489;-85.519477844238281;
2408141025.6422052;-85.492012023925781;
2408301282.0524616;-85.525856018066406;
2408461538.462718;-85.489906311035156;
2408621794.8729744;-85.53857421875;
2408782051.2832308;-85.51312255859375;
2408942307.6934872;-85.527900695800781;
2409102564.1037436;-85.530029296875;
2409262820.5139999;-85.504554748535156;
2409423076.9242563;-85.456291198730469;
2409583333.3345127;-85.458366394042969;
2409743589.7447691;-85.538467407226563;
2409903846.1550255;-85.555427551269531;
2410064102.5652819;-85.559745788574219;
2410224358.9755383;-85.523681640625;
2410384615.3857946;-85.555496215820313;
2410544871.796051;-85.500450134277344;
2410705128.2063074;-85.538475036621094;
2410865384.6165643;-85.5279541015625;
2411025641.0268207;-85.477088928222656;
2411185897.437077;-85.5089111328125;
2411346153.8473334;-85.483566284179687;
2411506410.2575898;-85.536003112792969;
2411666666.6678462;-85.510948181152344;
2411826923.0781026;-85.523674011230469;
2411987179.488359;-85.489830017089844;
2412147435.8986154;-85.568290710449219;
2412307692.3088717;-85.532180786132813;
2412467948.7191281;-85.53857421875;
2412628205.1293845;-85.498359680175781;
2412788461.5396409;-85.561897277832031;
2412948717.9498973;-85.557640075683594;
2413108974.3601537;-85.5469970703125;
2413269230.7704101;-85.549148559570313;
2413429487.1806664;-85.606636047363281;
2413589743.5909228;-85.610931396484375;
2413750000.0011792;-85.551277160644531;
2413910256.4114356;-85.544921875;
2414070512.8216925;-85.570411682128906;
2414230769.2319489;-85.559799194335938;
2414391025.6422052;-85.544929504394531;
2414551282.0524616;-85.549171447753906;
2414711538.462718;-85.536453247070313;
2414871794.8729744;-85.576797485351563;
2415032051.2832308;-85.555526733398438;
2415192307.6934872;-85.53009033203125;
2415352564.1037436;-85.542808532714844;
2415512820.5139999;-85.542808532714844;
2415673076.9242563;-85.549171447753906;
2415833333.3345127;-85.498382568359375;
2415993589.7447691;-85.542808532714844;
2416153846.1550255;-85.559776306152344;
2416314102.5652819;-85.5853271484375;
2416474358.9755383;-85.613075256347656;
2416634615.3857946;-85.550003051757813;
2416794871.796051;-85.591606140136719;
2416955128.2063074;-85.615203857421875;
2417115384.6165643;-85.617347717285156;
2417275641.0268207;-85.561851501464844;
2417435897.437077;-85.536453247070313;
2417596153.8473334;-85.544914245605469;
2417756410.2575898;-85.568275451660156;
2417916666.6678462;-85.58953857421875;
2418076923.0781026;-85.6236572265625;
2418237179.488359;-85.536453247070313;
2418397435.8986154;-85.549171447753906;
2418557692.3088717;-85.5853271484375;
2418717948.7191281;-85.551277160644531;
2418878205.1293845;-85.552513122558594;
2419038461.5396409;-85.547027587890625;
2419198717.9498973;-85.5555419921875;
2419358974.3601537;-85.536453247070313;
2419519230.7704101;-85.525856018066406;
2419679487.1806664;-85.538543701171875;
2419839743.5909228;-85.538566589355469;
2420000000.0011792;-85.549171447753906;
2420160256.4114356;-85.542739868164063;
2420320512.8216925;-85.557662963867187;
2420480769.2319489;-85.542770385742188;
2420641025.6422052;-85.561912536621094;
2420801282.0524616;-85.534324645996094;
2420961538.462718;-85.523689270019531;
2421121794.8729744;-85.475204467773438;
2421282051.2832308;-85.500503540039063;
2421442307.6934872;-85.530097961425781;
2421602564.1037436;-85.51104736328125;
2421762820.5139999;-85.532211303710937;
2421923076.9242563;-85.483604431152344;
2422083333.3345127;-85.549148559570313;
2422243589.7447691;-85.517379760742188;
2422403846.1550255;-85.525856018066406;
2422564102.5652819;-85.538558959960938;
2422724358.9755383;-85.540679931640625;
2422884615.3857946;-85.536453247070313;
2423044871.796051;-85.533096313476563;
2423205128.2063074;-85.536453247070313;
2423365384.6165643;-85.506805419921875;
2423525641.0268207;-85.53643798828125;
2423685897.437077;-85.523719787597656;
2423846153.8473334;-85.56402587890625;
2424006410.2575898;-85.5152587890625;
2424166666.6678462;-85.523735046386719;
2424326923.0781026;-85.549156188964844;
2424487179.488359;-85.570396423339844;
2424647435.8986154;-85.540695190429687;
2424807692.3088717;-85.534317016601563;
2424967948.7191281;-85.547050476074219;
2425128205.1293845;-85.532211303710937;
2425288461.5396409;-85.542808532714844;
2425448717.9498973;-85.521629333496094;
2425608974.3601537;-85.540573120117188;
2425769230.7704101;-85.460502624511719;
2425929487.1806664;-85.456283569335937;
2426089743.5909228;-85.460464477539063;
2426250000.0011792;-85.481452941894531;
2426410256.4114356;-85.458404541015625;
2426570512.8216925;-85.408042907714844;
2426730769.2319489;-85.399543762207031;
2426891025.6422052;-85.176910400390625;
2427051282.0524616;-84.780044555664062;
2427211538.462718;-84.749221801757813;
2427371794.8729744;-84.457275390625;
2427532051.2832308;-84.621589660644531;
2427692307.6934872;-83.243179321289063;
2427852564.1037436;-83.46673583984375;
2428012820.5139999;-81.185546875;
2428173076.9242563;-81.264289855957031;
2428333333.3345127;-79.395881652832031;
2428493589.7447691;-76.699478149414063;
2428653846.1550255;-76.513114929199219;
2428814102.5652819;-72.510398864746094;
2428974358.9755383;-73.004562377929688;
2429134615.3857946;-68.353919982910156;
2429294871.796051;-67.371971130371094;
2429455128.2063074;-64.496711730957031;
2429615384.6165643;-62.752044677734375;
2429775641.0268207;-61.500072479248047;
2429935897.437077;-58.159389495849609;
2430096153.8473334;-57.338813781738281;
2430256410.2575898;-54.554019927978516;
2430416666.6678462;-54.260631561279297;
2430576923.0781026;-51.571601867675781;
2430737179.488359;-50.592063903808594;
2430897435.8986154;-47.616134643554688;
2431057692.3088717;-46.775604248046875;
2431217948.7191281;-45.054248809814453;
2431378205.1293845;-43.596633911132813;
2431538461.5396409;-42.278026580810547;
2431698717.9498973;-39.823802947998047;
2431858974.3601537;-39.504528045654297;
2432019230.7704101;-37.091518402099609;
2432179487.1806664;-36.746738433837891;
2432339743.5909228;-34.315044403076172;
2432500000.0011792;-33.142826080322266;
2432660256.4114356;-32.052276611328125;
2432820512.8216925;-30.808622360229492;
2432980769.2319489;-30.024063110351563;
2433141025.6422052;-28.416971206665039;
2433301282.0524616;-27.619489669799805;
2433461538.462718;-26.753568649291992;
2433621794.8729744;-26.150527954101563;
2433782051.2832308;-25.483375549316406;
2433942307.6934872;-24.829084396362305;
2434102564.1037436;-24.408493041992188;
2434262820.5139999;-24.296657562255859;
2434423076.9242563;-24.174240112304687;
2434583333.3345127;-24.286434173583984;
2434743589.7447691;-24.357429504394531;
2434903846.1550255;-25.058652877807617;
2435064102.5652819;-25.27259635925293;
2435224358.9755383;-26.134819030761719;
2435384615.3857946;-26.576301574707031;
2435544871.796051;-27.790279388427734;
2435705128.2063074;-28.944978713989258;
2435865384.6165643;-29.720016479492188;
2436025641.0268207;-30.931121826171875;
2436185897.437077;-31.674774169921875;
2436346153.8473334;-33.580413818359375;
2436506410.2575898;-34.744007110595703;
2436666666.6678462;-36.114799499511719;
2436826923.0781026;-37.074764251708984;
2436987179.488359;-38.369895935058594;
2437147435.8986154;-40.009407043457031;
2437307692.3088717;-41.532581329345703;
2437467948.7191281;-42.684783935546875;
2437628205.1293845;-43.719074249267578;
2437788461.5396409;-45.089847564697266;
2437948717.9498973;-46.596614837646484;
2438108974.3601537;-48.500034332275391;
2438269230.7704101;-49.263816833496094;
2438429487.1806664;-50.707447052001953;
2438589743.5909228;-51.638843536376953;
2438750000.0011792;-53.490394592285156;
2438910256.4114356;-55.134830474853516;
2439070512.8216925;-56.037841796875;
2439230769.2319489;-57.308563232421875;
2439391025.6422052;-58.352596282958984;
2439551282.0524616;-60.372005462646484;
2439711538.462718;-62.0616455078125;
2439871794.8729744;-63.694202423095703;
2440032051.2832308;-64.837570190429687;
2440192307.6934872;-66.425819396972656;
2440352564.1037436;-68.555313110351563;
2440512820.5139999;-70.96453857421875;
2440673076.9242563;-72.497589111328125;
2440833333.3345127;-74.052055358886719;
2440993589.7447691;-75.808494567871094;
2441153846.1550255;-78.113899230957031;
2441314102.5652819;-80.417137145996094;
2441474358.9755383;-81.308853149414063;
2441634615.3857946;-82.354110717773438;
2441794871.796051;-83.1795654296875;
2441955128.2063074;-84.243881225585937;
2442115384.6165643;-84.764083862304688;
2442275641.0268207;-84.818031311035156;
2442435897.437077;-85.114486694335937;
2442596153.8473334;-85.223892211914062;
2442756410.2575898;-85.395545959472656;
2442916666.6678462;-85.477310180664063;
2443076923.0781026;-85.538528442382813;
2443237179.488359;-85.530059814453125;
2443397435.8986154;-85.54522705078125;
2443557692.3088717;-85.547050476074219;
2443717948.7191281;-85.544929504394531;
2443878205.1293845;-85.553367614746094;
2444038461.5396409;-85.574676513671875;
2444198717.9498973;-85.595932006835938;
2444358974.3601537;-85.640892028808594;
2444519230.7704101;-85.625907897949219;
2444679487.1806664;-85.634452819824219;
2444839743.5909228;-85.662391662597656;
2445000000.0011792;-85.649467468261719;
2445160256.4114356;-85.645195007324219;
2445320512.8216925;-85.628021240234375;
2445480769.2319489;-85.658073425292969;
2445641025.6422052;-85.604385375976562;
2445801282.0524616;-85.589561462402344;
2445961538.462718;-85.660202026367188;
2446121794.8729744;-85.647262573242188;
2446282051.2832308;-85.675285339355469;
2446442307.6934872;-85.662361145019531;
2446602564.1037436;-85.68389892578125;
2446762820.5139999;-85.600242614746094;
2446923076.9242563;-85.666671752929687;
2447083333.3345127;-85.674644470214844;
2447243589.7447691;-85.668746948242188;
2447403846.1550255;-85.636604309082031;
2447564102.5652819;-85.619483947753906;
2447724358.9755383;-85.679595947265625;
2447884615.3857946;-85.662368774414062;
2448044871.796051;-85.681755065917969;
2448205128.2063074;-85.656654357910156;
2448365384.6165643;-85.652565002441406;
2448525641.0268207;-85.63946533203125;
2448685897.437077;-85.651634216308594;
2448846153.8473334;-85.683914184570313;
2449006410.2575898;-85.655921936035156;
2449166666.6678462;-85.664535522460938;
2449326923.0781026;-85.647323608398438;
2449487179.488359;-85.688217163085937;
2449647435.8986154;-85.496505737304688;
2449807692.3088717;-85.072761535644531;
2449967948.7191281;-85.415809631347656;
2450128205.1293845;-85.623748779296875;
2450288461.5396409;-85.630172729492188;
2450448717.9498973;-85.55859375;
2450608974.3601537;-85.362251281738281;
2450769230.7704101;-85.523612976074219;
2450929487.1806664;-85.664482116699219;
2451089743.5909228;-85.681755065917969;
2451250000.0011792;-85.703323364257813;
2451410256.4114356;-85.750984191894531;
2451570512.8216925;-85.731376647949219;
2451730769.2319489;-85.658088684082031;
2451891025.6422052;-85.666641235351563;
2452051282.0524616;-85.694671630859375;
2452211538.462718;-85.731460571289063;
2452371794.8729744;-85.748809814453125;
2452532051.2832308;-85.709808349609375;
2452692307.6934872;-85.664520263671875;
2452852564.1037436;-85.701141357421875;
2453012820.5139999;-85.729248046875;
2453173076.9242563;-85.718429565429688;
2453333333.3345127;-85.722724914550781;
2453493589.7447691;-85.701171875;
2453653846.1550255;-85.692535400390625;
2453814102.5652819;-85.7401123046875;
2453974358.9755383;-85.586105346679688;
2454134615.3857946;-85.664825439453125;
2454294871.796051;-85.501716613769531;
2454455128.2063074;-85.428977966308594;
2454615384.6165643;-85.604354858398438;
2454775641.0268207;-85.597969055175781;
2454935897.437077;-85.714103698730469;
2455096153.8473334;-85.657981872558594;
2455256410.2575898;-85.703285217285156;
2455416666.6678462;-85.666641235351563;
2455576923.0781026;-85.651138305664063;
2455737179.488359;-85.662277221679688;
2455897435.8986154;-85.6064453125;
2456057692.3088717;-85.686050415039063;
2456217948.7191281;-85.576530456542969;
2456378205.1293845;-85.7054443359375;
2456538461.5396409;-85.664466857910156;
2456698717.9498973;-85.66864013671875;
2456858974.3601537;-85.602218627929688;
2457019230.7704101;-85.655754089355469;
2457179487.1806664;-85.713996887207031;
2457339743.5909228;-85.683578491210937;
2457500000.0011792;-85.731407165527344;
2457660256.4114356;-85.645011901855469;
2457820512.8216925;-85.72705078125;
2457980769.2319489;-85.617271423339844;
2458141025.6422052;-85.705230712890625;
2458301282.0524616;-85.679397583007813;
2458461538.462718;-85.546630859375;
2458621794.8729744;-85.64508056640625;
2458782051.2832308;-85.623550415039063;
2458942307.6934872;-85.720573425292969;
2459102564.1037436;-85.642837524414063;
2459262820.5139999;-85.716293334960938;
2459423076.9242563;-85.630126953125;
2459583333.3345127;-85.681571960449219;
2459743589.7447691;-85.597984313964844;
2459903846.1550255;-85.66851806640625;
2460064102.5652819;-85.724853515625;
2460224358.9755383;-85.662147521972656;
2460384615.3857946;-85.724922180175781;
2460544871.796051;-85.662261962890625;
2460705128.2063074;-85.72698974609375;
2460865384.6165643;-85.638633728027344;
2461025641.0268207;-85.701080322265625;
2461185897.437077;-85.683868408203125;
2461346153.8473334;-85.698883056640625;
2461506410.2575898;-85.735763549804688;
2461666666.6678462;-85.69024658203125;
2461826923.0781026;-85.744392395019531;
2461987179.488359;-85.692337036132813;
2462147435.8986154;-85.713882446289062;
2462307692.3088717;-85.713966369628906;
2462467948.7191281;-85.702880859375;
2462628205.1293845;-85.69677734375;
2462788461.5396409;-85.655509948730469;
2462948717.9498973;-85.750907897949219;
2463108974.3601537;-85.66217041015625;
2463269230.7704101;-85.742134094238281;
2463429487.1806664;-85.688087463378906;
2463589743.5909228;-85.724746704101563;
2463750000.0011792;-85.757423400878906;
2463910256.4114356;-85.690025329589844;
2464070512.8216925;-85.733551025390625;
2464230769.2319489;-85.668510437011719;
2464391025.6422052;-85.740097045898437;
2464551282.0524616;-85.670791625976563;
2464711538.462718;-85.74658203125;
2464871794.8729744;-85.653564453125;
2465032051.2832308;-85.718193054199219;
2465192307.6934872;-85.727012634277344;
2465352564.1037436;-85.679306030273438;
2465512820.5139999;-85.724906921386719;
2465673076.9242563;-85.664291381835938;
2465833333.3345127;-85.746612548828125;
2465993589.7447691;-85.662208557128906;
2466153846.1550255;-85.748687744140625;
2466314102.5652819;-85.664161682128906;
2466474358.9755383;-85.696250915527344;
2466634615.3857946;-85.666458129882813;
2466794871.796051;-85.666084289550781;
2466955128.2063074;-85.675193786621094;
2467115384.6165643;-85.610626220703125;
2467275641.0268207;-85.722602844238281;
2467435897.437077;-85.657943725585938;
2467596153.8473334;-85.742103576660156;
2467756410.2575898;-85.627677917480469;
2467916666.6678462;-85.711433410644531;
2468076923.0781026;-85.66448974609375;
2468237179.488359;-85.651161193847656;
2468397435.8986154;-85.688102722167969;
2468557692.3088717;-85.604011535644531;
2468717948.7191281;-85.692497253417969;
2468878205.1293845;-85.608566284179688;
2469038461.5396409;-85.667976379394531;
2469198717.9498973;-85.587074279785156;
2469358974.3601537;-85.663726806640625;
2469519230.7704101;-85.647140502929688;
2469679487.1806664;-85.599067687988281;
2469839743.5909228;-85.666435241699219;
2470000000.0011792;-85.556594848632813;
2470160256.4114356;-85.713981628417969;
2470320512.8216925;-85.487403869628906;
2470480769.2319489;-85.662033081054688;
2470641025.6422052;-85.510482788085938;
2470801282.0524616;-85.588142395019531;
2470961538.462718;-85.550636291503906;
2471121794.8729744;-85.540878295898437;
2471282051.2832308;-85.597930908203125;
2471442307.6934872;-85.425270080566406;
2471602564.1037436;-85.640670776367188;
2471762820.5139999;-85.350822448730469;
2471923076.9242563;-85.573013305664062;
2472083333.3345127;-85.319046020507812;
2472243589.7447691;-85.418190002441406;
2472403846.1550255;-85.376083374023437;
2472564102.5652819;-85.198471069335938;
2472724358.9755383;-85.440864562988281;
2472884615.3857946;-85.074943542480469;
2473044871.796051;-85.46142578125;
2473205128.2063074;-84.960823059082031;
2473365384.6165643;-85.389068603515625;
2473525641.0268207;-85.002723693847656;
2473685897.437077;-85.126075744628906;
2473846153.8473334;-85.180435180664063;
2474006410.2575898;-84.965812683105469;
2474166666.6678462;-85.406318664550781;
2474326923.0781026;-84.954559326171875;
2474487179.488359;-85.424118041992188;
2474647435.8986154;-84.913116455078125;
2474807692.3088717;-85.317146301269531;
2474967948.7191281;-85.210899353027344;
2475128205.1293845;-85.292488098144531;
2475288461.5396409;-85.3922119140625;
2475448717.9498973;-85.247093200683594;
2475608974.3601537;-85.491378784179687;
2475769230.7704101;-85.356697082519531;
2475929487.1806664;-85.621299743652344;
2476089743.5909228;-85.407188415527344;
2476250000.0011792;-85.558670043945313;
2476410256.4114356;-85.55279541015625;
2476570512.8216925;-85.547943115234375;
2476730769.2319489;-85.612823486328125;
2476891025.6422052;-85.57183837890625;
2477051282.0524616;-85.642913818359375;
2477211538.462718;-85.550888061523438;
2477371794.8729744;-85.69671630859375;
2477532051.2832308;-85.585151672363281;
2477692307.6934872;-85.644905090332031;
2477852564.1037436;-85.681541442871094;
2478012820.5139999;-85.683624267578125;
2478173076.9242563;-85.733573913574219;
2478333333.3345127;-85.668678283691406;
2478493589.7447691;-85.756233215332031;
2478653846.1550255;-85.664093017578125;
2478814102.5652819;-85.743827819824219;
2478974358.9755383;-85.694526672363281;
2479134615.3857946;-85.750823974609375;
2479294871.796051;-85.729217529296875;
2479455128.2063074;-85.724815368652344;
2479615384.6165643;-85.779182434082031;
2479775641.0268207;-85.768280029296875;
2479935897.437077;-85.825141906738281;
2480096153.8473334;-85.781387329101562;
2480256410.2575898;-85.772727966308594;
2480416666.6678462;-85.718406677246094;
2480576923.0781026;-85.763992309570313;
2480737179.488359;-85.77923583984375;
2480897435.8986154;-85.750831604003906;
2481057692.3088717;-85.770523071289062;
2481217948.7191281;-85.768310546875;
2481378205.1293845;-85.849227905273437;
2481538461.5396409;-85.805419921875;
2481698717.9498973;-85.805458068847656;
2481858974.3601537;-85.798881530761719;
2482019230.7704101;-85.803245544433594;
2482179487.1806664;-85.787971496582031;
2482339743.5909228;-85.796684265136719;
2482500000.0011792;-85.7811279296875;
2482660256.4114356;-85.735733032226562;
2482820512.8216925;-85.790145874023438;
2482980769.2319489;-85.709732055664063;
2483141025.6422052;-85.755325317382813;
2483301282.0524616;-85.772727966308594;
2483461538.462718;-85.811981201171875;
2483621794.8729744;-85.777084350585938;
2483782051.2832308;-85.766166687011719;
2483942307.6934872;-85.759674072265625;
2484102564.1037436;-85.746627807617188;
2484262820.5139999;-85.785797119140625;
