Type;ESU;
Version;4.43;
Date;03.Jun 16;
Mode;ANALYZER;
Center Freq;2434262820.514000;Hz
Freq Offset;0.000000;Hz
Span;100000000.000000;Hz
x-Axis;LIN;
Start;2384262820.514000;Hz
Stop;2484262820.514000;Hz
Ref Level;-9.000000;dBm
Level Offset;0.000000;dB
Ref Position;100.000000;%
y-Axis;LOG;
Level Range;100.000000;dB
Rf Att;5.000000;dB
RBW;2000000.000000;Hz
VBW;50.000000;Hz
SWT;2.500000;s
Trace Mode;CLR/WRITE;
Detector;RMS;
Sweep Count;0;
Trace 1:;;
x-Unit;Hz;
y-Unit;dBm;
Values;625;
2384262820.5139999;-85.719429016113281;
2384423076.9242563;-85.721900939941406;
2384583333.3345127;-85.727684020996094;
2384743589.7447691;-85.777999877929688;
2384903846.1550255;-85.772209167480469;
2385064102.5652819;-85.766380310058594;
2385224358.9755383;-85.78192138671875;
2385384615.3857946;-85.774139404296875;
2385544871.796051;-85.712265014648437;
2385705128.2063074;-85.708412170410156;
2385865384.6165643;-85.770210266113281;
2386025641.0268207;-85.76055908203125;
2386185897.437077;-85.721900939941406;
2386346153.8473334;-85.706474304199219;
2386506410.2575898;-85.716102600097656;
2386666666.6678462;-85.712265014648437;
2386826923.0781026;-85.743141174316406;
2386987179.488359;-85.706474304199219;
2387147435.8986154;-85.704551696777344;
2387307692.3088717;-85.712265014648437;
2387467948.7191281;-85.698722839355469;
2387628205.1293845;-85.7103271484375;
2387788461.5396409;-85.719963073730469;
2387948717.9498973;-85.727676391601563;
2388108974.3601537;-85.710304260253906;
2388269230.7704101;-85.718032836914063;
2388429487.1806664;-85.683357238769531;
2388589743.5909228;-85.718032836914063;
2388750000.0011792;-85.650794982910156;
2388910256.4114356;-85.71417236328125;
2389070512.8216925;-85.679534912109375;
2389230769.2319489;-85.671798706054688;
2389391025.6422052;-85.691017150878906;
2389551282.0524616;-85.737251281738281;
2389711538.462718;-85.731552124023438;
2389871794.8729744;-85.658393859863281;
2390032051.2832308;-85.673797607421875;
2390192307.6934872;-85.631553649902344;
2390352564.1037436;-85.702629089355469;
2390512820.5139999;-85.557449340820313;
2390673076.9242563;-85.650779724121094;
2390833333.3345127;-85.600967407226562;
2390993589.7447691;-85.595237731933594;
2391153846.1550255;-85.564964294433594;
2391314102.5652819;-85.575798034667969;
2391474358.9755383;-85.559371948242187;
2391634615.3857946;-85.494682312011719;
2391794871.796051;-85.582084655761719;
2391955128.2063074;-85.434616088867188;
2392115384.6165643;-85.637321472167969;
2392275641.0268207;-85.371574401855469;
2392435897.437077;-85.541862487792969;
2392596153.8473334;-85.341323852539063;
2392756410.2575898;-85.489418029785156;
2392916666.6678462;-85.376747131347656;
2393076923.0781026;-85.365142822265625;
2393237179.488359;-85.42315673828125;
2393397435.8986154;-85.374839782714844;
2393557692.3088717;-85.481834411621094;
2393717948.7191281;-85.298286437988281;
2393878205.1293845;-85.538238525390625;
2394038461.5396409;-85.342987060546875;
2394198717.9498973;-85.597259521484375;
2394358974.3601537;-85.345199584960937;
2394519230.7704101;-85.535537719726563;
2394679487.1806664;-85.492973327636719;
2394839743.5909228;-85.495491027832031;
2395000000.0011792;-85.4837646484375;
2395160256.4114356;-85.432334899902344;
2395320512.8216925;-85.5328369140625;
2395480769.2319489;-85.427566528320313;
2395641025.6422052;-85.568870544433594;
2395801282.0524616;-85.427604675292969;
2395961538.462718;-85.528610229492188;
2396121794.8729744;-85.526939392089844;
2396282051.2832308;-85.568313598632813;
2396442307.6934872;-85.622032165527344;
2396602564.1037436;-85.532562255859375;
2396762820.5139999;-85.620155334472656;
2396923076.9242563;-85.548027038574219;
2397083333.3345127;-85.627838134765625;
2397243589.7447691;-85.563163757324219;
2397403846.1550255;-85.616378784179688;
2397564102.5652819;-85.528984069824219;
2397724358.9755383;-85.578208923339844;
2397884615.3857946;-85.584014892578125;
2398044871.796051;-85.56304931640625;
2398205128.2063074;-85.610626220703125;
2398365384.6165643;-85.557380676269531;
2398525641.0268207;-85.6220703125;
2398685897.437077;-85.602996826171875;
2398846153.8473334;-85.666122436523438;
2399006410.2575898;-85.604988098144531;
2399166666.6678462;-85.602996826171875;
2399326923.0781026;-85.633460998535156;
2399487179.488359;-85.620033264160156;
2399647435.8986154;-85.6201171875;
2399807692.3088717;-85.620147705078125;
2399967948.7191281;-85.620246887207031;
2400128205.1293845;-85.614517211914062;
2400288461.5396409;-85.625930786132813;
2400448717.9498973;-85.631690979003906;
2400608974.3601537;-85.637413024902344;
2400769230.7704101;-85.618331909179687;
2400929487.1806664;-85.616378784179688;
2401089743.5909228;-85.601173400878906;
2401250000.0011792;-85.604995727539063;
2401410256.4114356;-85.6412353515625;
2401570512.8216925;-85.62017822265625;
2401730769.2319489;-85.612625122070313;
2401891025.6422052;-85.624038696289062;
2402051282.0524616;-85.652168273925781;
2402211538.462718;-85.570106506347656;
2402371794.8729744;-85.617218017578125;
2402532051.2832308;-85.608779907226562;
2402692307.6934872;-85.608810424804688;
2402852564.1037436;-85.606903076171875;
2403012820.5139999;-85.604995727539063;
2403173076.9242563;-85.635513305664063;
2403333333.3345127;-85.612602233886719;
2403493589.7447691;-85.627876281738281;
2403653846.1550255;-85.6072998046875;
2403814102.5652819;-85.660903930664063;
2403974358.9755383;-85.632743835449219;
2404134615.3857946;-85.620231628417969;
2404294871.796051;-85.63250732421875;
2404455128.2063074;-85.634422302246094;
2404615384.6165643;-85.610702514648437;
2404775641.0268207;-85.601173400878906;
2404935897.437077;-85.629783630371094;
2405096153.8473334;-85.645004272460938;
2405256410.2575898;-85.666091918945313;
2405416666.6678462;-85.645065307617188;
2405576923.0781026;-85.658393859863281;
2405737179.488359;-85.637413024902344;
2405897435.8986154;-85.627845764160156;
2406057692.3088717;-85.687217712402344;
2406217948.7191281;-85.68145751953125;
2406378205.1293845;-85.683395385742188;
2406538461.5396409;-85.627853393554687;
2406698717.9498973;-85.683403015136719;
2406858974.3601537;-85.65655517578125;
2407019230.7704101;-85.637413024902344;
2407179487.1806664;-85.691024780273438;
2407339743.5909228;-85.69677734375;
2407500000.0011792;-85.654609680175781;
2407660256.4114356;-85.656478881835938;
2407820512.8216925;-85.671775817871094;
2407980769.2319489;-85.716102600097656;
2408141025.6422052;-85.694931030273438;
2408301282.0524616;-85.6202392578125;
2408461538.462718;-85.612617492675781;
2408621794.8729744;-85.641220092773438;
2408782051.2832308;-85.65460205078125;
2408942307.6934872;-85.633598327636719;
2409102564.1037436;-85.641212463378906;
2409262820.5139999;-85.624061584472656;
2409423076.9242563;-85.616424560546875;
2409583333.3345127;-85.656524658203125;
2409743589.7447691;-85.641220092773438;
2409903846.1550255;-85.60687255859375;
2410064102.5652819;-85.62200927734375;
2410224358.9755383;-85.694892883300781;
2410384615.3857946;-85.694915771484375;
2410544871.796051;-85.664138793945313;
2410705128.2063074;-85.677604675292969;
2410865384.6165643;-85.675682067871094;
2411025641.0268207;-85.677635192871094;
2411185897.437077;-85.671875;
2411346153.8473334;-85.677627563476562;
2411506410.2575898;-85.664199829101563;
2411666666.6678462;-85.675689697265625;
2411826923.0781026;-85.662254333496094;
2411987179.488359;-85.654632568359375;
2412147435.8986154;-85.647781372070312;
2412307692.3088717;-85.637825012207031;
2412467948.7191281;-85.731239318847656;
2412628205.1293845;-85.7547607421875;
2412788461.5396409;-85.694908142089844;
2412948717.9498973;-85.721893310546875;
2413108974.3601537;-85.702629089355469;
2413269230.7704101;-85.708404541015625;
2413429487.1806664;-85.718040466308594;
2413589743.5909228;-85.714187622070313;
2413750000.0011792;-85.712265014648437;
2413910256.4114356;-85.673797607421875;
2414070512.8216925;-85.694931030273438;
2414230769.2319489;-85.70648193359375;
2414391025.6422052;-85.716110229492188;
2414551282.0524616;-85.679557800292969;
2414711538.462718;-85.712249755859375;
2414871794.8729744;-85.678443908691406;
2415032051.2832308;-85.693000793457031;
2415192307.6934872;-85.7547607421875;
2415352564.1037436;-85.710311889648438;
2415512820.5139999;-85.702629089355469;
2415673076.9242563;-85.694931030273438;
2415833333.3345127;-85.704551696777344;
2415993589.7447691;-85.68914794921875;
2416153846.1550255;-85.698776245117188;
2416314102.5652819;-85.696853637695313;
2416474358.9755383;-85.700691223144531;
2416634615.3857946;-85.687232971191406;
2416794871.796051;-85.689155578613281;
2416955128.2063074;-85.6527099609375;
2417115384.6165643;-85.643096923828125;
2417275641.0268207;-85.709236145019531;
2417435897.437077;-85.706474304199219;
2417596153.8473334;-85.679550170898437;
2417756410.2575898;-85.689155578613281;
2417916666.6678462;-85.708412170410156;
2418076923.0781026;-85.721893310546875;
2418237179.488359;-85.692970275878906;
2418397435.8986154;-85.656539916992188;
2418557692.3088717;-85.664192199707031;
2418717948.7191281;-85.666114807128906;
2418878205.1293845;-85.716102600097656;
2419038461.5396409;-85.716117858886719;
2419198717.9498973;-85.70648193359375;
2419358974.3601537;-85.700691223144531;
2419519230.7704101;-85.647781372070312;
2419679487.1806664;-85.658439636230469;
2419839743.5909228;-85.669937133789063;
2420000000.0011792;-85.704559326171875;
2420160256.4114356;-85.669921875;
2420320512.8216925;-85.68145751953125;
2420480769.2319489;-85.704551696777344;
2420641025.6422052;-85.689155578613281;
2420801282.0524616;-85.694931030273438;
2420961538.462718;-85.687232971191406;
2421121794.8729744;-85.691085815429687;
2421282051.2832308;-85.660369873046875;
2421442307.6934872;-85.625961303710938;
2421602564.1037436;-85.645599365234375;
2421762820.5139999;-85.679557800292969;
2421923076.9242563;-85.687217712402344;
2422083333.3345127;-85.704559326171875;
2422243589.7447691;-85.666122436523438;
2422403846.1550255;-85.687248229980469;
2422564102.5652819;-85.700698852539063;
2422724358.9755383;-85.691078186035156;
2422884615.3857946;-85.698776245117188;
2423044871.796051;-85.6641845703125;
2423205128.2063074;-85.692985534667969;
2423365384.6165643;-85.66802978515625;
2423525641.0268207;-85.628143310546875;
2423685897.437077;-85.635513305664063;
2423846153.8473334;-85.671882629394531;
2424006410.2575898;-85.654632568359375;
2424166666.6678462;-85.668037414550781;
2424326923.0781026;-85.700691223144531;
2424487179.488359;-85.694877624511719;
2424647435.8986154;-85.669937133789063;
2424807692.3088717;-85.662284851074219;
2424967948.7191281;-85.656547546386719;
2425128205.1293845;-85.620223999023437;
2425288461.5396409;-85.662216186523438;
2425448717.9498973;-85.589759826660156;
2425608974.3601537;-85.610633850097656;
2425769230.7704101;-85.625930786132813;
2425929487.1806664;-85.541488647460938;
2426089743.5909228;-85.493362426757813;
2426250000.0011792;-85.252182006835938;
2426410256.4114356;-85.345947265625;
2426570512.8216925;-84.977043151855469;
2426730769.2319489;-85.201210021972656;
2426891025.6422052;-84.175018310546875;
2427051282.0524616;-84.435859680175781;
2427211538.462718;-83.041282653808594;
2427371794.8729744;-82.620521545410156;
2427532051.2832308;-81.591102600097656;
2427692307.6934872;-79.992767333984375;
2427852564.1037436;-79.721267700195312;
2428012820.5139999;-76.956069946289063;
2428173076.9242563;-77.191116333007813;
2428333333.3345127;-72.158798217773438;
2428493589.7447691;-72.526885986328125;
2428653846.1550255;-68.576408386230469;
2428814102.5652819;-68.317291259765625;
2428974358.9755383;-65.338302612304688;
2429134615.3857946;-63.137359619140625;
2429294871.796051;-61.783351898193359;
2429455128.2063074;-59.39215087890625;
2429615384.6165643;-59.030719757080078;
2429775641.0268207;-55.796096801757813;
2429935897.437077;-55.507415771484375;
2430096153.8473334;-52.313915252685547;
2430256410.2575898;-52.121570587158203;
2430416666.6678462;-49.605121612548828;
2430576923.0781026;-48.546012878417969;
2430737179.488359;-46.545833587646484;
2430897435.8986154;-44.798500061035156;
2431057692.3088717;-44.117950439453125;
2431217948.7191281;-42.158100128173828;
2431378205.1293845;-41.674564361572266;
2431538461.5396409;-38.841255187988281;
2431698717.9498973;-38.472156524658203;
2431858974.3601537;-36.745380401611328;
2432019230.7704101;-35.931327819824219;
2432179487.1806664;-34.712501525878906;
2432339743.5909228;-33.321327209472656;
2432500000.0011792;-32.590839385986328;
2432660256.4114356;-31.689582824707031;
2432820512.8216925;-31.155912399291992;
2432980769.2319489;-30.295188903808594;
2433141025.6422052;-29.682415008544922;
2433301282.0524616;-29.410192489624023;
2433461538.462718;-29.2298583984375;
2433621794.8729744;-29.152206420898437;
2433782051.2832308;-29.312410354614258;
2433942307.6934872;-29.437385559082031;
2434102564.1037436;-30.05531120300293;
2434262820.5139999;-30.332792282104492;
2434423076.9242563;-31.143636703491211;
2434583333.3345127;-31.752553939819336;
2434743589.7447691;-33.149322509765625;
2434903846.1550255;-33.898529052734375;
2435064102.5652819;-34.870361328125;
2435224358.9755383;-35.726360321044922;
2435384615.3857946;-36.899879455566406;
2435544871.796051;-38.802467346191406;
2435705128.2063074;-39.55914306640625;
2435865384.6165643;-41.077770233154297;
2436025641.0268207;-41.914966583251953;
2436185897.437077;-43.625194549560547;
2436346153.8473334;-45.209274291992188;
2436506410.2575898;-46.506404876708984;
2436666666.6678462;-47.608982086181641;
2436826923.0781026;-48.696548461914063;
2436987179.488359;-50.309474945068359;
2437147435.8986154;-51.909080505371094;
2437307692.3088717;-53.336700439453125;
2437467948.7191281;-54.218776702880859;
2437628205.1293845;-55.627338409423828;
2437788461.5396409;-56.788536071777344;
2437948717.9498973;-58.888458251953125;
2438108974.3601537;-59.897205352783203;
2438269230.7704101;-61.219528198242187;
2438429487.1806664;-62.452999114990234;
2438589743.5909228;-63.812705993652344;
2438750000.0011792;-65.984596252441406;
2438910256.4114356;-67.061302185058594;
2439070512.8216925;-68.820396423339844;
2439230769.2319489;-69.847251892089844;
2439391025.6422052;-72.063407897949219;
2439551282.0524616;-74.100296020507813;
2439711538.462718;-76.019744873046875;
2439871794.8729744;-77.299079895019531;
2440032051.2832308;-78.862503051757812;
2440192307.6934872;-80.507110595703125;
2440352564.1037436;-82.390846252441406;
2440512820.5139999;-83.247268676757813;
2440673076.9242563;-83.795738220214844;
2440833333.3345127;-84.358673095703125;
2440993589.7447691;-84.730583190917969;
2441153846.1550255;-85.155876159667969;
2441314102.5652819;-85.226219177246094;
2441474358.9755383;-85.35321044921875;
2441634615.3857946;-85.368148803710938;
2441794871.796051;-85.523429870605469;
2441955128.2063074;-85.572540283203125;
2442115384.6165643;-85.627838134765625;
2442275641.0268207;-85.625968933105469;
2442435897.437077;-85.691070556640625;
2442596153.8473334;-85.675704956054688;
2442756410.2575898;-85.700668334960938;
2442916666.6678462;-85.700653076171875;
2443076923.0781026;-85.725753784179688;
2443237179.488359;-85.691085815429687;
2443397435.8986154;-85.694847106933594;
2443557692.3088717;-85.621871948242188;
2443717948.7191281;-85.673805236816406;
2443878205.1293845;-85.681442260742187;
2444038461.5396409;-85.698745727539063;
2444198717.9498973;-85.708389282226563;
2444358974.3601537;-85.710319519042969;
2444519230.7704101;-85.739273071289063;
2444679487.1806664;-85.6929931640625;
2444839743.5909228;-85.751136779785156;
2445000000.0011792;-85.735389709472656;
2445160256.4114356;-85.696853637695313;
2445320512.8216925;-85.637397766113281;
2445480769.2319489;-85.716094970703125;
2445641025.6422052;-85.696846008300781;
2445801282.0524616;-85.731536865234375;
2445961538.462718;-85.708404541015625;
2446121794.8729744;-85.706474304199219;
2446282051.2832308;-85.712257385253906;
2446442307.6934872;-85.671821594238281;
2446602564.1037436;-85.589744567871094;
2446762820.5139999;-85.542388916015625;
2446923076.9242563;-85.60687255859375;
2447083333.3345127;-85.567001342773437;
2447243589.7447691;-85.542373657226563;
2447403846.1550255;-85.599212646484375;
2447564102.5652819;-85.631683349609375;
2447724358.9755383;-85.662284851074219;
2447884615.3857946;-85.708404541015625;
2448044871.796051;-85.712257385253906;
2448205128.2063074;-85.698768615722656;
2448365384.6165643;-85.716110229492188;
2448525641.0268207;-85.716094970703125;
2448685897.437077;-85.6756591796875;
2448846153.8473334;-85.666130065917969;
2449006410.2575898;-85.704544067382812;
2449166666.6678462;-85.7412109375;
2449326923.0781026;-85.72381591796875;
2449487179.488359;-85.692977905273438;
2449647435.8986154;-85.698768615722656;
2449807692.3088717;-85.677513122558594;
2449967948.7191281;-85.62213134765625;
2450128205.1293845;-85.660369873046875;
2450288461.5396409;-85.666122436523438;
2450448717.9498973;-85.706459045410156;
2450608974.3601537;-85.677604675292969;
2450769230.7704101;-85.641212463378906;
2450929487.1806664;-85.633567810058594;
2451089743.5909228;-85.491416931152344;
2451250000.0011792;-85.514076232910156;
2451410256.4114356;-85.356796264648438;
2451570512.8216925;-85.234603881835938;
2451730769.2319489;-85.235763549804688;
2451891025.6422052;-85.237777709960938;
2452051282.0524616;-85.287117004394531;
2452211538.462718;-85.298225402832031;
2452371794.8729744;-85.396209716796875;
2452532051.2832308;-85.384979248046875;
2452692307.6934872;-85.448402404785156;
2452852564.1037436;-85.368011474609375;
2453012820.5139999;-85.305320739746094;
2453173076.9242563;-85.549873352050781;
2453333333.3345127;-85.444320678710938;
2453493589.7447691;-85.323890686035156;
2453653846.1550255;-85.137672424316406;
2453814102.5652819;-85.436965942382813;
2453974358.9755383;-85.439056396484375;
2454134615.3857946;-85.416549682617188;
2454294871.796051;-85.2945556640625;
2454455128.2063074;-85.183235168457031;
2454615384.6165643;-85.222763061523438;
2454775641.0268207;-84.994384765625;
2454935897.437077;-85.188232421875;
2455096153.8473334;-85.272590637207031;
2455256410.2575898;-85.296318054199219;
2455416666.6678462;-85.128700256347656;
2455576923.0781026;-85.299972534179687;
2455737179.488359;-85.310867309570313;
2455897435.8986154;-85.133094787597656;
2456057692.3088717;-84.955711364746094;
2456217948.7191281;-85.091285705566406;
2456378205.1293845;-85.224861145019531;
2456538461.5396409;-85.276176452636719;
2456698717.9498973;-85.237831115722656;
2456858974.3601537;-85.246994018554688;
2457019230.7704101;-85.296363830566406;
2457179487.1806664;-85.340553283691406;
2457339743.5909228;-85.2176513671875;
2457500000.0011792;-85.244682312011719;
2457660256.4114356;-85.457725524902344;
2457820512.8216925;-85.512176513671875;
2457980769.2319489;-85.549842834472656;
2458141025.6422052;-85.618331909179687;
2458301282.0524616;-85.555587768554688;
2458461538.462718;-85.660308837890625;
2458621794.8729744;-85.618309020996094;
2458782051.2832308;-85.698715209960937;
2458942307.6934872;-85.64697265625;
2459102564.1037436;-85.673698425292969;
2459262820.5139999;-85.648841857910156;
2459423076.9242563;-85.708282470703125;
2459583333.3345127;-85.733367919921875;
2459743589.7447691;-85.756622314453125;
2459903846.1550255;-85.813034057617188;
2460064102.5652819;-85.7489013671875;
2460224358.9755383;-85.81890869140625;
2460384615.3857946;-85.776008605957031;
2460544871.796051;-85.828628540039063;
2460705128.2063074;-85.799346923828125;
2460865384.6165643;-85.828544616699219;
2461025641.0268207;-85.809150695800781;
2461185897.437077;-85.777976989746094;
2461346153.8473334;-85.844291687011719;
2461506410.2575898;-85.840347290039063;
2461666666.6678462;-85.8658447265625;
2461826923.0781026;-85.861854553222656;
2461987179.488359;-85.920875549316406;
2462147435.8986154;-85.859939575195313;
2462307692.3088717;-85.871665954589844;
2462467948.7191281;-85.889373779296875;
2462628205.1293845;-85.85009765625;
2462788461.5396409;-85.895278930664063;
2462948717.9498973;-85.8736572265625;
2463108974.3601537;-85.901229858398438;
2463269230.7704101;-85.826690673828125;
2463429487.1806664;-85.9031982421875;
2463589743.5909228;-85.899208068847656;
2463750000.0011792;-85.9327392578125;
2463910256.4114356;-85.917007446289062;
2464070512.8216925;-85.877464294433594;
2464230769.2319489;-85.850166320800781;
2464391025.6422052;-85.852043151855469;
2464551282.0524616;-85.9150390625;
2464711538.462718;-85.844261169433594;
2464871794.8729744;-85.905158996582031;
2465032051.2832308;-85.818878173828125;
2465192307.6934872;-85.797370910644531;
2465352564.1037436;-85.80902099609375;
2465512820.5139999;-85.865730285644531;
2465673076.9242563;-85.844291687011719;
2465833333.3345127;-85.793403625488281;
2465993589.7447691;-85.867721557617188;
2466153846.1550255;-85.812889099121094;
2466314102.5652819;-85.875640869140625;
2466474358.9755383;-85.838310241699219;
2466634615.3857946;-85.877403259277344;
2466794871.796051;-85.830558776855469;
2466955128.2063074;-85.787437438964844;
2467115384.6165643;-85.814949035644531;
2467275641.0268207;-85.822532653808594;
2467435897.437077;-85.856040954589844;
2467596153.8473334;-85.803077697753906;
2467756410.2575898;-85.852104187011719;
2467916666.6678462;-85.737159729003906;
2468076923.0781026;-85.856010437011719;
2468237179.488359;-85.740989685058594;
2468397435.8986154;-85.796775817871094;
2468557692.3088717;-85.729423522949219;
2468717948.7191281;-85.780868530273438;
2468878205.1293845;-85.814773559570313;
2469038461.5396409;-85.728424072265625;
2469198717.9498973;-85.795425415039063;
2469358974.3601537;-85.686477661132813;
2469519230.7704101;-85.822525024414063;
2469679487.1806664;-85.6138916015625;
2469839743.5909228;-85.765098571777344;
2470000000.0011792;-85.702224731445313;
2470160256.4114356;-85.658332824707031;
2470320512.8216925;-85.737030029296875;
2470480769.2319489;-85.565025329589844;
2470641025.6422052;-85.801284790039063;
2470801282.0524616;-85.499412536621094;
2470961538.462718;-85.684989929199219;
2471121794.8729744;-85.39617919921875;
2471282051.2832308;-85.637809753417969;
2471442307.6934872;-85.48809814453125;
2471602564.1037436;-85.502639770507812;
2471762820.5139999;-85.540992736816406;
2471923076.9242563;-85.4490966796875;
2472083333.3345127;-85.653396606445313;
2472243589.7447691;-85.380470275878906;
2472403846.1550255;-85.661727905273437;
2472564102.5652819;-85.359703063964844;
2472724358.9755383;-85.676811218261719;
2472884615.3857946;-85.454254150390625;
2473044871.796051;-85.665802001953125;
2473205128.2063074;-85.545097351074219;
2473365384.6165643;-85.671836853027344;
2473525641.0268207;-85.679176330566406;
2473685897.437077;-85.620933532714844;
2473846153.8473334;-85.781639099121094;
2474006410.2575898;-85.680831909179688;
2474166666.6678462;-85.812980651855469;
2474326923.0781026;-85.662841796875;
2474487179.488359;-85.7515869140625;
2474647435.8986154;-85.724372863769531;
2474807692.3088717;-85.820510864257813;
2474967948.7191281;-85.818840026855469;
2475128205.1293845;-85.801139831542969;
2475288461.5396409;-85.850173950195313;
2475448717.9498973;-85.80499267578125;
2475608974.3601537;-85.877632141113281;
2475769230.7704101;-85.805160522460938;
2475929487.1806664;-85.838424682617187;
2476089743.5909228;-85.799217224121094;
2476250000.0011792;-85.881492614746094;
2476410256.4114356;-85.85986328125;
2476570512.8216925;-85.8814697265625;
2476730769.2319489;-85.873703002929687;
2476891025.6422052;-85.828353881835938;
2477051282.0524616;-85.824722290039063;
2477211538.462718;-85.783737182617188;
2477371794.8729744;-85.846260070800781;
2477532051.2832308;-85.828605651855469;
2477692307.6934872;-85.891395568847656;
2477852564.1037436;-85.840347290039063;
2478012820.5139999;-85.8638916015625;
2478173076.9242563;-85.869705200195312;
2478333333.3345127;-85.883468627929688;
2478493589.7447691;-85.903167724609375;
2478653846.1550255;-85.881423950195313;
2478814102.5652819;-85.8677978515625;
2478974358.9755383;-85.905158996582031;
2479134615.3857946;-85.918983459472656;
2479294871.796051;-85.867752075195313;
2479455128.2063074;-85.917015075683594;
2479615384.6165643;-85.893333435058594;
2479775641.0268207;-85.905158996582031;
2479935897.437077;-85.884101867675781;
2480096153.8473334;-85.941238403320312;
2480256410.2575898;-85.9031982421875;
2480416666.6678462;-85.907142639160156;
2480576923.0781026;-85.936759948730469;
2480737179.488359;-85.922920227050781;
2480897435.8986154;-85.988319396972656;
2481057692.3088717;-85.916984558105469;
2481217948.7191281;-85.918983459472656;
2481378205.1293845;-85.918975830078125;
2481538461.5396409;-85.92681884765625;
2481698717.9498973;-85.918983459472656;
2481858974.3601537;-85.893348693847656;
2482019230.7704101;-85.926834106445312;
2482179487.1806664;-85.915008544921875;
2482339743.5909228;-85.928840637207031;
2482500000.0011792;-85.930831909179687;
2482660256.4114356;-85.905174255371094;
2482820512.8216925;-85.881546020507813;
2482980769.2319489;-85.934761047363281;
2483141025.6422052;-85.946647644042969;
2483301282.0524616;-85.922866821289063;
2483461538.462718;-85.936767578125;
2483621794.8729744;-85.919197082519531;
2483782051.2832308;-85.91644287109375;
2483942307.6934872;-85.907150268554688;
2484102564.1037436;-85.905166625976563;
2484262820.5139999;-85.903190612792969;
