Type;ESU;
Version;4.43;
Date;03.Jun 16;
Mode;ANALYZER;
Center Freq;2434262820.514000;Hz
Freq Offset;0.000000;Hz
Span;100000000.000000;Hz
x-Axis;LIN;
Start;2384262820.514000;Hz
Stop;2484262820.514000;Hz
Ref Level;-9.000000;dBm
Level Offset;0.000000;dB
Ref Position;100.000000;%
y-Axis;LOG;
Level Range;100.000000;dB
Rf Att;5.000000;dB
RBW;2000000.000000;Hz
VBW;50.000000;Hz
SWT;2.500000;s
Trace Mode;CLR/WRITE;
Detector;RMS;
Sweep Count;0;
Trace 1:;;
x-Unit;Hz;
y-Unit;dBm;
Values;625;
2384262820.5139999;-85.782745361328125;
2384423076.9242563;-85.770263671875;
2384583333.3345127;-85.776077270507813;
2384743589.7447691;-85.797470092773438;
2384903846.1550255;-85.807212829589844;
2385064102.5652819;-85.809158325195313;
2385224358.9755383;-85.783821105957031;
2385384615.3857946;-85.7896728515625;
2385544871.796051;-85.74505615234375;
2385705128.2063074;-85.727676391601563;
2385865384.6165643;-85.712257385253906;
2386025641.0268207;-85.708412170410156;
2386185897.437077;-85.712265014648437;
2386346153.8473334;-85.685302734375;
2386506410.2575898;-85.710334777832031;
2386666666.6678462;-85.7103271484375;
2386826923.0781026;-85.727676391601563;
2386987179.488359;-85.673721313476562;
2387147435.8986154;-85.737350463867188;
2387307692.3088717;-85.716087341308594;
2387467948.7191281;-85.719924926757813;
2387628205.1293845;-85.712234497070313;
2387788461.5396409;-85.694808959960937;
2387948717.9498973;-85.6929931640625;
2388108974.3601537;-85.648811340332031;
2388269230.7704101;-85.631683349609375;
2388429487.1806664;-85.622032165527344;
2388589743.5909228;-85.6929931640625;
2388750000.0011792;-85.639190673828125;
2388910256.4114356;-85.67529296875;
2389070512.8216925;-85.6429443359375;
2389230769.2319489;-85.627304077148438;
2389391025.6422052;-85.658309936523438;
2389551282.0524616;-85.593063354492187;
2389711538.462718;-85.694847106933594;
2389871794.8729744;-85.466384887695313;
2390032051.2832308;-85.618278503417969;
2390192307.6934872;-85.389877319335938;
2390352564.1037436;-85.523658752441406;
2390512820.5139999;-85.451362609863281;
2390673076.9242563;-85.485214233398438;
2390833333.3345127;-85.500411987304688;
2390993589.7447691;-85.365592956542969;
2391153846.1550255;-85.4927978515625;
2391314102.5652819;-85.32879638671875;
2391474358.9755383;-85.557182312011719;
2391634615.3857946;-85.287216186523438;
2391794871.796051;-85.564949035644531;
2391955128.2063074;-85.306282043457031;
2392115384.6165643;-85.416717529296875;
2392275641.0268207;-85.356414794921875;
2392435897.437077;-85.37762451171875;
2392596153.8473334;-85.481781005859375;
2392756410.2575898;-85.394859313964844;
2392916666.6678462;-85.597328186035156;
2393076923.0781026;-85.401359558105469;
2393237179.488359;-85.543876647949219;
2393397435.8986154;-85.519218444824219;
2393557692.3088717;-85.543678283691406;
2393717948.7191281;-85.549819946289063;
2393878205.1293845;-85.506019592285156;
2394038461.5396409;-85.578338623046875;
2394198717.9498973;-85.574501037597656;
2394358974.3601537;-85.6756591796875;
2394519230.7704101;-85.578323364257813;
2394679487.1806664;-85.664085388183594;
2394839743.5909228;-85.5821533203125;
2395000000.0011792;-85.595321655273438;
2395160256.4114356;-85.618331909179687;
2395320512.8216925;-85.593338012695312;
2395480769.2319489;-85.648834228515625;
2395641025.6422052;-85.650703430175781;
2395801282.0524616;-85.645042419433594;
2395961538.462718;-85.650749206542969;
2396121794.8729744;-85.689117431640625;
2396282051.2832308;-85.624038696289062;
2396442307.6934872;-85.6220703125;
2396602564.1037436;-85.637420654296875;
2396762820.5139999;-85.595443725585937;
2396923076.9242563;-85.631614685058594;
2397083333.3345127;-85.650726318359375;
2397243589.7447691;-85.683395385742188;
2397403846.1550255;-85.641227722167969;
2397564102.5652819;-85.668045043945313;
2397724358.9755383;-85.635505676269531;
2397884615.3857946;-85.652664184570313;
2398044871.796051;-85.660369873046875;
2398205128.2063074;-85.627830505371094;
2398365384.6165643;-85.64697265625;
2398525641.0268207;-85.604957580566406;
2398685897.437077;-85.624053955078125;
2398846153.8473334;-85.629753112792969;
2399006410.2575898;-85.685317993164063;
2399166666.6678462;-85.616409301757812;
2399326923.0781026;-85.6641845703125;
2399487179.488359;-85.654632568359375;
2399647435.8986154;-85.622116088867188;
2399807692.3088717;-85.610710144042969;
2399967948.7191281;-85.637397766113281;
2400128205.1293845;-85.627853393554687;
2400288461.5396409;-85.625953674316406;
2400448717.9498973;-85.65484619140625;
2400608974.3601537;-85.645606994628906;
2400769230.7704101;-85.632728576660156;
2400929487.1806664;-85.628143310546875;
2401089743.5909228;-85.629348754882813;
2401250000.0011792;-85.621604919433594;
2401410256.4114356;-85.610702514648437;
2401570512.8216925;-85.648872375488281;
2401730769.2319489;-85.63739013671875;
2401891025.6422052;-85.631683349609375;
2402051282.0524616;-85.616409301757812;
2402211538.462718;-85.627861022949219;
2402371794.8729744;-85.6412353515625;
2402532051.2832308;-85.696853637695313;
2402692307.6934872;-85.68145751953125;
2402852564.1037436;-85.683395385742188;
2403012820.5139999;-85.693000793457031;
2403173076.9242563;-85.68524169921875;
2403333333.3345127;-85.673797607421875;
2403493589.7447691;-85.648895263671875;
2403653846.1550255;-85.681480407714844;
2403814102.5652819;-85.679557800292969;
2403974358.9755383;-85.696846008300781;
2404134615.3857946;-85.696846008300781;
2404294871.796051;-85.698768615722656;
2404455128.2063074;-85.671859741210938;
2404615384.6165643;-85.694915771484375;
2404775641.0268207;-85.65655517578125;
2404935897.437077;-85.654640197753906;
2405096153.8473334;-85.694061279296875;
2405256410.2575898;-85.643386840820313;
2405416666.6678462;-85.667991638183594;
2405576923.0781026;-85.666755676269531;
2405737179.488359;-85.656547546386719;
2405897435.8986154;-85.658454895019531;
2406057692.3088717;-85.635482788085937;
2406217948.7191281;-85.689094543457031;
2406378205.1293845;-85.687240600585938;
2406538461.5396409;-85.70648193359375;
2406698717.9498973;-85.708412170410156;
2406858974.3601537;-85.708389282226563;
2407019230.7704101;-85.683387756347656;
2407179487.1806664;-85.712249755859375;
2407339743.5909228;-85.689163208007813;
2407500000.0011792;-85.685295104980469;
2407660256.4114356;-85.694923400878906;
2407820512.8216925;-85.666091918945313;
2407980769.2319489;-85.719963073730469;
2408141025.6422052;-85.685302734375;
2408301282.0524616;-85.712265014648437;
2408461538.462718;-85.669960021972656;
2408621794.8729744;-85.669937133789063;
2408782051.2832308;-85.673637390136719;
2408942307.6934872;-85.708343505859375;
2409102564.1037436;-85.654632568359375;
2409262820.5139999;-85.625946044921875;
2409423076.9242563;-85.669960021972656;
2409583333.3345127;-85.668037414550781;
2409743589.7447691;-85.689163208007813;
2409903846.1550255;-85.666114807128906;
2410064102.5652819;-85.696846008300781;
2410224358.9755383;-85.637405395507813;
2410384615.3857946;-85.708389282226563;
2410544871.796051;-85.677635192871094;
2410705128.2063074;-85.652687072753906;
2410865384.6165643;-85.689132690429688;
2411025641.0268207;-85.702629089355469;
2411185897.437077;-85.700691223144531;
2411346153.8473334;-85.712257385253906;
2411506410.2575898;-85.699546813964844;
2411666666.6678462;-85.708412170410156;
2411826923.0781026;-85.712242126464844;
2411987179.488359;-85.741188049316406;
2412147435.8986154;-85.668045043945313;
2412307692.3088717;-85.704551696777344;
2412467948.7191281;-85.718040466308594;
2412628205.1293845;-85.714187622070313;
2412788461.5396409;-85.725746154785156;
2412948717.9498973;-85.694931030273438;
2413108974.3601537;-85.714187622070313;
2413269230.7704101;-85.716117858886719;
2413429487.1806664;-85.716117858886719;
2413589743.5909228;-85.714179992675781;
2413750000.0011792;-85.696853637695313;
2413910256.4114356;-85.702629089355469;
2414070512.8216925;-85.696022033691406;
2414230769.2319489;-85.70648193359375;
2414391025.6422052;-85.704559326171875;
2414551282.0524616;-85.694923400878906;
2414711538.462718;-85.643150329589844;
2414871794.8729744;-85.683364868164062;
2415032051.2832308;-85.652702331542969;
2415192307.6934872;-85.681427001953125;
2415352564.1037436;-85.658424377441406;
2415512820.5139999;-85.710334777832031;
2415673076.9242563;-85.693000793457031;
2415833333.3345127;-85.708404541015625;
2415993589.7447691;-85.718032836914063;
2416153846.1550255;-85.687248229980469;
2416314102.5652819;-85.67572021484375;
2416474358.9755383;-85.710311889648438;
2416634615.3857946;-85.691627502441406;
2416794871.796051;-85.710334777832031;
2416955128.2063074;-85.710334777832031;
2417115384.6165643;-85.708412170410156;
2417275641.0268207;-85.70648193359375;
2417435897.437077;-85.679527282714844;
2417596153.8473334;-85.650787353515625;
2417756410.2575898;-85.685295104980469;
2417916666.6678462;-85.721893310546875;
2418076923.0781026;-85.694915771484375;
2418237179.488359;-85.671859741210938;
2418397435.8986154;-85.70263671875;
2418557692.3088717;-85.708412170410156;
2418717948.7191281;-85.680641174316406;
2418878205.1293845;-85.70068359375;
2419038461.5396409;-85.673797607421875;
2419198717.9498973;-85.70648193359375;
2419358974.3601537;-85.704551696777344;
2419519230.7704101;-85.70648193359375;
2419679487.1806664;-85.712265014648437;
2419839743.5909228;-85.712226867675781;
2420000000.0011792;-85.679557800292969;
2420160256.4114356;-85.704559326171875;
2420320512.8216925;-85.708396911621094;
2420480769.2319489;-85.683372497558594;
2420641025.6422052;-85.710334777832031;
2420801282.0524616;-85.645057678222656;
2420961538.462718;-85.671875;
2421121794.8729744;-85.708404541015625;
2421282051.2832308;-85.721870422363281;
2421442307.6934872;-85.635513305664063;
2421602564.1037436;-85.641227722167969;
2421762820.5139999;-85.635513305664063;
2421923076.9242563;-85.622138977050781;
2422083333.3345127;-85.646980285644531;
2422243589.7447691;-85.637420654296875;
2422403846.1550255;-85.683395385742188;
2422564102.5652819;-85.645034790039063;
2422724358.9755383;-85.648887634277344;
2422884615.3857946;-85.694931030273438;
2423044871.796051;-85.632476806640625;
2423205128.2063074;-85.689109802246094;
2423365384.6165643;-85.669883728027344;
2423525641.0268207;-85.637413024902344;
2423685897.437077;-85.629753112792969;
2423846153.8473334;-85.637428283691406;
2424006410.2575898;-85.618316650390625;
2424166666.6678462;-85.622116088867188;
2424326923.0781026;-85.584075927734375;
2424487179.488359;-85.574508666992188;
2424647435.8986154;-85.593528747558594;
2424807692.3088717;-85.572639465332031;
2424967948.7191281;-85.568893432617188;
2425128205.1293845;-85.440811157226563;
2425288461.5396409;-85.564956665039063;
2425448717.9498973;-85.412887573242187;
2425608974.3601537;-85.410507202148437;
2425769230.7704101;-85.188377380371094;
2425929487.1806664;-85.038734436035156;
2426089743.5909228;-84.936576843261719;
2426250000.0011792;-84.294837951660156;
2426410256.4114356;-84.349845886230469;
2426570512.8216925;-82.730484008789063;
2426730769.2319489;-83.263023376464844;
2426891025.6422052;-81.271064758300781;
2427051282.0524616;-80.511016845703125;
2427211538.462718;-78.293655395507813;
2427371794.8729744;-76.352859497070313;
2427532051.2832308;-75.370964050292969;
2427692307.6934872;-72.839218139648438;
2427852564.1037436;-71.94049072265625;
2428012820.5139999;-67.628150939941406;
2428173076.9242563;-67.789825439453125;
2428333333.3345127;-63.976951599121094;
2428493589.7447691;-63.901065826416016;
2428653846.1550255;-60.758003234863281;
2428814102.5652819;-58.881923675537109;
2428974358.9755383;-57.574630737304688;
2429134615.3857946;-55.391639709472656;
2429294871.796051;-54.861209869384766;
2429455128.2063074;-51.973697662353516;
2429615384.6165643;-51.334537506103516;
2429775641.0268207;-48.524761199951172;
2429935897.437077;-48.331165313720703;
2430096153.8473334;-46.08740234375;
2430256410.2575898;-44.733394622802734;
2430416666.6678462;-42.687778472900391;
2430576923.0781026;-41.489864349365234;
2430737179.488359;-40.238044738769531;
2430897435.8986154;-38.937774658203125;
2431057692.3088717;-37.729648590087891;
2431217948.7191281;-35.6595458984375;
2431378205.1293845;-35.221805572509766;
2431538461.5396409;-33.681400299072266;
2431698717.9498973;-33.107650756835938;
2431858974.3601537;-31.748811721801758;
2432019230.7704101;-30.773200988769531;
2432179487.1806664;-30.166332244873047;
2432339743.5909228;-29.65992546081543;
2432500000.0011792;-29.177804946899414;
2432660256.4114356;-28.784252166748047;
2432820512.8216925;-28.46544075012207;
2432980769.2319489;-28.646242141723633;
2433141025.6422052;-28.554054260253906;
2433301282.0524616;-28.958858489990234;
2433461538.462718;-29.2421875;
2433621794.8729744;-30.052059173583984;
2433782051.2832308;-30.632225036621094;
2433942307.6934872;-31.315549850463867;
2434102564.1037436;-32.19842529296875;
2434262820.5139999;-33.194141387939453;
2434423076.9242563;-34.773166656494141;
2434583333.3345127;-35.427803039550781;
2434743589.7447691;-36.924087524414063;
2434903846.1550255;-37.614826202392578;
2435064102.5652819;-39.380722045898438;
2435224358.9755383;-40.925655364990234;
2435384615.3857946;-41.980178833007812;
2435544871.796051;-43.277549743652344;
2435705128.2063074;-44.204479217529297;
2435865384.6165643;-46.002285003662109;
2436025641.0268207;-47.513221740722656;
2436185897.437077;-48.922199249267578;
2436346153.8473334;-49.774707794189453;
2436506410.2575898;-51.128742218017578;
2436666666.6678462;-52.634464263916016;
2436826923.0781026;-54.335727691650391;
2436987179.488359;-55.520240783691406;
2437147435.8986154;-56.550178527832031;
2437307692.3088717;-57.862972259521484;
2437467948.7191281;-59.249042510986328;
2437628205.1293845;-61.346179962158203;
2437788461.5396409;-62.143032073974609;
2437948717.9498973;-63.795578002929687;
2438108974.3601537;-64.709526062011719;
2438269230.7704101;-66.682411193847656;
2438429487.1806664;-68.809104919433594;
2438589743.5909228;-70.040084838867188;
2438750000.0011792;-71.651313781738281;
2438910256.4114356;-72.917518615722656;
2439070512.8216925;-74.968513488769531;
2439230769.2319489;-77.346443176269531;
2439391025.6422052;-78.956283569335938;
2439551282.0524616;-80.1458740234375;
2439711538.462718;-81.423698425292969;
2439871794.8729744;-82.756019592285156;
2440032051.2832308;-83.930694580078125;
2440192307.6934872;-84.418472290039063;
2440352564.1037436;-84.801727294921875;
2440512820.5139999;-85.026664733886719;
2440673076.9242563;-85.275932312011719;
2440833333.3345127;-85.401786804199219;
2440993589.7447691;-85.51031494140625;
2441153846.1550255;-85.461402893066406;
2441314102.5652819;-85.5272216796875;
2441474358.9755383;-85.608779907226562;
2441634615.3857946;-85.681449890136719;
2441794871.796051;-85.658470153808594;
2441955128.2063074;-85.645050048828125;
2442115384.6165643;-85.658447265625;
2442275641.0268207;-85.669937133789063;
2442435897.437077;-85.721900939941406;
2442596153.8473334;-85.714179992675781;
2442756410.2575898;-85.745086669921875;
2442916666.6678462;-85.691070556640625;
2443076923.0781026;-85.743125915527344;
2443237179.488359;-85.731269836425781;
2443397435.8986154;-85.719947814941406;
2443557692.3088717;-85.727691650390625;
2443717948.7191281;-85.716102600097656;
2443878205.1293845;-85.7296142578125;
2444038461.5396409;-85.712242126464844;
2444198717.9498973;-85.760551452636719;
2444358974.3601537;-85.723823547363281;
2444519230.7704101;-85.748947143554688;
2444679487.1806664;-85.772140502929687;
2444839743.5909228;-85.777999877929688;
2445000000.0011792;-85.723831176757813;
2445160256.4114356;-85.72381591796875;
2445320512.8216925;-85.745079040527344;
2445480769.2319489;-85.803306579589844;
2445641025.6422052;-85.80523681640625;
2445801282.0524616;-85.7083740234375;
2445961538.462718;-85.721893310546875;
2446121794.8729744;-85.735374450683594;
2446282051.2832308;-85.787734985351563;
2446442307.6934872;-85.762481689453125;
2446602564.1037436;-85.805252075195313;
2446762820.5139999;-85.809150695800781;
2446923076.9242563;-85.7838134765625;
2447083333.3345127;-85.788833618164062;
2447243589.7447691;-85.791580200195313;
2447403846.1550255;-85.774147033691406;
2447564102.5652819;-85.813011169433594;
2447724358.9755383;-85.797447204589844;
2447884615.3857946;-85.785804748535156;
2448044871.796051;-85.809127807617188;
2448205128.2063074;-85.819717407226563;
2448365384.6165643;-85.799972534179688;
2448525641.0268207;-85.842330932617187;
2448685897.437077;-85.822769165039063;
2448846153.8473334;-85.82672119140625;
2449006410.2575898;-85.81109619140625;
2449166666.6678462;-85.830604553222656;
2449326923.0781026;-85.78192138671875;
2449487179.488359;-85.807212829589844;
2449647435.8986154;-85.809158325195313;
2449807692.3088717;-85.832557678222656;
2449967948.7191281;-85.877632141113281;
2450128205.1293845;-85.813011169433594;
2450288461.5396409;-85.85211181640625;
2450448717.9498973;-85.889381408691406;
2450608974.3601537;-85.858016967773438;
2450769230.7704101;-85.826705932617188;
2450929487.1806664;-85.856040954589844;
2451089743.5909228;-85.748809814453125;
2451250000.0011792;-85.718040466308594;
2451410256.4114356;-85.787696838378906;
2451570512.8216925;-85.797454833984375;
2451730769.2319489;-85.834526062011719;
2451891025.6422052;-85.7857666015625;
2452051282.0524616;-85.799392700195313;
2452211538.462718;-85.811088562011719;
2452371794.8729744;-85.83843994140625;
2452532051.2832308;-85.813018798828125;
2452692307.6934872;-85.832534790039063;
2452852564.1037436;-85.807144165039062;
2453012820.5139999;-85.801239013671875;
2453173076.9242563;-85.818893432617188;
2453333333.3345127;-85.789634704589844;
2453493589.7447691;-85.842353820800781;
2453653846.1550255;-85.801231384277344;
2453814102.5652819;-85.867813110351563;
2453974358.9755383;-85.788551330566406;
2454134615.3857946;-85.806495666503906;
2454294871.796051;-85.776443481445312;
2454455128.2063074;-85.775894165039063;
2454615384.6165643;-85.822784423828125;
2454775641.0268207;-85.79534912109375;
2454935897.437077;-85.903205871582031;
2455096153.8473334;-85.744583129882812;
2455256410.2575898;-85.434928894042969;
2455416666.6678462;-85.704078674316406;
2455576923.0781026;-85.822639465332031;
2455737179.488359;-85.805259704589844;
2455897435.8986154;-85.779899597167969;
2456057692.3088717;-85.879554748535156;
2456217948.7191281;-85.840309143066406;
2456378205.1293845;-85.873580932617188;
2456538461.5396409;-85.824760437011719;
2456698717.9498973;-85.850090026855469;
2456858974.3601537;-85.822784423828125;
2457019230.7704101;-85.777946472167969;
2457179487.1806664;-85.83062744140625;
2457339743.5909228;-85.768264770507813;
2457500000.0011792;-85.834526062011719;
2457660256.4114356;-85.579597473144531;
2457820512.8216925;-85.602798461914063;
2457980769.2319489;-85.741142272949219;
2458141025.6422052;-85.774101257324219;
2458301282.0524616;-85.826667785644531;
2458461538.462718;-85.844230651855469;
2458621794.8729744;-85.867805480957031;
2458782051.2832308;-85.863845825195313;
2458942307.6934872;-85.901214599609375;
2459102564.1037436;-85.86187744140625;
2459262820.5139999;-85.887367248535156;
2459423076.9242563;-85.859931945800781;
2459583333.3345127;-85.709983825683594;
2459743589.7447691;-85.68524169921875;
2459903846.1550255;-85.801338195800781;
2460064102.5652819;-85.863899230957031;
2460224358.9755383;-85.799346923828125;
2460384615.3857946;-85.834465026855469;
2460544871.796051;-85.846237182617187;
2460705128.2063074;-85.911079406738281;
2460865384.6165643;-85.865837097167969;
2461025641.0268207;-85.920921325683594;
2461185897.437077;-85.907150268554688;
2461346153.8473334;-85.893341064453125;
2461506410.2575898;-85.942695617675781;
2461666666.6678462;-85.899192810058594;
2461826923.0781026;-85.865821838378906;
2461987179.488359;-85.863815307617188;
2462147435.8986154;-85.863883972167969;
2462307692.3088717;-85.824745178222656;
2462467948.7191281;-85.852134704589844;
2462628205.1293845;-85.885429382324219;
2462788461.5396409;-85.903190612792969;
2462948717.9498973;-85.909103393554688;
2463108974.3601537;-85.90509033203125;
2463269230.7704101;-85.934654235839844;
2463429487.1806664;-85.952545166015625;
2463589743.5909228;-85.911094665527344;
2463750000.0011792;-85.901229858398438;
2463910256.4114356;-85.917007446289062;
2464070512.8216925;-85.901199340820313;
2464230769.2319489;-85.932777404785156;
2464391025.6422052;-85.909103393554688;
2464551282.0524616;-85.867698669433594;
2464711538.462718;-85.873664855957031;
2464871794.8729744;-85.891326904296875;
2465032051.2832308;-85.911087036132812;
2465192307.6934872;-85.850143432617188;
2465352564.1037436;-85.915023803710938;
2465512820.5139999;-85.873649597167969;
2465673076.9242563;-85.922889709472656;
2465833333.3345127;-85.889396667480469;
2465993589.7447691;-85.887344360351562;
2466153846.1550255;-85.881500244140625;
2466314102.5652819;-85.905029296875;
2466474358.9755383;-85.865821838378906;
2466634615.3857946;-85.850067138671875;
2466794871.796051;-85.869743347167969;
2466955128.2063074;-85.875633239746094;
2467115384.6165643;-85.911094665527344;
2467275641.0268207;-85.820755004882813;
2467435897.437077;-85.88348388671875;
2467596153.8473334;-85.849998474121094;
2467756410.2575898;-85.914764404296875;
2467916666.6678462;-85.895309448242188;
2468076923.0781026;-85.855812072753906;
2468237179.488359;-85.889350891113281;
2468397435.8986154;-85.828437805175781;
2468557692.3088717;-85.861923217773438;
2468717948.7191281;-85.752586364746094;
2468878205.1293845;-85.883453369140625;
2469038461.5396409;-85.797286987304688;
2469198717.9498973;-85.844161987304688;
2469358974.3601537;-85.78936767578125;
2469519230.7704101;-85.835891723632813;
2469679487.1806664;-85.844200134277344;
2469839743.5909228;-85.76947021484375;
2470000000.0011792;-85.873565673828125;
2470160256.4114356;-85.71136474609375;
2470320512.8216925;-85.8128662109375;
2470480769.2319489;-85.617774963378906;
2470641025.6422052;-85.781517028808594;
2470801282.0524616;-85.592727661132813;
2470961538.462718;-85.679412841796875;
2471121794.8729744;-85.65740966796875;
2471282051.2832308;-85.550926208496094;
2471442307.6934872;-85.640388488769531;
2471602564.1037436;-85.488960266113281;
2471762820.5139999;-85.667449951171875;
2471923076.9242563;-85.388633728027344;
2472083333.3345127;-85.698432922363281;
2472243589.7447691;-85.270614624023437;
2472403846.1550255;-85.574798583984375;
2472564102.5652819;-85.217483520507812;
2472724358.9755383;-85.451408386230469;
2472884615.3857946;-85.358894348144531;
2473044871.796051;-85.374595642089844;
2473205128.2063074;-85.516387939453125;
2473365384.6165643;-85.354568481445313;
2473525641.0268207;-85.617805480957031;
2473685897.437077;-85.389480590820313;
2473846153.8473334;-85.681068420410156;
2474006410.2575898;-85.40240478515625;
2474166666.6678462;-85.709419250488281;
2474326923.0781026;-85.465507507324219;
2474487179.488359;-85.652595520019531;
2474647435.8986154;-85.663833618164062;
2474807692.3088717;-85.663719177246094;
2474967948.7191281;-85.724472045898437;
2475128205.1293845;-85.644615173339844;
2475288461.5396409;-85.771926879882813;
2475448717.9498973;-85.65191650390625;
2475608974.3601537;-85.799293518066406;
2475769230.7704101;-85.723526000976563;
2475929487.1806664;-85.871673583984375;
2476089743.5909228;-85.770072937011719;
2476250000.0011792;-85.835800170898438;
2476410256.4114356;-85.731460571289063;
2476570512.8216925;-85.770042419433594;
2476730769.2319489;-85.816932678222656;
2476891025.6422052;-85.79541015625;
2477051282.0524616;-85.857978820800781;
2477211538.462718;-85.781730651855469;
2477371794.8729744;-85.850105285644531;
2477532051.2832308;-85.85009765625;
2477692307.6934872;-85.879493713378906;
2477852564.1037436;-85.899215698242188;
2478012820.5139999;-85.867637634277344;
2478173076.9242563;-85.901206970214844;
2478333333.3345127;-85.842254638671875;
2478493589.7447691;-85.9051513671875;
2478653846.1550255;-85.854042053222656;
2478814102.5652819;-85.909095764160156;
2478974358.9755383;-85.857994079589844;
2479134615.3857946;-85.901199340820313;
2479294871.796051;-85.895309448242188;
2479455128.2063074;-85.891349792480469;
2479615384.6165643;-85.905166625976563;
2479775641.0268207;-85.880409240722656;
2479935897.437077;-85.924468994140625;
2480096153.8473334;-85.893890380859375;
2480256410.2575898;-85.913063049316406;
2480416666.6678462;-85.840362548828125;
2480576923.0781026;-85.885467529296875;
2480737179.488359;-85.903205871582031;
2480897435.8986154;-85.917007446289062;
2481057692.3088717;-85.907142639160156;
2481217948.7191281;-85.966468811035156;
2481378205.1293845;-85.92095947265625;
2481538461.5396409;-85.907096862792969;
2481698717.9498973;-85.909072875976563;
2481858974.3601537;-85.944671630859375;
2482019230.7704101;-85.9150390625;
2482179487.1806664;-85.907150268554688;
2482339743.5909228;-85.911079406738281;
2482500000.0011792;-85.950607299804688;
2482660256.4114356;-85.922927856445312;
2482820512.8216925;-85.9031982421875;
2482980769.2319489;-85.922927856445312;
2483141025.6422052;-85.924903869628906;
2483301282.0524616;-85.907150268554688;
2483461538.462718;-85.907150268554688;
2483621794.8729744;-85.924873352050781;
2483782051.2832308;-85.942695617675781;
2483942307.6934872;-85.920951843261719;
2484102564.1037436;-85.90911865234375;
2484262820.5139999;-85.915023803710938;
