Type;ESU;
Version;4.43;
Date;03.Jun 16;
Mode;ANALYZER;
Center Freq;2434262820.514000;Hz
Freq Offset;0.000000;Hz
Span;100000000.000000;Hz
x-Axis;LIN;
Start;2384262820.514000;Hz
Stop;2484262820.514000;Hz
Ref Level;-9.000000;dBm
Level Offset;0.000000;dB
Ref Position;100.000000;%
y-Axis;LOG;
Level Range;100.000000;dB
Rf Att;5.000000;dB
RBW;2000000.000000;Hz
VBW;50.000000;Hz
SWT;2.500000;s
Trace Mode;CLR/WRITE;
Detector;RMS;
Sweep Count;0;
Trace 1:;;
x-Unit;Hz;
y-Unit;dBm;
Values;625;
2384262820.5139999;-85.706832885742187;
2384423076.9242563;-85.696853637695313;
2384583333.3345127;-85.698745727539063;
2384743589.7447691;-85.700698852539063;
2384903846.1550255;-85.689155578613281;
2385064102.5652819;-85.65655517578125;
2385224358.9755383;-85.679542541503906;
2385384615.3857946;-85.714179992675781;
2385544871.796051;-85.714179992675781;
2385705128.2063074;-85.712257385253906;
2385865384.6165643;-85.687217712402344;
2386025641.0268207;-85.694923400878906;
2386185897.437077;-85.70648193359375;
2386346153.8473334;-85.656539916992188;
2386506410.2575898;-85.63360595703125;
2386666666.6678462;-85.63360595703125;
2386826923.0781026;-85.639328002929688;
2386987179.488359;-85.658454895019531;
2387147435.8986154;-85.643142700195313;
2387307692.3088717;-85.683395385742188;
2387467948.7191281;-85.683364868164062;
2387628205.1293845;-85.620246887207031;
2387788461.5396409;-85.635505676269531;
2387948717.9498973;-85.631690979003906;
2388108974.3601537;-85.61260986328125;
2388269230.7704101;-85.58978271484375;
2388429487.1806664;-85.624061584472656;
2388589743.5909228;-85.618331909179687;
2388750000.0011792;-85.624061584472656;
2388910256.4114356;-85.671844482421875;
2389070512.8216925;-85.68914794921875;
2389230769.2319489;-85.635505676269531;
2389391025.6422052;-85.633590698242188;
2389551282.0524616;-85.629776000976563;
2389711538.462718;-85.637351989746094;
2389871794.8729744;-85.606903076171875;
2390032051.2832308;-85.58782958984375;
2390192307.6934872;-85.599250793457031;
2390352564.1037436;-85.604988098144531;
2390512820.5139999;-85.643135070800781;
2390673076.9242563;-85.591621398925781;
2390833333.3345127;-85.614517211914062;
2390993589.7447691;-85.525360107421875;
2391153846.1550255;-85.567001342773437;
2391314102.5652819;-85.582145690917969;
2391474358.9755383;-85.5667724609375;
2391634615.3857946;-85.512039184570313;
2391794871.796051;-85.562995910644531;
2391955128.2063074;-85.544265747070313;
2392115384.6165643;-85.527015686035156;
2392275641.0268207;-85.519737243652344;
2392435897.437077;-85.476364135742188;
2392596153.8473334;-85.566986083984375;
2392756410.2575898;-85.442550659179687;
2392916666.6678462;-85.506507873535156;
2393076923.0781026;-85.307060241699219;
2393237179.488359;-85.483367919921875;
2393397435.8986154;-85.352767944335938;
2393557692.3088717;-85.379020690917969;
2393717948.7191281;-85.384712219238281;
2393878205.1293845;-85.295341491699219;
2394038461.5396409;-85.249717712402344;
2394198717.9498973;-85.17828369140625;
2394358974.3601537;-85.341827392578125;
2394519230.7704101;-85.161827087402344;
2394679487.1806664;-85.406814575195313;
2394839743.5909228;-85.077911376953125;
2395000000.0011792;-85.434921264648437;
2395160256.4114356;-85.040420532226563;
2395320512.8216925;-85.314117431640625;
2395480769.2319489;-85.171012878417969;
2395641025.6422052;-85.359169006347656;
2395801282.0524616;-85.258842468261719;
2395961538.462718;-85.322433471679688;
2396121794.8729744;-85.393875122070313;
2396282051.2832308;-85.436195373535156;
2396442307.6934872;-85.461372375488281;
2396602564.1037436;-85.412284851074219;
2396762820.5139999;-85.487701416015625;
2396923076.9242563;-85.464920043945313;
2397083333.3345127;-85.530975341796875;
2397243589.7447691;-85.500717163085938;
2397403846.1550255;-85.559410095214844;
2397564102.5652819;-85.476356506347656;
2397724358.9755383;-85.53485107421875;
2397884615.3857946;-85.495162963867188;
2398044871.796051;-85.574546813964844;
2398205128.2063074;-85.510307312011719;
2398365384.6165643;-85.515998840332031;
2398525641.0268207;-85.493270874023438;
2398685897.437077;-85.606887817382812;
2398846153.8473334;-85.574592590332031;
2399006410.2575898;-85.53289794921875;
2399166666.6678462;-85.540519714355469;
2399326923.0781026;-85.499000549316406;
2399487179.488359;-85.531074523925781;
2399647435.8986154;-85.542388916015625;
2399807692.3088717;-85.584075927734375;
2399967948.7191281;-85.542388916015625;
2400128205.1293845;-85.521652221679688;
2400288461.5396409;-85.466049194335938;
2400448717.9498973;-85.501350402832031;
2400608974.3601537;-85.511146545410156;
2400769230.7704101;-85.514732360839844;
2400929487.1806664;-85.521881103515625;
2401089743.5909228;-85.555641174316406;
2401250000.0011792;-85.574600219726563;
2401410256.4114356;-85.523483276367188;
2401570512.8216925;-85.534835815429688;
2401730769.2319489;-85.542388916015625;
2401891025.6422052;-85.610710144042969;
2402051282.0524616;-85.584053039550781;
2402211538.462718;-85.576499938964844;
2402371794.8729744;-85.542396545410156;
2402532051.2832308;-85.532958984375;
2402692307.6934872;-85.53106689453125;
2402852564.1037436;-85.506584167480469;
2403012820.5139999;-85.553733825683594;
2403173076.9242563;-85.542350769042969;
2403333333.3345127;-85.517875671386719;
2403493589.7447691;-85.525413513183594;
2403653846.1550255;-85.525413513183594;
2403814102.5652819;-85.51409912109375;
2403974358.9755383;-85.549972534179688;
2404134615.3857946;-85.519752502441406;
2404294871.796051;-85.521644592285156;
2404455128.2063074;-85.502799987792969;
2404615384.6165643;-85.521621704101563;
2404775641.0268207;-85.517875671386719;
2404935897.437077;-85.553726196289063;
2405096153.8473334;-85.612411499023437;
2405256410.2575898;-85.617233276367188;
2405416666.6678462;-85.608810424804688;
2405576923.0781026;-85.580223083496094;
2405737179.488359;-85.582405090332031;
2405897435.8986154;-85.605628967285156;
2406057692.3088717;-85.57080078125;
2406217948.7191281;-85.532958984375;
2406378205.1293845;-85.549972534179688;
2406538461.5396409;-85.538612365722656;
2406698717.9498973;-85.599250793457031;
2406858974.3601537;-85.606864929199219;
2407019230.7704101;-85.597366333007813;
2407179487.1806664;-85.540512084960937;
2407339743.5909228;-85.593559265136719;
2407500000.0011792;-85.601181030273438;
2407660256.4114356;-85.618339538574219;
2407820512.8216925;-85.599288940429688;
2407980769.2319489;-85.612617492675781;
2408141025.6422052;-85.605003356933594;
2408301282.0524616;-85.591682434082031;
2408461538.462718;-85.587882995605469;
2408621794.8729744;-85.622154235839844;
2408782051.2832308;-85.618339538574219;
2408942307.6934872;-85.629768371582031;
2409102564.1037436;-85.633590698242188;
2409262820.5139999;-85.589775085449219;
2409423076.9242563;-85.624061584472656;
2409583333.3345127;-85.580284118652344;
2409743589.7447691;-85.614524841308594;
2409903846.1550255;-85.622146606445313;
2410064102.5652819;-85.610710144042969;
2410224358.9755383;-85.610710144042969;
2410384615.3857946;-85.608795166015625;
2410544871.796051;-85.593582153320313;
2410705128.2063074;-85.601188659667969;
2410865384.6165643;-85.620246887207031;
2411025641.0268207;-85.610710144042969;
2411185897.437077;-85.610710144042969;
2411346153.8473334;-85.612617492675781;
2411506410.2575898;-85.580268859863281;
2411666666.6678462;-85.616424560546875;
2411826923.0781026;-85.633598327636719;
2411987179.488359;-85.6202392578125;
2412147435.8986154;-85.643417358398438;
2412307692.3088717;-85.608802795410156;
2412467948.7191281;-85.591690063476563;
2412628205.1293845;-85.6202392578125;
2412788461.5396409;-85.633583068847656;
2412948717.9498973;-85.683403015136719;
2413108974.3601537;-85.620223999023437;
2413269230.7704101;-85.62786865234375;
2413429487.1806664;-85.608779907226562;
2413589743.5909228;-85.622154235839844;
2413750000.0011792;-85.624046325683594;
2413910256.4114356;-85.605003356933594;
2414070512.8216925;-85.624053955078125;
2414230769.2319489;-85.654632568359375;
2414391025.6422052;-85.687240600585938;
2414551282.0524616;-85.645057678222656;
2414711538.462718;-85.625953674316406;
2414871794.8729744;-85.612884521484375;
2415032051.2832308;-85.624053955078125;
2415192307.6934872;-85.618339538574219;
2415352564.1037436;-85.614509582519531;
2415512820.5139999;-85.595474243164063;
2415673076.9242563;-85.622146606445313;
2415833333.3345127;-85.660354614257813;
2415993589.7447691;-85.654586791992188;
2416153846.1550255;-85.618331909179687;
2416314102.5652819;-85.612617492675781;
2416474358.9755383;-85.599288940429688;
2416634615.3857946;-85.616432189941406;
2416794871.796051;-85.6011962890625;
2416955128.2063074;-85.606910705566406;
2417115384.6165643;-85.610694885253906;
2417275641.0268207;-85.615066528320312;
2417435897.437077;-85.599288940429688;
2417596153.8473334;-85.629768371582031;
2417756410.2575898;-85.629768371582031;
2417916666.6678462;-85.616424560546875;
2418076923.0781026;-85.608802795410156;
2418237179.488359;-85.633590698242188;
2418397435.8986154;-85.612617492675781;
2418557692.3088717;-85.606903076171875;
2418717948.7191281;-85.618339538574219;
2418878205.1293845;-85.622154235839844;
2419038461.5396409;-85.622146606445313;
2419198717.9498973;-85.643135070800781;
2419358974.3601537;-85.627861022949219;
2419519230.7704101;-85.634696960449219;
2419679487.1806664;-85.612625122070313;
2419839743.5909228;-85.616432189941406;
2420000000.0011792;-85.622154235839844;
2420160256.4114356;-85.587890625;
2420320512.8216925;-85.622154235839844;
2420480769.2319489;-85.6107177734375;
2420641025.6422052;-85.625961303710938;
2420801282.0524616;-85.593582153320313;
2420961538.462718;-85.616432189941406;
2421121794.8729744;-85.612625122070313;
2421282051.2832308;-85.599288940429688;
2421442307.6934872;-85.619430541992188;
2421602564.1037436;-85.625946044921875;
2421762820.5139999;-85.620246887207031;
2421923076.9242563;-85.601181030273438;
2422083333.3345127;-85.614524841308594;
2422243589.7447691;-85.608810424804688;
2422403846.1550255;-85.625930786132813;
2422564102.5652819;-85.546165466308594;
2422724358.9755383;-85.612617492675781;
2422884615.3857946;-85.56890869140625;
2423044871.796051;-85.603080749511719;
2423205128.2063074;-85.624061584472656;
2423365384.6165643;-85.610710144042969;
2423525641.0268207;-85.606353759765625;
2423685897.437077;-85.608779907226562;
2423846153.8473334;-85.595458984375;
2424006410.2575898;-85.566986083984375;
2424166666.6678462;-85.603073120117187;
2424326923.0781026;-85.568878173828125;
2424487179.488359;-85.548072814941406;
2424647435.8986154;-85.589775085449219;
2424807692.3088717;-85.610710144042969;
2424967948.7191281;-85.580291748046875;
2425128205.1293845;-85.610694885253906;
2425288461.5396409;-85.568885803222656;
2425448717.9498973;-85.536720275878906;
2425608974.3601537;-85.566978454589844;
2425769230.7704101;-85.570724487304687;
2425929487.1806664;-85.521652221679688;
2426089743.5909228;-85.465240478515625;
2426250000.0011792;-85.510322570800781;
2426410256.4114356;-85.38128662109375;
2426570512.8216925;-85.45770263671875;
2426730769.2319489;-85.296333312988281;
2426891025.6422052;-85.318740844726563;
2427051282.0524616;-85.036811828613281;
2427211538.462718;-84.724906921386719;
2427371794.8729744;-84.517227172851562;
2427532051.2832308;-83.961341857910156;
2427692307.6934872;-83.715507507324219;
2427852564.1037436;-82.712371826171875;
2428012820.5139999;-82.660057067871094;
2428173076.9242563;-80.558944702148438;
2428333333.3345127;-81.219856262207031;
2428493589.7447691;-76.696128845214844;
2428653846.1550255;-77.472084045410156;
2428814102.5652819;-73.299041748046875;
2428974358.9755383;-73.342704772949219;
2429134615.3857946;-69.947662353515625;
2429294871.796051;-68.398529052734375;
2429455128.2063074;-66.310371398925781;
2429615384.6165643;-63.799846649169922;
2429775641.0268207;-63.393966674804688;
2429935897.437077;-60.391441345214844;
2430096153.8473334;-59.510944366455078;
2430256410.2575898;-56.497173309326172;
2430416666.6678462;-56.625091552734375;
2430576923.0781026;-53.717960357666016;
2430737179.488359;-53.665660858154297;
2430897435.8986154;-49.682956695556641;
2431057692.3088717;-49.659229278564453;
2431217948.7191281;-47.083202362060547;
2431378205.1293845;-46.626171112060547;
2431538461.5396409;-44.4549560546875;
2431698717.9498973;-43.018852233886719;
2431858974.3601537;-41.584484100341797;
2432019230.7704101;-40.0115966796875;
2432179487.1806664;-39.345432281494141;
2432339743.5909228;-37.464389801025391;
2432500000.0011792;-36.400527954101563;
2432660256.4114356;-35.140640258789063;
2432820512.8216925;-34.443088531494141;
2432980769.2319489;-33.271953582763672;
2433141025.6422052;-32.526611328125;
2433301282.0524616;-31.441755294799805;
2433461538.462718;-31.029287338256836;
2433621794.8729744;-30.559484481811523;
2433782051.2832308;-30.303936004638672;
2433942307.6934872;-29.977466583251953;
2434102564.1037436;-29.957460403442383;
2434262820.5139999;-30.058603286743164;
2434423076.9242563;-30.459470748901367;
2434583333.3345127;-30.651994705200195;
2434743589.7447691;-31.443571090698242;
2434903846.1550255;-32.020484924316406;
2435064102.5652819;-32.950401306152344;
2435224358.9755383;-33.596553802490234;
2435384615.3857946;-34.708194732666016;
2435544871.796051;-35.578357696533203;
2435705128.2063074;-37.370693206787109;
2435865384.6165643;-38.061691284179688;
2436025641.0268207;-39.532573699951172;
2436185897.437077;-40.30450439453125;
2436346153.8473334;-41.961174011230469;
2436506410.2575898;-43.586139678955078;
2436666666.6678462;-44.663738250732422;
2436826923.0781026;-45.923366546630859;
2436987179.488359;-46.900959014892578;
2437147435.8986154;-48.550296783447266;
2437307692.3088717;-50.110446929931641;
2437467948.7191281;-51.467861175537109;
2437628205.1293845;-52.380687713623047;
2437788461.5396409;-53.866355895996094;
2437948717.9498973;-55.044418334960938;
2438108974.3601537;-56.969478607177734;
2438269230.7704101;-57.897758483886719;
2438429487.1806664;-59.291851043701172;
2438589743.5909228;-60.290634155273437;
2438750000.0011792;-61.871223449707031;
2438910256.4114356;-63.767005920410156;
2439070512.8216925;-64.717971801757812;
2439230769.2319489;-66.380996704101563;
2439391025.6422052;-67.323844909667969;
2439551282.0524616;-69.508567810058594;
2439711538.462718;-71.361900329589844;
2439871794.8729744;-73.058692932128906;
2440032051.2832308;-74.447372436523438;
2440192307.6934872;-76.047447204589844;
2440352564.1037436;-78.009773254394531;
2440512820.5139999;-80.289688110351563;
2440673076.9242563;-81.318000793457031;
2440833333.3345127;-82.563858032226563;
2440993589.7447691;-83.415260314941406;
2441153846.1550255;-84.188545227050781;
2441314102.5652819;-84.900375366210938;
2441474358.9755383;-85.114410400390625;
2441634615.3857946;-85.333213806152344;
2441794871.796051;-85.450225830078125;
2441955128.2063074;-85.565109252929688;
2442115384.6165643;-85.622146606445313;
2442275641.0268207;-85.689125061035156;
2442435897.437077;-85.702629089355469;
2442596153.8473334;-85.702613830566406;
2442756410.2575898;-85.716110229492188;
2442916666.6678462;-85.698760986328125;
2443076923.0781026;-85.7103271484375;
2443237179.488359;-85.712257385253906;
2443397435.8986154;-85.719963073730469;
2443557692.3088717;-85.692901611328125;
2443717948.7191281;-85.477790832519531;
2443878205.1293845;-85.25048828125;
2444038461.5396409;-85.477981567382813;
2444198717.9498973;-85.61260986328125;
2444358974.3601537;-85.710304260253906;
2444519230.7704101;-85.694892883300781;
2444679487.1806664;-85.704551696777344;
2444839743.5909228;-85.689437866210938;
2445000000.0011792;-85.698760986328125;
2445160256.4114356;-85.662216186523438;
2445320512.8216925;-85.622154235839844;
2445480769.2319489;-85.475883483886719;
2445641025.6422052;-84.744651794433594;
2445801282.0524616;-84.244224548339844;
2445961538.462718;-85.2415771484375;
2446121794.8729744;-85.561058044433594;
2446282051.2832308;-85.576240539550781;
2446442307.6934872;-85.574417114257813;
2446602564.1037436;-85.69683837890625;
2446762820.5139999;-85.719963073730469;
2446923076.9242563;-85.727676391601563;
2447083333.3345127;-85.748908996582031;
2447243589.7447691;-85.712249755859375;
2447403846.1550255;-85.766380310058594;
2447564102.5652819;-85.752792358398437;
2447724358.9755383;-85.712265014648437;
2447884615.3857946;-85.729606628417969;
2448044871.796051;-85.752830505371094;
2448205128.2063074;-85.619796752929688;
2448365384.6165643;-85.008712768554688;
2448525641.0268207;-85.540130615234375;
2448685897.437077;-85.718017578125;
2448846153.8473334;-85.727676391601563;
2449006410.2575898;-85.716117858886719;
2449166666.6678462;-85.704521179199219;
2449326923.0781026;-85.71990966796875;
2449487179.488359;-85.696846008300781;
2449647435.8986154;-85.689140319824219;
2449807692.3088717;-85.731521606445312;
2449967948.7191281;-85.783859252929688;
2450128205.1293845;-85.7547607421875;
2450288461.5396409;-85.733489990234375;
2450448717.9498973;-85.747016906738281;
2450608974.3601537;-85.725753784179688;
2450769230.7704101;-85.743141174316406;
2450929487.1806664;-85.72381591796875;
2451089743.5909228;-85.7412109375;
2451250000.0011792;-85.718040466308594;
2451410256.4114356;-85.718040466308594;
2451570512.8216925;-85.716102600097656;
2451730769.2319489;-85.760566711425781;
2451891025.6422052;-85.797462463378906;
2452051282.0524616;-85.802452087402344;
2452211538.462718;-85.737892150878906;
2452371794.8729744;-85.719741821289063;
2452532051.2832308;-85.762496948242188;
2452692307.6934872;-85.799400329589844;
2452852564.1037436;-85.820854187011719;
2453012820.5139999;-85.785804748535156;
2453173076.9242563;-85.764274597167969;
2453333333.3345127;-85.65069580078125;
2453493589.7447691;-85.731559753417969;
2453653846.1550255;-85.735366821289063;
2453814102.5652819;-85.787681579589844;
2453974358.9755383;-85.731536865234375;
2454134615.3857946;-85.731483459472656;
2454294871.796051;-85.741203308105469;
2454455128.2063074;-85.73150634765625;
2454615384.6165643;-85.758453369140625;
2454775641.0268207;-85.446319580078125;
2454935897.437077;-85.349853515625;
2455096153.8473334;-85.221427917480469;
2455256410.2575898;-85.186836242675781;
2455416666.6678462;-85.197761535644531;
2455576923.0781026;-85.397987365722656;
2455737179.488359;-85.399887084960938;
2455897435.8986154;-85.452110290527344;
2456057692.3088717;-85.671623229980469;
2456217948.7191281;-85.735397338867188;
2456378205.1293845;-85.803291320800781;
2456538461.5396409;-85.750808715820313;
2456698717.9498973;-85.746994018554688;
2456858974.3601537;-85.654327392578125;
2457019230.7704101;-85.418434143066406;
2457179487.1806664;-85.483650207519531;
2457339743.5909228;-85.420280456542969;
2457500000.0011792;-85.572380065917969;
2457660256.4114356;-85.719947814941406;
2457820512.8216925;-85.745018005371094;
2457980769.2319489;-85.66412353515625;
2458141025.6422052;-85.772140502929687;
2458301282.0524616;-85.758491516113281;
2458461538.462718;-85.787712097167969;
2458621794.8729744;-85.80718994140625;
2458782051.2832308;-85.83648681640625;
2458942307.6934872;-85.807205200195313;
2459102564.1037436;-85.838424682617187;
2459262820.5139999;-85.840286254882813;
2459423076.9242563;-85.887458801269531;
2459583333.3345127;-85.873703002929687;
2459743589.7447691;-85.815010070800781;
2459903846.1550255;-85.822799682617188;
2460064102.5652819;-85.834510803222656;
2460224358.9755383;-85.887451171875;
2460384615.3857946;-85.81884765625;
2460544871.796051;-85.803306579589844;
2460705128.2063074;-85.80328369140625;
2460865384.6165643;-85.801361083984375;
2461025641.0268207;-85.814987182617188;
2461185897.437077;-85.82086181640625;
2461346153.8473334;-85.781898498535156;
2461506410.2575898;-85.832572937011719;
2461666666.6678462;-85.82281494140625;
2461826923.0781026;-85.816940307617188;
2461987179.488359;-85.814971923828125;
2462147435.8986154;-85.84625244140625;
2462307692.3088717;-85.826713562011719;
2462467948.7191281;-85.813056945800781;
2462628205.1293845;-85.81890869140625;
2462788461.5396409;-85.813056945800781;
2462948717.9498973;-85.81500244140625;
2463108974.3601537;-85.82086181640625;
2463269230.7704101;-85.840400695800781;
2463429487.1806664;-85.81500244140625;
2463589743.5909228;-85.834518432617188;
2463750000.0011792;-85.826713562011719;
2463910256.4114356;-85.832557678222656;
2464070512.8216925;-85.834526062011719;
2464230769.2319489;-85.850181579589844;
2464391025.6422052;-85.83453369140625;
2464551282.0524616;-85.818901062011719;
2464711538.462718;-85.82086181640625;
2464871794.8729744;-85.818885803222656;
2465032051.2832308;-85.81890869140625;
2465192307.6934872;-85.805259704589844;
2465352564.1037436;-85.846244812011719;
2465512820.5139999;-85.799407958984375;
2465673076.9242563;-85.824729919433594;
2465833333.3345127;-85.820846557617188;
2465993589.7447691;-85.824722290039063;
2466153846.1550255;-85.826713562011719;
2466314102.5652819;-85.79547119140625;
2466474358.9755383;-85.81109619140625;
2466634615.3857946;-85.783790588378906;
2466794871.796051;-85.809127807617188;
2466955128.2063074;-85.750755310058594;
2467115384.6165643;-85.779930114746094;
2467275641.0268207;-85.762435913085938;
2467435897.437077;-85.836479187011719;
2467596153.8473334;-85.777969360351563;
2467756410.2575898;-85.785621643066406;
2467916666.6678462;-85.801322937011719;
2468076923.0781026;-85.748641967773438;
2468237179.488359;-85.79351806640625;
2468397435.8986154;-85.735092163085938;
2468557692.3088717;-85.781875610351562;
2468717948.7191281;-85.7003173828125;
2468878205.1293845;-85.799301147460938;
2469038461.5396409;-85.644447326660156;
2469198717.9498973;-85.744697570800781;
2469358974.3601537;-85.53594970703125;
2469519230.7704101;-85.691520690917969;
2469679487.1806664;-85.469902038574219;
2469839743.5909228;-85.50128173828125;
2470000000.0011792;-85.556602478027344;
2470160256.4114356;-85.361640930175781;
2470320512.8216925;-85.499671936035156;
2470480769.2319489;-85.244270324707031;
2470641025.6422052;-85.564064025878906;
2470801282.0524616;-84.965728759765625;
2470961538.462718;-85.417312622070313;
2471121794.8729744;-84.967605590820313;
2471282051.2832308;-85.184700012207031;
2471442307.6934872;-85.129104614257813;
2471602564.1037436;-85.08978271484375;
2471762820.5139999;-85.299797058105469;
2471923076.9242563;-84.994148254394531;
2472083333.3345127;-85.486572265625;
2472243589.7447691;-85.092475891113281;
2472403846.1550255;-85.581771850585938;
2472564102.5652819;-85.122718811035156;
2472724358.9755383;-85.399787902832031;
2472884615.3857946;-85.347976684570313;
2473044871.796051;-85.44049072265625;
2473205128.2063074;-85.483039855957031;
2473365384.6165643;-85.484382629394531;
2473525641.0268207;-85.675430297851563;
2473685897.437077;-85.565879821777344;
2473846153.8473334;-85.735313415527344;
2474006410.2575898;-85.564437866210937;
2474166666.6678462;-85.698722839355469;
2474326923.0781026;-85.58648681640625;
2474487179.488359;-85.759117126464844;
2474647435.8986154;-85.702400207519531;
2474807692.3088717;-85.807182312011719;
2474967948.7191281;-85.685134887695313;
2475128205.1293845;-85.779914855957031;
2475288461.5396409;-85.677558898925781;
2475448717.9498973;-85.75457763671875;
2475608974.3601537;-85.716079711914062;
2475769230.7704101;-85.760482788085938;
2475929487.1806664;-85.750885009765625;
2476089743.5909228;-85.743049621582031;
2476250000.0011792;-85.781883239746094;
2476410256.4114356;-85.781883239746094;
2476570512.8216925;-85.816963195800781;
2476730769.2319489;-85.772125244140625;
2476891025.6422052;-85.852134704589844;
2477051282.0524616;-85.766334533691406;
2477211538.462718;-85.7257080078125;
2477371794.8729744;-85.696792602539063;
2477532051.2832308;-85.762489318847656;
2477692307.6934872;-85.770240783691406;
2477852564.1037436;-85.807136535644531;
2478012820.5139999;-85.760536193847656;
2478173076.9242563;-85.813034057617188;
2478333333.3345127;-85.850181579589844;
2478493589.7447691;-85.832557678222656;
2478653846.1550255;-85.82086181640625;
2478814102.5652819;-85.813041687011719;
2478974358.9755383;-85.82476806640625;
2479134615.3857946;-85.81304931640625;
2479294871.796051;-85.818893432617188;
2479455128.2063074;-85.779960632324219;
2479615384.6165643;-85.811103820800781;
2479775641.0268207;-85.807205200195313;
2479935897.437077;-85.8677978515625;
2480096153.8473334;-85.848220825195313;
2480256410.2575898;-85.84039306640625;
2480416666.6678462;-85.824760437011719;
2480576923.0781026;-85.832572937011719;
2480737179.488359;-85.82086181640625;
2480897435.8986154;-85.840385437011719;
2481057692.3088717;-85.832572937011719;
2481217948.7191281;-85.840385437011719;
2481378205.1293845;-85.846267700195313;
2481538461.5396409;-85.838417053222656;
2481698717.9498973;-85.82476806640625;
2481858974.3601537;-85.820846557617188;
2482019230.7704101;-85.899261474609375;
2482179487.1806664;-85.907150268554688;
2482339743.5909228;-85.905143737792969;
2482500000.0011792;-85.844306945800781;
2482660256.4114356;-85.826713562011719;
2482820512.8216925;-85.81500244140625;
2482980769.2319489;-85.82281494140625;
2483141025.6422052;-85.846267700195313;
2483301282.0524616;-85.836479187011719;
2483461538.462718;-85.882682800292969;
2483621794.8729744;-85.828437805175781;
2483782051.2832308;-85.849052429199219;
2483942307.6934872;-85.84429931640625;
2484102564.1037436;-85.822807312011719;
2484262820.5139999;-85.826713562011719;
