Type;ESU;
Version;4.43;
Date;03.Jun 16;
Mode;ANALYZER;
Center Freq;2434262820.514000;Hz
Freq Offset;0.000000;Hz
Span;100000000.000000;Hz
x-Axis;LIN;
Start;2384262820.514000;Hz
Stop;2484262820.514000;Hz
Ref Level;-9.000000;dBm
Level Offset;0.000000;dB
Ref Position;100.000000;%
y-Axis;LOG;
Level Range;100.000000;dB
Rf Att;5.000000;dB
RBW;2000000.000000;Hz
VBW;50.000000;Hz
SWT;2.500000;s
Trace Mode;CLR/WRITE;
Detector;RMS;
Sweep Count;0;
Trace 1:;;
x-Unit;Hz;
y-Unit;dBm;
Values;625;
2384262820.5139999;-85.681655883789063;
2384423076.9242563;-85.712265014648437;
2384583333.3345127;-85.704551696777344;
2384743589.7447691;-85.7296142578125;
2384903846.1550255;-85.708404541015625;
2385064102.5652819;-85.689163208007813;
2385224358.9755383;-85.70648193359375;
2385384615.3857946;-85.708404541015625;
2385544871.796051;-85.689155578613281;
2385705128.2063074;-85.698776245117188;
2385865384.6165643;-85.706474304199219;
2386025641.0268207;-85.721885681152344;
2386185897.437077;-85.718025207519531;
2386346153.8473334;-85.67376708984375;
2386506410.2575898;-85.627876281738281;
2386666666.6678462;-85.639320373535156;
2386826923.0781026;-85.679557800292969;
2386987179.488359;-85.67572021484375;
2387147435.8986154;-85.708389282226563;
2387307692.3088717;-85.700698852539063;
2387467948.7191281;-85.692955017089844;
2387628205.1293845;-85.641242980957031;
2387788461.5396409;-85.658416748046875;
2387948717.9498973;-85.70648193359375;
2388108974.3601537;-85.689155578613281;
2388269230.7704101;-85.637397766113281;
2388429487.1806664;-85.6929931640625;
2388589743.5909228;-85.67572021484375;
2388750000.0011792;-85.696853637695313;
2388910256.4114356;-85.70648193359375;
2389070512.8216925;-85.689155578613281;
2389230769.2319489;-85.648818969726563;
2389391025.6422052;-85.700706481933594;
2389551282.0524616;-85.658447265625;
2389711538.462718;-85.633560180664063;
2389871794.8729744;-85.625961303710938;
2390032051.2832308;-85.645065307617188;
2390192307.6934872;-85.6202392578125;
2390352564.1037436;-85.618309020996094;
2390512820.5139999;-85.63726806640625;
2390673076.9242563;-85.67181396484375;
2390833333.3345127;-85.637413024902344;
2390993589.7447691;-85.612579345703125;
2391153846.1550255;-85.648880004882813;
2391314102.5652819;-85.616432189941406;
2391474358.9755383;-85.622116088867188;
2391634615.3857946;-85.587799072265625;
2391794871.796051;-85.614402770996094;
2391955128.2063074;-85.563179016113281;
2392115384.6165643;-85.547760009765625;
2392275641.0268207;-85.563133239746094;
2392435897.437077;-85.507957458496094;
2392596153.8473334;-85.555572509765625;
2392756410.2575898;-85.464576721191406;
2392916666.6678462;-85.557449340820313;
2393076923.0781026;-85.367439270019531;
2393237179.488359;-85.513992309570313;
2393397435.8986154;-85.3160400390625;
2393557692.3088717;-85.475814819335938;
2393717948.7191281;-85.22393798828125;
2393878205.1293845;-85.328659057617188;
2394038461.5396409;-85.356864929199219;
2394198717.9498973;-85.207260131835938;
2394358974.3601537;-85.37158203125;
2394519230.7704101;-85.1883544921875;
2394679487.1806664;-85.466949462890625;
2394839743.5909228;-85.218780517578125;
2395000000.0011792;-85.459541320800781;
2395160256.4114356;-85.259025573730469;
2395320512.8216925;-85.50433349609375;
2395480769.2319489;-85.29754638671875;
2395641025.6422052;-85.498397827148438;
2395801282.0524616;-85.364173889160156;
2395961538.462718;-85.488853454589844;
2396121794.8729744;-85.447959899902344;
2396282051.2832308;-85.509773254394531;
2396442307.6934872;-85.489570617675781;
2396602564.1037436;-85.495002746582031;
2396762820.5139999;-85.482002258300781;
2396923076.9242563;-85.474388122558594;
2397083333.3345127;-85.557479858398437;
2397243589.7447691;-85.534698486328125;
2397403846.1550255;-85.572685241699219;
2397564102.5652819;-85.495185852050781;
2397724358.9755383;-85.582168579101563;
2397884615.3857946;-85.523521423339844;
2398044871.796051;-85.576393127441406;
2398205128.2063074;-85.557487487792969;
2398365384.6165643;-85.570709228515625;
2398525641.0268207;-85.517875671386719;
2398685897.437077;-85.493385314941406;
2398846153.8473334;-85.532966613769531;
2399006410.2575898;-85.510307312011719;
2399166666.6678462;-85.565116882324219;
2399326923.0781026;-85.566978454589844;
2399487179.488359;-85.587844848632813;
2399647435.8986154;-85.553756713867187;
2399807692.3088717;-85.593536376953125;
2399967948.7191281;-85.587867736816406;
2400128205.1293845;-85.599258422851562;
2400288461.5396409;-85.619422912597656;
2400448717.9498973;-85.604927062988281;
2400608974.3601537;-85.517868041992188;
2400769230.7704101;-85.500930786132812;
2400929487.1806664;-85.521644592285156;
2401089743.5909228;-85.527297973632813;
2401250000.0011792;-85.515983581542969;
2401410256.4114356;-85.491500854492188;
2401570512.8216925;-85.534843444824219;
2401730769.2319489;-85.512184143066406;
2401891025.6422052;-85.567008972167969;
2402051282.0524616;-85.574600219726563;
2402211538.462718;-85.616416931152344;
2402371794.8729744;-85.591690063476563;
2402532051.2832308;-85.597373962402344;
2402692307.6934872;-85.529190063476563;
2402852564.1037436;-85.515983581542969;
2403012820.5139999;-85.512214660644531;
2403173076.9242563;-85.563194274902344;
2403333333.3345127;-85.587882995605469;
2403493589.7447691;-85.601188659667969;
2403653846.1550255;-85.568901062011719;
2403814102.5652819;-85.608802795410156;
2403974358.9755383;-85.591690063476563;
2404134615.3857946;-85.610710144042969;
2404294871.796051;-85.595466613769531;
2404455128.2063074;-85.555618286132813;
2404615384.6165643;-85.578384399414063;
2404775641.0268207;-85.618339538574219;
2404935897.437077;-85.616432189941406;
2405096153.8473334;-85.587882995605469;
2405256410.2575898;-85.599266052246094;
2405416666.6678462;-85.595466613769531;
2405576923.0781026;-85.629768371582031;
2405737179.488359;-85.610710144042969;
2405897435.8986154;-85.622146606445313;
2406057692.3088717;-85.618339538574219;
2406217948.7191281;-85.624053955078125;
2406378205.1293845;-85.631690979003906;
2406538461.5396409;-85.620246887207031;
2406698717.9498973;-85.620246887207031;
2406858974.3601537;-85.618339538574219;
2407019230.7704101;-85.625961303710938;
2407179487.1806664;-85.622146606445313;
2407339743.5909228;-85.612586975097656;
2407500000.0011792;-85.652717590332031;
2407660256.4114356;-85.62786865234375;
2407820512.8216925;-85.631675720214844;
2407980769.2319489;-85.681480407714844;
2408141025.6422052;-85.671821594238281;
2408301282.0524616;-85.620246887207031;
2408461538.462718;-85.631675720214844;
2408621794.8729744;-85.612617492675781;
2408782051.2832308;-85.650794982910156;
2408942307.6934872;-85.631675720214844;
2409102564.1037436;-85.620246887207031;
2409262820.5139999;-85.616432189941406;
2409423076.9242563;-85.624053955078125;
2409583333.3345127;-85.622154235839844;
2409743589.7447691;-85.6202392578125;
2409903846.1550255;-85.620231628417969;
2410064102.5652819;-85.614517211914062;
2410224358.9755383;-85.637428283691406;
2410384615.3857946;-85.624053955078125;
2410544871.796051;-85.610710144042969;
2410705128.2063074;-85.620246887207031;
2410865384.6165643;-85.625968933105469;
2411025641.0268207;-85.6107177734375;
2411185897.437077;-85.646965026855469;
2411346153.8473334;-85.612617492675781;
2411506410.2575898;-85.620407104492187;
2411666666.6678462;-85.624061584472656;
2411826923.0781026;-85.637413024902344;
2411987179.488359;-85.620246887207031;
2412147435.8986154;-85.621604919433594;
2412307692.3088717;-85.616432189941406;
2412467948.7191281;-85.624053955078125;
2412628205.1293845;-85.639305114746094;
2412788461.5396409;-85.679542541503906;
2412948717.9498973;-85.641242980957031;
2413108974.3601537;-85.620246887207031;
2413269230.7704101;-85.643157958984375;
2413429487.1806664;-85.648895263671875;
2413589743.5909228;-85.6202392578125;
2413750000.0011792;-85.620246887207031;
2413910256.4114356;-85.622154235839844;
2414070512.8216925;-85.614517211914062;
2414230769.2319489;-85.635513305664063;
2414391025.6422052;-85.635513305664063;
2414551282.0524616;-85.641250610351563;
2414711538.462718;-85.621604919433594;
2414871794.8729744;-85.622146606445313;
2415032051.2832308;-85.637413024902344;
2415192307.6934872;-85.673797607421875;
2415352564.1037436;-85.633567810058594;
2415512820.5139999;-85.664215087890625;
2415673076.9242563;-85.669967651367188;
2415833333.3345127;-85.643150329589844;
2415993589.7447691;-85.618339538574219;
2416153846.1550255;-85.629783630371094;
2416314102.5652819;-85.622146606445313;
2416474358.9755383;-85.637420654296875;
2416634615.3857946;-85.624061584472656;
2416794871.796051;-85.635513305664063;
2416955128.2063074;-85.627861022949219;
2417115384.6165643;-85.685043334960938;
2417275641.0268207;-85.673797607421875;
2417435897.437077;-85.660385131835938;
2417596153.8473334;-85.637420654296875;
2417756410.2575898;-85.639328002929688;
2417916666.6678462;-85.620246887207031;
2418076923.0781026;-85.620246887207031;
2418237179.488359;-85.631690979003906;
2418397435.8986154;-85.620246887207031;
2418557692.3088717;-85.62786865234375;
2418717948.7191281;-85.633590698242188;
2418878205.1293845;-85.650764465332031;
2419038461.5396409;-85.679527282714844;
2419198717.9498973;-85.610694885253906;
2419358974.3601537;-85.61285400390625;
2419519230.7704101;-85.633598327636719;
2419679487.1806664;-85.637420654296875;
2419839743.5909228;-85.624061584472656;
2420000000.0011792;-85.603096008300781;
2420160256.4114356;-85.603096008300781;
2420320512.8216925;-85.616378784179688;
2420480769.2319489;-85.660369873046875;
2420641025.6422052;-85.622154235839844;
2420801282.0524616;-85.625946044921875;
2420961538.462718;-85.629776000976563;
2421121794.8729744;-85.637420654296875;
2421282051.2832308;-85.616424560546875;
2421442307.6934872;-85.60418701171875;
2421602564.1037436;-85.618331909179687;
2421762820.5139999;-85.616424560546875;
2421923076.9242563;-85.622146606445313;
2422083333.3345127;-85.616432189941406;
2422243589.7447691;-85.584091186523438;
2422403846.1550255;-85.610710144042969;
2422564102.5652819;-85.643142700195313;
2422724358.9755383;-85.629776000976563;
2422884615.3857946;-85.629783630371094;
2423044871.796051;-85.622138977050781;
2423205128.2063074;-85.668037414550781;
2423365384.6165643;-85.689437866210938;
2423525641.0268207;-85.679557800292969;
2423685897.437077;-85.650810241699219;
2423846153.8473334;-85.633575439453125;
2424006410.2575898;-85.616416931152344;
2424166666.6678462;-85.668045043945313;
2424326923.0781026;-85.641242980957031;
2424487179.488359;-85.62786865234375;
2424647435.8986154;-85.624046325683594;
2424807692.3088717;-85.637397766113281;
2424967948.7191281;-85.625961303710938;
2425128205.1293845;-85.635482788085937;
2425288461.5396409;-85.654632568359375;
2425448717.9498973;-85.629776000976563;
2425608974.3601537;-85.641242980957031;
2425769230.7704101;-85.633598327636719;
2425929487.1806664;-85.622154235839844;
2426089743.5909228;-85.616409301757812;
2426250000.0011792;-85.624053955078125;
2426410256.4114356;-85.531044006347656;
2426570512.8216925;-85.529045104980469;
2426730769.2319489;-85.420249938964844;
2426891025.6422052;-85.420562744140625;
2427051282.0524616;-85.2833251953125;
2427211538.462718;-84.875625610351563;
2427371794.8729744;-84.788162231445313;
2427532051.2832308;-83.982490539550781;
2427692307.6934872;-84.311492919921875;
2427852564.1037436;-82.123756408691406;
2428012820.5139999;-82.944686889648437;
2428173076.9242563;-80.049461364746094;
2428333333.3345127;-80.891487121582031;
2428493589.7447691;-77.282600402832031;
2428653846.1550255;-77.845680236816406;
2428814102.5652819;-73.004936218261719;
2428974358.9755383;-73.559043884277344;
2429134615.3857946;-69.580787658691406;
2429294871.796051;-68.471542358398437;
2429455128.2063074;-66.340278625488281;
2429615384.6165643;-63.591880798339844;
2429775641.0268207;-63.036502838134766;
2429935897.437077;-60.371360778808594;
2430096153.8473334;-60.303367614746094;
2430256410.2575898;-56.551662445068359;
2430416666.6678462;-56.300590515136719;
2430576923.0781026;-53.305042266845703;
2430737179.488359;-53.572357177734375;
2430897435.8986154;-50.619693756103516;
2431057692.3088717;-49.227066040039063;
2431217948.7191281;-47.329444885253906;
2431378205.1293845;-46.267360687255859;
2431538461.5396409;-44.871807098388672;
2431698717.9498973;-43.304096221923828;
2431858974.3601537;-42.089935302734375;
2432019230.7704101;-39.931838989257813;
2432179487.1806664;-39.663021087646484;
2432339743.5909228;-37.700038909912109;
2432500000.0011792;-37.453422546386719;
2432660256.4114356;-35.237289428710937;
2432820512.8216925;-34.707313537597656;
2432980769.2319489;-33.607337951660156;
2433141025.6422052;-33.038242340087891;
2433301282.0524616;-32.219139099121094;
2433461538.462718;-31.457895278930664;
2433621794.8729744;-31.031274795532227;
2433782051.2832308;-30.84300422668457;
2433942307.6934872;-30.67097282409668;
2434102564.1037436;-30.73615837097168;
2434262820.5139999;-30.697832107543945;
2434423076.9242563;-31.172870635986328;
2434583333.3345127;-31.471288681030273;
2434743589.7447691;-32.202861785888672;
2434903846.1550255;-32.621692657470703;
2435064102.5652819;-33.925827026367188;
2435224358.9755383;-34.613052368164062;
2435384615.3857946;-35.829593658447266;
2435544871.796051;-36.568675994873047;
2435705128.2063074;-37.872268676757812;
2435865384.6165643;-39.253574371337891;
2436025641.0268207;-40.682781219482422;
2436185897.437077;-41.828445434570312;
2436346153.8473334;-42.909740447998047;
2436506410.2575898;-44.257518768310547;
2436666666.6678462;-45.765949249267578;
2436826923.0781026;-47.491729736328125;
2436987179.488359;-48.361534118652344;
2437147435.8986154;-49.876491546630859;
2437307692.3088717;-50.727996826171875;
2437467948.7191281;-52.793411254882812;
2437628205.1293845;-53.984748840332031;
2437788461.5396409;-55.376895904541016;
2437948717.9498973;-56.442821502685547;
2438108974.3601537;-57.770656585693359;
2438269230.7704101;-59.362079620361328;
2438429487.1806664;-60.950370788574219;
2438589743.5909228;-61.942005157470703;
2438750000.0011792;-63.445106506347656;
2438910256.4114356;-64.444999694824219;
2439070512.8216925;-66.512229919433594;
2439230769.2319489;-68.069869995117187;
2439391025.6422052;-69.335197448730469;
2439551282.0524616;-70.886001586914063;
2439711538.462718;-72.173583984375;
2439871794.8729744;-74.506240844726563;
2440032051.2832308;-76.26617431640625;
2440192307.6934872;-77.875274658203125;
2440352564.1037436;-79.19873046875;
2440512820.5139999;-80.849563598632812;
2440673076.9242563;-82.437820434570313;
2440833333.3345127;-83.737045288085938;
2440993589.7447691;-84.278900146484375;
2441153846.1550255;-84.718589782714844;
2441314102.5652819;-85.052932739257813;
2441474358.9755383;-85.349662780761719;
2441634615.3857946;-85.512214660644531;
2441794871.796051;-85.559402465820313;
2441955128.2063074;-85.620246887207031;
2442115384.6165643;-85.629783630371094;
2442275641.0268207;-85.669906616210937;
2442435897.437077;-85.716110229492188;
2442596153.8473334;-85.727684020996094;
2442756410.2575898;-85.725761413574219;
2442916666.6678462;-85.710334777832031;
2443076923.0781026;-85.719970703125;
2443237179.488359;-85.729621887207031;
2443397435.8986154;-85.696846008300781;
2443557692.3088717;-85.754753112792969;
2443717948.7191281;-85.733436584472656;
2443878205.1293845;-85.727691650390625;
2444038461.5396409;-85.689140319824219;
2444198717.9498973;-85.708404541015625;
2444358974.3601537;-85.735694885253906;
2444519230.7704101;-85.691009521484375;
2444679487.1806664;-85.68914794921875;
2444839743.5909228;-85.679550170898437;
2445000000.0011792;-85.669967651367188;
2445160256.4114356;-85.658462524414062;
2445320512.8216925;-85.702621459960937;
2445480769.2319489;-85.739280700683594;
2445641025.6422052;-85.721900939941406;
2445801282.0524616;-85.712265014648437;
2445961538.462718;-85.716110229492188;
2446121794.8729744;-85.708404541015625;
2446282051.2832308;-85.704551696777344;
2446442307.6934872;-85.694931030273438;
2446602564.1037436;-85.704544067382812;
2446762820.5139999;-85.747001647949219;
2446923076.9242563;-85.799415588378906;
2447083333.3345127;-85.785804748535156;
2447243589.7447691;-85.779983520507813;
2447403846.1550255;-85.741195678710938;
2447564102.5652819;-85.716110229492188;
2447724358.9755383;-85.73541259765625;
2447884615.3857946;-85.7547607421875;
2448044871.796051;-85.789665222167969;
2448205128.2063074;-85.824752807617188;
2448365384.6165643;-85.797462463378906;
2448525641.0268207;-85.7547607421875;
2448685897.437077;-85.725753784179688;
2448846153.8473334;-85.70263671875;
2449006410.2575898;-85.741203308105469;
2449166666.6678462;-85.710334777832031;
2449326923.0781026;-85.725753784179688;
2449487179.488359;-85.766387939453125;
2449647435.8986154;-85.805259704589844;
2449807692.3088717;-85.669898986816406;
2449967948.7191281;-85.743141174316406;
2450128205.1293845;-85.731536865234375;
2450288461.5396409;-85.712265014648437;
2450448717.9498973;-85.710334777832031;
2450608974.3601537;-85.729621887207031;
2450769230.7704101;-85.691047668457031;
2450929487.1806664;-85.766326904296875;
2451089743.5909228;-85.801353454589844;
2451250000.0011792;-85.801361083984375;
2451410256.4114356;-85.799392700195313;
2451570512.8216925;-85.770271301269531;
2451730769.2319489;-85.716079711914062;
2451891025.6422052;-85.721893310546875;
2452051282.0524616;-85.737335205078125;
2452211538.462718;-85.756629943847656;
2452371794.8729744;-85.758613586425781;
2452532051.2832308;-85.707756042480469;
2452692307.6934872;-85.711418151855469;
2452852564.1037436;-85.735176086425781;
2453012820.5139999;-85.723823547363281;
2453173076.9242563;-85.692977905273438;
2453333333.3345127;-85.76055908203125;
2453493589.7447691;-85.764427185058594;
2453653846.1550255;-85.696578979492188;
2453814102.5652819;-85.484939575195313;
2453974358.9755383;-85.470817565917969;
2454134615.3857946;-85.435302734375;
2454294871.796051;-85.60870361328125;
2454455128.2063074;-85.731513977050781;
2454615384.6165643;-85.702613830566406;
2454775641.0268207;-85.710273742675781;
2454935897.437077;-85.718017578125;
2455096153.8473334;-85.750885009765625;
2455256410.2575898;-85.700660705566406;
2455416666.6678462;-85.752799987792969;
2455576923.0781026;-85.768318176269531;
2455737179.488359;-85.727676391601563;
2455897435.8986154;-85.70257568359375;
2456057692.3088717;-85.81304931640625;
2456217948.7191281;-85.675308227539063;
2456378205.1293845;-85.414604187011719;
2456538461.5396409;-85.556686401367188;
2456698717.9498973;-85.731521606445312;
2456858974.3601537;-85.698661804199219;
2457019230.7704101;-85.282600402832031;
2457179487.1806664;-85.468070983886719;
2457339743.5909228;-85.563072204589844;
2457500000.0011792;-85.735313415527344;
2457660256.4114356;-85.776016235351563;
2457820512.8216925;-85.799407958984375;
2457980769.2319489;-85.623886108398438;
2458141025.6422052;-85.764404296875;
2458301282.0524616;-85.779983520507813;
2458461538.462718;-85.80718994140625;
2458621794.8729744;-85.836463928222656;
2458782051.2832308;-85.80328369140625;
2458942307.6934872;-85.777992248535156;
2459102564.1037436;-85.772132873535156;
2459262820.5139999;-85.716094970703125;
2459423076.9242563;-85.694862365722656;
2459583333.3345127;-85.669967651367188;
2459743589.7447691;-85.650810241699219;
2459903846.1550255;-85.683364868164062;
2460064102.5652819;-85.694915771484375;
2460224358.9755383;-85.716117858886719;
2460384615.3857946;-85.714179992675781;
2460544871.796051;-85.746971130371094;
2460705128.2063074;-85.795509338378906;
2460865384.6165643;-85.803306579589844;
2461025641.0268207;-85.809135437011719;
2461185897.437077;-85.830596923828125;
2461346153.8473334;-85.818885803222656;
2461506410.2575898;-85.793533325195313;
2461666666.6678462;-85.772193908691406;
2461826923.0781026;-85.787742614746094;
2461987179.488359;-85.81890869140625;
2462147435.8986154;-85.777976989746094;
2462307692.3088717;-85.828651428222656;
2462467948.7191281;-85.807136535644531;
2462628205.1293845;-85.826713562011719;
2462788461.5396409;-85.799400329589844;
2462948717.9498973;-85.80718994140625;
2463108974.3601537;-85.74505615234375;
2463269230.7704101;-85.807205200195313;
2463429487.1806664;-85.781883239746094;
2463589743.5909228;-85.814933776855469;
2463750000.0011792;-85.807182312011719;
2463910256.4114356;-85.816932678222656;
2464070512.8216925;-85.83453369140625;
2464230769.2319489;-85.826683044433594;
2464391025.6422052;-85.8638916015625;
2464551282.0524616;-85.83050537109375;
2464711538.462718;-85.887443542480469;
2464871794.8729744;-85.801223754882812;
2465032051.2832308;-85.816947937011719;
2465192307.6934872;-85.762466430664063;
2465352564.1037436;-85.81695556640625;
2465512820.5139999;-85.719940185546875;
2465673076.9242563;-85.766334533691406;
2465833333.3345127;-85.799400329589844;
2465993589.7447691;-85.80712890625;
2466153846.1550255;-85.727676391601563;
2466314102.5652819;-85.789642333984375;
2466474358.9755383;-85.818840026855469;
2466634615.3857946;-85.764328002929687;
2466794871.796051;-85.787727355957031;
2466955128.2063074;-85.748893737792969;
2467115384.6165643;-85.810981750488281;
2467275641.0268207;-85.781875610351562;
2467435897.437077;-85.801261901855469;
2467596153.8473334;-85.789596557617187;
2467756410.2575898;-85.809043884277344;
2467916666.6678462;-85.774070739746094;
2468076923.0781026;-85.77191162109375;
2468237179.488359;-85.758575439453125;
2468397435.8986154;-85.758293151855469;
2468557692.3088717;-85.809074401855469;
2468717948.7191281;-85.731040954589844;
2468878205.1293845;-85.754684448242187;
2469038461.5396409;-85.71954345703125;
2469198717.9498973;-85.770118713378906;
2469358974.3601537;-85.711799621582031;
2469519230.7704101;-85.793487548828125;
2469679487.1806664;-85.625282287597656;
2469839743.5909228;-85.779754638671875;
2470000000.0011792;-85.585411071777344;
2470160256.4114356;-85.752685546875;
2470320512.8216925;-85.481269836425781;
2470480769.2319489;-85.706024169921875;
2470641025.6422052;-85.443557739257813;
2470801282.0524616;-85.626853942871094;
2470961538.462718;-85.566177368164062;
2471121794.8729744;-85.560722351074219;
2471282051.2832308;-85.342262268066406;
2471442307.6934872;-85.410842895507813;
2471602564.1037436;-85.405868530273438;
2471762820.5139999;-85.376838684082031;
2471923076.9242563;-85.448699951171875;
2472083333.3345127;-85.2982177734375;
2472243589.7447691;-85.539558410644531;
2472403846.1550255;-85.273727416992188;
2472564102.5652819;-85.600677490234375;
2472724358.9755383;-85.303855895996094;
2472884615.3857946;-85.665786743164063;
2473044871.796051;-85.400543212890625;
2473205128.2063074;-85.6810302734375;
2473365384.6165643;-85.469764709472656;
2473525641.0268207;-85.688743591308594;
2473685897.437077;-85.606483459472656;
2473846153.8473334;-85.693267822265625;
2474006410.2575898;-85.644401550292969;
2474166666.6678462;-85.647102355957031;
2474326923.0781026;-85.7254638671875;
2474487179.488359;-85.735054016113281;
2474647435.8986154;-85.809120178222656;
2474807692.3088717;-85.733108520507813;
2474967948.7191281;-85.809059143066406;
2475128205.1293845;-85.731330871582031;
2475288461.5396409;-85.811080932617188;
2475448717.9498973;-85.746910095214844;
2475608974.3601537;-85.824745178222656;
2475769230.7704101;-85.758621215820313;
2475929487.1806664;-85.793472290039063;
2476089743.5909228;-85.743110656738281;
2476250000.0011792;-85.797416687011719;
2476410256.4114356;-85.82476806640625;
2476570512.8216925;-85.78570556640625;
2476730769.2319489;-85.836463928222656;
2476891025.6422052;-85.805198669433594;
2477051282.0524616;-85.81890869140625;
2477211538.462718;-85.774085998535156;
2477371794.8729744;-85.822784423828125;
2477532051.2832308;-85.803276062011719;
2477692307.6934872;-85.887466430664063;
2477852564.1037436;-85.846221923828125;
2478012820.5139999;-85.87567138671875;
2478173076.9242563;-85.834510803222656;
2478333333.3345127;-85.84820556640625;
2478493589.7447691;-85.783805847167969;
2478653846.1550255;-85.848182678222656;
2478814102.5652819;-85.832534790039063;
2478974358.9755383;-85.844291687011719;
2479134615.3857946;-85.879592895507813;
2479294871.796051;-85.875625610351563;
2479455128.2063074;-85.834518432617188;
2479615384.6165643;-85.808860778808594;
2479775641.0268207;-85.813026428222656;
2479935897.437077;-85.842323303222656;
2480096153.8473334;-85.83453369140625;
2480256410.2575898;-85.81500244140625;
2480416666.6678462;-85.826713562011719;
2480576923.0781026;-85.832572937011719;
2480737179.488359;-85.873703002929687;
2480897435.8986154;-85.881546020507813;
2481057692.3088717;-85.897300720214844;
2481217948.7191281;-85.844306945800781;
2481378205.1293845;-85.81890869140625;
2481538461.5396409;-85.82476806640625;
2481698717.9498973;-85.822807312011719;
2481858974.3601537;-85.865837097167969;
2482019230.7704101;-85.893356323242187;
2482179487.1806664;-85.838424682617187;
2482339743.5909228;-85.838424682617187;
2482500000.0011792;-85.867820739746094;
2482660256.4114356;-85.865852355957031;
2482820512.8216925;-85.869773864746094;
2482980769.2319489;-85.897285461425781;
2483141025.6422052;-85.915016174316406;
2483301282.0524616;-85.875953674316406;
2483461538.462718;-85.830619812011719;
2483621794.8729744;-85.826713562011719;
2483782051.2832308;-85.822807312011719;
2483942307.6934872;-85.82476806640625;
2484102564.1037436;-85.82867431640625;
2484262820.5139999;-85.861930847167969;
