Type;ESU;
Version;4.43;
Date;03.Jun 16;
Mode;ANALYZER;
Center Freq;2434262820.514000;Hz
Freq Offset;0.000000;Hz
Span;100000000.000000;Hz
x-Axis;LIN;
Start;2384262820.514000;Hz
Stop;2484262820.514000;Hz
Ref Level;-9.000000;dBm
Level Offset;0.000000;dB
Ref Position;100.000000;%
y-Axis;LOG;
Level Range;100.000000;dB
Rf Att;5.000000;dB
RBW;2000000.000000;Hz
VBW;50.000000;Hz
SWT;2.500000;s
Trace Mode;CLR/WRITE;
Detector;RMS;
Sweep Count;0;
Trace 1:;;
x-Unit;Hz;
y-Unit;dBm;
Values;625;
2384262820.5139999;-85.81109619140625;
2384423076.9242563;-85.822807312011719;
2384583333.3345127;-85.813056945800781;
2384743589.7447691;-85.777999877929688;
2384903846.1550255;-85.718048095703125;
2385064102.5652819;-85.706474304199219;
2385224358.9755383;-85.727691650390625;
2385384615.3857946;-85.718040466308594;
2385544871.796051;-85.721900939941406;
2385705128.2063074;-85.758613586425781;
2385865384.6165643;-85.766349792480469;
2386025641.0268207;-85.752815246582031;
2386185897.437077;-85.739273071289063;
2386346153.8473334;-85.723823547363281;
2386506410.2575898;-85.760574340820313;
2386666666.6678462;-85.723831176757813;
2386826923.0781026;-85.687217712402344;
2386987179.488359;-85.70452880859375;
2387147435.8986154;-85.692985534667969;
2387307692.3088717;-85.714149475097656;
2387467948.7191281;-85.691085815429687;
2387628205.1293845;-85.735404968261719;
2387788461.5396409;-85.731552124023438;
2387948717.9498973;-85.693000793457031;
2388108974.3601537;-85.721885681152344;
2388269230.7704101;-85.704551696777344;
2388429487.1806664;-85.721450805664063;
2388589743.5909228;-85.713638305664063;
2388750000.0011792;-85.687232971191406;
2388910256.4114356;-85.748931884765625;
2389070512.8216925;-85.71990966796875;
2389230769.2319489;-85.712890625;
2389391025.6422052;-85.645614624023438;
2389551282.0524616;-85.649734497070313;
2389711538.462718;-85.695991516113281;
2389871794.8729744;-85.685211181640625;
2390032051.2832308;-85.699188232421875;
2390192307.6934872;-85.645515441894531;
2390352564.1037436;-85.687179565429687;
2390512820.5139999;-85.621429443359375;
2390673076.9242563;-85.688926696777344;
2390833333.3345127;-85.570732116699219;
2390993589.7447691;-85.634651184082031;
2391153846.1550255;-85.549705505371094;
2391314102.5652819;-85.558067321777344;
2391474358.9755383;-85.576805114746094;
2391634615.3857946;-85.536445617675781;
2391794871.796051;-85.601150512695312;
2391955128.2063074;-85.423904418945313;
2392115384.6165643;-85.539100646972656;
2392275641.0268207;-85.375717163085938;
2392435897.437077;-85.597557067871094;
2392596153.8473334;-85.323348999023437;
2392756410.2575898;-85.472694396972656;
2392916666.6678462;-85.348892211914063;
2393076923.0781026;-85.348175048828125;
2393237179.488359;-85.401473999023438;
2393397435.8986154;-85.242103576660156;
2393557692.3088717;-85.455169677734375;
2393717948.7191281;-85.204887390136719;
2393878205.1293845;-85.528076171875;
2394038461.5396409;-85.212913513183594;
2394198717.9498973;-85.469749450683594;
2394358974.3601537;-85.288337707519531;
2394519230.7704101;-85.35467529296875;
2394679487.1806664;-85.360198974609375;
2394839743.5909228;-85.386558532714844;
2395000000.0011792;-85.457359313964844;
2395160256.4114356;-85.341293334960937;
2395320512.8216925;-85.536666870117188;
2395480769.2319489;-85.392120361328125;
2395641025.6422052;-85.595222473144531;
2395801282.0524616;-85.408721923828125;
2395961538.462718;-85.530158996582031;
2396121794.8729744;-85.478103637695313;
2396282051.2832308;-85.481147766113281;
2396442307.6934872;-85.555557250976562;
2396602564.1037436;-85.47418212890625;
2396762820.5139999;-85.580245971679688;
2396923076.9242563;-85.500633239746094;
2397083333.3345127;-85.597389221191406;
2397243589.7447691;-85.52154541015625;
2397403846.1550255;-85.61041259765625;
2397564102.5652819;-85.529045104980469;
2397724358.9755383;-85.581863403320313;
2397884615.3857946;-85.591537475585937;
2398044871.796051;-85.593360900878906;
2398205128.2063074;-85.629753112792969;
2398365384.6165643;-85.544181823730469;
2398525641.0268207;-85.616424560546875;
2398685897.437077;-85.55181884765625;
2398846153.8473334;-85.599235534667969;
2399006410.2575898;-85.549896240234375;
2399166666.6678462;-85.585845947265625;
2399326923.0781026;-85.547981262207031;
2399487179.488359;-85.578285217285156;
2399647435.8986154;-85.555595397949219;
2399807692.3088717;-85.559364318847656;
2399967948.7191281;-85.589775085449219;
2400128205.1293845;-85.593574523925781;
2400288461.5396409;-85.620246887207031;
2400448717.9498973;-85.59735107421875;
2400608974.3601537;-85.631668090820312;
2400769230.7704101;-85.618293762207031;
2400929487.1806664;-85.666091918945313;
2401089743.5909228;-85.656539916992188;
2401250000.0011792;-85.614288330078125;
2401410256.4114356;-85.585906982421875;
2401570512.8216925;-85.561286926269531;
2401730769.2319489;-85.604972839355469;
2401891025.6422052;-85.585960388183594;
2402051282.0524616;-85.620231628417969;
2402211538.462718;-85.610671997070313;
2402371794.8729744;-85.645027160644531;
2402532051.2832308;-85.559425354003906;
2402692307.6934872;-85.603034973144531;
2402852564.1037436;-85.57080078125;
2403012820.5139999;-85.559425354003906;
2403173076.9242563;-85.541305541992188;
2403333333.3345127;-85.624244689941406;
2403493589.7447691;-85.6202392578125;
2403653846.1550255;-85.593551635742187;
2403814102.5652819;-85.631668090820312;
2403974358.9755383;-85.625930786132813;
2404134615.3857946;-85.633590698242188;
2404294871.796051;-85.627861022949219;
2404455128.2063074;-85.618316650390625;
2404615384.6165643;-85.616432189941406;
2404775641.0268207;-85.599258422851562;
2404935897.437077;-85.606895446777344;
2405096153.8473334;-85.62786865234375;
2405256410.2575898;-85.681472778320312;
2405416666.6678462;-85.687240600585938;
2405576923.0781026;-85.700691223144531;
2405737179.488359;-85.625968933105469;
2405897435.8986154;-85.625946044921875;
2406057692.3088717;-85.635513305664063;
2406217948.7191281;-85.606826782226563;
2406378205.1293845;-85.622138977050781;
2406538461.5396409;-85.614501953125;
2406698717.9498973;-85.654632568359375;
2406858974.3601537;-85.637405395507813;
2407019230.7704101;-85.669960021972656;
2407179487.1806664;-85.599288940429688;
2407339743.5909228;-85.618331909179687;
2407500000.0011792;-85.620208740234375;
2407660256.4114356;-85.625946044921875;
2407820512.8216925;-85.639328002929688;
2407980769.2319489;-85.622146606445313;
2408141025.6422052;-85.612586975097656;
2408301282.0524616;-85.66802978515625;
2408461538.462718;-85.696846008300781;
2408621794.8729744;-85.646965026855469;
2408782051.2832308;-85.660385131835938;
2408942307.6934872;-85.635482788085937;
2409102564.1037436;-85.650764465332031;
2409262820.5139999;-85.654586791992188;
2409423076.9242563;-85.667999267578125;
2409583333.3345127;-85.658462524414062;
2409743589.7447691;-85.671875;
2409903846.1550255;-85.694931030273438;
2410064102.5652819;-85.639266967773438;
2410224358.9755383;-85.694915771484375;
2410384615.3857946;-85.645034790039063;
2410544871.796051;-85.641242980957031;
2410705128.2063074;-85.612602233886719;
2410865384.6165643;-85.618309020996094;
2411025641.0268207;-85.648818969726563;
2411185897.437077;-85.648841857910156;
2411346153.8473334;-85.671875;
2411506410.2575898;-85.676460266113281;
2411666666.6678462;-85.685310363769531;
2411826923.0781026;-85.708404541015625;
2411987179.488359;-85.662269592285156;
2412147435.8986154;-85.679557800292969;
2412307692.3088717;-85.685264587402344;
2412467948.7191281;-85.722450256347656;
2412628205.1293845;-85.708404541015625;
2412788461.5396409;-85.691062927246094;
2412948717.9498973;-85.698776245117188;
2413108974.3601537;-85.691078186035156;
2413269230.7704101;-85.683387756347656;
2413429487.1806664;-85.685279846191406;
2413589743.5909228;-85.671882629394531;
2413750000.0011792;-85.694900512695312;
2413910256.4114356;-85.762504577636719;
2414070512.8216925;-85.698768615722656;
2414230769.2319489;-85.702621459960937;
2414391025.6422052;-85.70068359375;
2414551282.0524616;-85.700691223144531;
2414711538.462718;-85.712265014648437;
2414871794.8729744;-85.687232971191406;
2415032051.2832308;-85.70947265625;
2415192307.6934872;-85.669677734375;
2415352564.1037436;-85.718009948730469;
2415512820.5139999;-85.710334777832031;
2415673076.9242563;-85.70648193359375;
2415833333.3345127;-85.691078186035156;
2415993589.7447691;-85.675712585449219;
2416153846.1550255;-85.693000793457031;
2416314102.5652819;-85.706474304199219;
2416474358.9755383;-85.677635192871094;
2416634615.3857946;-85.669960021972656;
2416794871.796051;-85.677597045898438;
2416955128.2063074;-85.708396911621094;
2417115384.6165643;-85.66229248046875;
2417275641.0268207;-85.660385131835938;
2417435897.437077;-85.693809509277344;
2417596153.8473334;-85.706474304199219;
2417756410.2575898;-85.671867370605469;
2417916666.6678462;-85.673797607421875;
2418076923.0781026;-85.710334777832031;
2418237179.488359;-85.700706481933594;
2418397435.8986154;-85.694931030273438;
2418557692.3088717;-85.716110229492188;
2418717948.7191281;-85.677635192871094;
2418878205.1293845;-85.685295104980469;
2419038461.5396409;-85.702613830566406;
2419198717.9498973;-85.704559326171875;
2419358974.3601537;-85.696861267089844;
2419519230.7704101;-85.685310363769531;
2419679487.1806664;-85.630317687988281;
2419839743.5909228;-85.631690979003906;
2420000000.0011792;-85.633598327636719;
2420160256.4114356;-85.639335632324219;
2420320512.8216925;-85.645057678222656;
2420480769.2319489;-85.671852111816406;
2420641025.6422052;-85.671875;
2420801282.0524616;-85.692985534667969;
2420961538.462718;-85.650772094726563;
2421121794.8729744;-85.648880004882813;
2421282051.2832308;-85.712265014648437;
2421442307.6934872;-85.704551696777344;
2421602564.1037436;-85.704826354980469;
2421762820.5139999;-85.677635192871094;
2421923076.9242563;-85.65460205078125;
2422083333.3345127;-85.610710144042969;
2422243589.7447691;-85.65216064453125;
2422403846.1550255;-85.637413024902344;
2422564102.5652819;-85.616432189941406;
2422724358.9755383;-85.6412353515625;
2422884615.3857946;-85.698753356933594;
2423044871.796051;-85.68914794921875;
2423205128.2063074;-85.683395385742188;
2423365384.6165643;-85.677627563476562;
2423525641.0268207;-85.664215087890625;
2423685897.437077;-85.656539916992188;
2423846153.8473334;-85.681480407714844;
2424006410.2575898;-85.60308837890625;
2424166666.6678462;-85.658439636230469;
2424326923.0781026;-85.635490417480469;
2424487179.488359;-85.622154235839844;
2424647435.8986154;-85.673797607421875;
2424807692.3088717;-85.635490417480469;
2424967948.7191281;-85.6527099609375;
2425128205.1293845;-85.669967651367188;
2425288461.5396409;-85.662284851074219;
2425448717.9498973;-85.622146606445313;
2425608974.3601537;-85.637336730957031;
2425769230.7704101;-85.608734130859375;
2425929487.1806664;-85.562942504882813;
2426089743.5909228;-85.606826782226563;
2426250000.0011792;-85.470268249511719;
2426410256.4114356;-85.532920837402344;
2426570512.8216925;-85.172012329101563;
2426730769.2319489;-85.281288146972656;
2426891025.6422052;-84.823585510253906;
2427051282.0524616;-84.778068542480469;
2427211538.462718;-83.772254943847656;
2427371794.8729744;-83.329032897949219;
2427532051.2832308;-82.859352111816406;
2427692307.6934872;-81.332908630371094;
2427852564.1037436;-81.475616455078125;
2428012820.5139999;-77.445854187011719;
2428173076.9242563;-78.257316589355469;
2428333333.3345127;-74.128257751464844;
2428493589.7447691;-75.190811157226563;
2428653846.1550255;-70.609619140625;
2428814102.5652819;-69.934684753417969;
2428974358.9755383;-66.747360229492188;
2429134615.3857946;-65.361068725585937;
2429294871.796051;-63.830352783203125;
2429455128.2063074;-61.255298614501953;
2429615384.6165643;-60.09393310546875;
2429775641.0268207;-57.459976196289063;
2429935897.437077;-57.107810974121094;
2430096153.8473334;-54.524284362792969;
2430256410.2575898;-54.243545532226563;
2430416666.6678462;-50.590038299560547;
2430576923.0781026;-50.113639831542969;
2430737179.488359;-48.163158416748047;
2430897435.8986154;-47.041755676269531;
2431057692.3088717;-45.669719696044922;
2431217948.7191281;-43.268791198730469;
2431378205.1293845;-42.672603607177734;
2431538461.5396409;-40.654476165771484;
2431698717.9498973;-40.363548278808594;
2431858974.3601537;-38.076332092285156;
2432019230.7704101;-37.188373565673828;
2432179487.1806664;-35.664508819580078;
2432339743.5909228;-34.809474945068359;
2432500000.0011792;-34.014450073242188;
2432660256.4114356;-32.831588745117187;
2432820512.8216925;-31.81207275390625;
2432980769.2319489;-31.194675445556641;
2433141025.6422052;-30.658782958984375;
2433301282.0524616;-30.255853652954102;
2433461538.462718;-29.803211212158203;
2433621794.8729744;-29.702238082885742;
2433782051.2832308;-29.684959411621094;
2433942307.6934872;-29.863237380981445;
2434102564.1037436;-30.124317169189453;
2434262820.5139999;-30.43964958190918;
2434423076.9242563;-31.374067306518555;
2434583333.3345127;-31.757455825805664;
2434743589.7447691;-32.845493316650391;
2434903846.1550255;-33.360462188720703;
2435064102.5652819;-34.696495056152344;
2435224358.9755383;-35.967731475830078;
2435384615.3857946;-37.024429321289063;
2435544871.796051;-38.122177124023438;
2435705128.2063074;-39.037307739257813;
2435865384.6165643;-40.726165771484375;
2436025641.0268207;-42.179290771484375;
2436185897.437077;-43.565662384033203;
2436346153.8473334;-44.556167602539063;
2436506410.2575898;-45.782665252685547;
2436666666.6678462;-47.244956970214844;
2436826923.0781026;-49.049152374267578;
2436987179.488359;-50.158477783203125;
2437147435.8986154;-51.222145080566406;
2437307692.3088717;-52.447910308837891;
2437467948.7191281;-53.739830017089844;
2437628205.1293845;-55.74212646484375;
2437788461.5396409;-56.579921722412109;
2437948717.9498973;-58.142726898193359;
2438108974.3601537;-58.880619049072266;
2438269230.7704101;-60.770374298095703;
2438429487.1806664;-62.399932861328125;
2438589743.5909228;-63.723705291748047;
2438750000.0011792;-64.9771728515625;
2438910256.4114356;-66.064857482910156;
2439070512.8216925;-67.892059326171875;
2439230769.2319489;-69.869003295898438;
2439391025.6422052;-71.604637145996094;
2439551282.0524616;-72.812728881835938;
2439711538.462718;-74.526466369628906;
2439871794.8729744;-76.30108642578125;
2440032051.2832308;-78.838531494140625;
2440192307.6934872;-80.174545288085937;
2440352564.1037436;-81.373176574707031;
2440512820.5139999;-82.559806823730469;
2440673076.9242563;-83.573539733886719;
2440833333.3345127;-84.478614807128906;
2440993589.7447691;-84.827384948730469;
2441153846.1550255;-85.094841003417969;
2441314102.5652819;-85.213905334472656;
2441474358.9755383;-85.383033752441406;
2441634615.3857946;-85.512214660644531;
2441794871.796051;-85.595443725585937;
2441955128.2063074;-85.62786865234375;
2442115384.6165643;-85.669914245605469;
2442275641.0268207;-85.691604614257813;
2442435897.437077;-85.73541259765625;
2442596153.8473334;-85.712265014648437;
2442756410.2575898;-85.706466674804688;
2442916666.6678462;-85.727668762207031;
2443076923.0781026;-85.739280700683594;
2443237179.488359;-85.7412109375;
2443397435.8986154;-85.716117858886719;
2443557692.3088717;-85.723823547363281;
2443717948.7191281;-85.72381591796875;
2443878205.1293845;-85.741203308105469;
2444038461.5396409;-85.698783874511719;
2444198717.9498973;-85.526481628417969;
2444358974.3601537;-85.623771667480469;
2444519230.7704101;-85.781898498535156;
2444679487.1806664;-85.81304931640625;
2444839743.5909228;-85.795516967773438;
2445000000.0011792;-85.551193237304688;
2445160256.4114356;-85.70068359375;
2445320512.8216925;-85.737350463867188;
2445480769.2319489;-85.745079040527344;
2445641025.6422052;-85.754753112792969;
2445801282.0524616;-85.760566711425781;
2445961538.462718;-85.760017395019531;
2446121794.8729744;-85.733482360839844;
2446282051.2832308;-85.777999877929688;
2446442307.6934872;-85.618087768554688;
2446602564.1037436;-85.702606201171875;
2446762820.5139999;-85.743133544921875;
2446923076.9242563;-85.718017578125;
2447083333.3345127;-85.7508544921875;
2447243589.7447691;-85.781867980957031;
2447403846.1550255;-85.706474304199219;
2447564102.5652819;-85.689163208007813;
2447724358.9755383;-85.708412170410156;
2447884615.3857946;-85.689170837402344;
2448044871.796051;-85.700691223144531;
2448205128.2063074;-85.698768615722656;
2448365384.6165643;-85.704551696777344;
2448525641.0268207;-85.731552124023438;
2448685897.437077;-85.727668762207031;
2448846153.8473334;-85.781913757324219;
2449006410.2575898;-85.706344604492187;
2449166666.6678462;-85.669960021972656;
2449326923.0781026;-85.691062927246094;
2449487179.488359;-85.800674438476562;
2449647435.8986154;-85.793304443359375;
2449807692.3088717;-85.705734252929688;
2449967948.7191281;-85.523262023925781;
2450128205.1293845;-85.459632873535156;
2450288461.5396409;-84.474143981933594;
2450448717.9498973;-84.649314880371094;
2450608974.3601537;-85.244804382324219;
2450769230.7704101;-85.38507080078125;
2450929487.1806664;-85.416679382324219;
2451089743.5909228;-85.416656494140625;
2451250000.0011792;-85.422218322753906;
2451410256.4114356;-84.876182556152344;
2451570512.8216925;-84.299148559570313;
2451730769.2319489;-84.24627685546875;
2451891025.6422052;-85.396804809570313;
2452051282.0524616;-85.675559997558594;
2452211538.462718;-85.7103271484375;
2452371794.8729744;-85.807182312011719;
2452532051.2832308;-85.828651428222656;
2452692307.6934872;-85.816932678222656;
2452852564.1037436;-85.768310546875;
2453012820.5139999;-85.883476257324219;
2453173076.9242563;-85.84234619140625;
2453333333.3345127;-85.826683044433594;
2453493589.7447691;-85.813056945800781;
2453653846.1550255;-85.768218994140625;
2453814102.5652819;-85.822799682617188;
2453974358.9755383;-85.820808410644531;
2454134615.3857946;-85.838424682617187;
2454294871.796051;-85.791587829589844;
2454455128.2063074;-85.805191040039063;
2454615384.6165643;-85.702621459960937;
2454775641.0268207;-85.7508544921875;
2454935897.437077;-85.750831604003906;
2455096153.8473334;-85.789657592773438;
2455256410.2575898;-85.803291320800781;
2455416666.6678462;-85.717971801757812;
2455576923.0781026;-85.442176818847656;
2455737179.488359;-85.640968322753906;
2455897435.8986154;-85.82464599609375;
2456057692.3088717;-85.752723693847656;
2456217948.7191281;-85.840362548828125;
2456378205.1293845;-85.809150695800781;
2456538461.5396409;-85.828605651855469;
2456698717.9498973;-85.846183776855469;
2456858974.3601537;-85.787612915039063;
2457019230.7704101;-85.831924438476563;
2457179487.1806664;-85.768829345703125;
2457339743.5909228;-85.75396728515625;
2457500000.0011792;-85.760452270507813;
2457660256.4114356;-85.781761169433594;
2457820512.8216925;-85.828521728515625;
2457980769.2319489;-85.760459899902344;
2458141025.6422052;-85.824760437011719;
2458301282.0524616;-85.764366149902344;
2458461538.462718;-85.793548583984375;
2458621794.8729744;-85.741058349609375;
2458782051.2832308;-85.848182678222656;
2458942307.6934872;-85.875633239746094;
2459102564.1037436;-85.842178344726563;
2459262820.5139999;-85.373580932617188;
2459423076.9242563;-84.795425415039063;
2459583333.3345127;-84.851310729980469;
2459743589.7447691;-84.432456970214844;
2459903846.1550255;-84.941596984863281;
2460064102.5652819;-85.520362854003906;
2460224358.9755383;-85.789596557617187;
2460384615.3857946;-85.834342956542969;
2460544871.796051;-85.22418212890625;
2460705128.2063074;-85.488731384277344;
2460865384.6165643;-85.716087341308594;
2461025641.0268207;-85.859893798828125;
2461185897.437077;-85.775917053222656;
2461346153.8473334;-85.856048583984375;
2461506410.2575898;-85.762428283691406;
2461666666.6678462;-85.717742919921875;
2461826923.0781026;-85.5965576171875;
2461987179.488359;-85.776031494140625;
2462147435.8986154;-85.836349487304688;
2462307692.3088717;-85.848152160644531;
2462467948.7191281;-85.881553649902344;
2462628205.1293845;-85.851898193359375;
2462788461.5396409;-85.856010437011719;
2462948717.9498973;-85.844200134277344;
2463108974.3601537;-85.895332336425781;
2463269230.7704101;-85.840316772460938;
2463429487.1806664;-85.893280029296875;
2463589743.5909228;-85.859832763671875;
2463750000.0011792;-85.879447937011719;
2463910256.4114356;-85.901123046875;
2464070512.8216925;-85.88525390625;
2464230769.2319489;-85.889373779296875;
2464391025.6422052;-85.846076965332031;
2464551282.0524616;-85.899246215820313;
2464711538.462718;-85.86187744140625;
2464871794.8729744;-85.877639770507813;
2465032051.2832308;-85.79742431640625;
2465192307.6934872;-85.832450866699219;
2465352564.1037436;-85.824722290039063;
2465512820.5139999;-85.855728149414063;
2465673076.9242563;-85.78961181640625;
2465833333.3345127;-85.797294616699219;
2465993589.7447691;-85.832572937011719;
2466153846.1550255;-85.737174987792969;
2466314102.5652819;-85.82275390625;
2466474358.9755383;-85.789588928222656;
2466634615.3857946;-85.8756103515625;
2466794871.796051;-85.838264465332031;
2466955128.2063074;-85.869178771972656;
2467115384.6165643;-85.807037353515625;
2467275641.0268207;-85.792945861816406;
2467435897.437077;-85.824722290039063;
2467596153.8473334;-85.738784790039063;
2467756410.2575898;-85.822700500488281;
2467916666.6678462;-85.729202270507813;
2468076923.0781026;-85.842315673828125;
2468237179.488359;-85.733078002929688;
2468397435.8986154;-85.804435729980469;
2468557692.3088717;-85.712059020996094;
2468717948.7191281;-85.732162475585938;
2468878205.1293845;-85.709854125976563;
2469038461.5396409;-85.676132202148438;
2469198717.9498973;-85.722244262695313;
2469358974.3601537;-85.662063598632813;
2469519230.7704101;-85.729049682617188;
2469679487.1806664;-85.546867370605469;
2469839743.5909228;-85.779830932617188;
2470000000.0011792;-85.507354736328125;
2470160256.4114356;-85.675086975097656;
2470320512.8216925;-85.518157958984375;
2470480769.2319489;-85.609733581542969;
2470641025.6422052;-85.60040283203125;
2470801282.0524616;-85.466926574707031;
2470961538.462718;-85.635078430175781;
2471121794.8729744;-85.341400146484375;
2471282051.2832308;-85.669273376464844;
2471442307.6934872;-85.273956298828125;
2471602564.1037436;-85.634834289550781;
2471762820.5139999;-85.186317443847656;
2471923076.9242563;-85.502693176269531;
2472083333.3345127;-85.367378234863281;
2472243589.7447691;-85.483184814453125;
2472403846.1550255;-85.461746215820313;
2472564102.5652819;-85.422958374023438;
2472724358.9755383;-85.539901733398438;
2472884615.3857946;-85.460693359375;
2473044871.796051;-85.707618713378906;
2473205128.2063074;-85.529251098632812;
2473365384.6165643;-85.762016296386719;
2473525641.0268207;-85.521980285644531;
2473685897.437077;-85.757644653320312;
2473846153.8473334;-85.671371459960938;
2474006410.2575898;-85.706939697265625;
2474166666.6678462;-85.652450561523437;
2474326923.0781026;-85.652076721191406;
2474487179.488359;-85.7799072265625;
2474647435.8986154;-85.648406982421875;
2474807692.3088717;-85.791458129882813;
2474967948.7191281;-85.7620849609375;
2475128205.1293845;-85.832283020019531;
2475288461.5396409;-85.861892700195313;
2475448717.9498973;-85.832115173339844;
2475608974.3601537;-85.857833862304688;
2475769230.7704101;-85.851974487304688;
2475929487.1806664;-85.887420654296875;
2476089743.5909228;-85.783699035644531;
2476250000.0011792;-85.852073669433594;
2476410256.4114356;-85.78961181640625;
2476570512.8216925;-85.838249206542969;
2476730769.2319489;-85.806549072265625;
2476891025.6422052;-85.86767578125;
2477051282.0524616;-85.832572937011719;
2477211538.462718;-85.832504272460937;
2477371794.8729744;-85.854080200195313;
2477532051.2832308;-85.846176147460938;
2477692307.6934872;-85.895286560058594;
2477852564.1037436;-85.863853454589844;
2478012820.5139999;-85.9010009765625;
2478173076.9242563;-85.848220825195313;
2478333333.3345127;-85.848182678222656;
2478493589.7447691;-85.869743347167969;
2478653846.1550255;-85.834480285644531;
2478814102.5652819;-85.893348693847656;
2478974358.9755383;-85.861907958984375;
2479134615.3857946;-85.90911865234375;
2479294871.796051;-85.881462097167969;
2479455128.2063074;-85.90118408203125;
2479615384.6165643;-85.877586364746094;
2479775641.0268207;-85.879531860351562;
2479935897.437077;-85.924850463867188;
2480096153.8473334;-85.922836303710937;
2480256410.2575898;-85.909126281738281;
2480416666.6678462;-85.85992431640625;
2480576923.0781026;-85.913040161132813;
2480737179.488359;-85.907127380371094;
2480897435.8986154;-85.913063049316406;
2481057692.3088717;-85.871734619140625;
2481217948.7191281;-85.898414611816406;
2481378205.1293845;-85.915687561035156;
2481538461.5396409;-85.900665283203125;
2481698717.9498973;-85.956550598144531;
2481858974.3601537;-85.950531005859375;
2482019230.7704101;-85.913063049316406;
2482179487.1806664;-85.915016174316406;
2482339743.5909228;-85.92095947265625;
2482500000.0011792;-85.87762451171875;
2482660256.4114356;-85.91107177734375;
2482820512.8216925;-85.917007446289062;
2482980769.2319489;-85.944648742675781;
2483141025.6422052;-85.9150390625;
2483301282.0524616;-85.913063049316406;
2483461538.462718;-85.897293090820313;
2483621794.8729744;-85.903160095214844;
2483782051.2832308;-85.901199340820313;
2483942307.6934872;-85.924888610839844;
2484102564.1037436;-85.938720703125;
2484262820.5139999;-85.918975830078125;
