Type;ESU;
Version;4.43;
Date;03.Jun 16;
Mode;ANALYZER;
Center Freq;2434262820.514000;Hz
Freq Offset;0.000000;Hz
Span;100000000.000000;Hz
x-Axis;LIN;
Start;2384262820.514000;Hz
Stop;2484262820.514000;Hz
Ref Level;-9.000000;dBm
Level Offset;0.000000;dB
Ref Position;100.000000;%
y-Axis;LOG;
Level Range;100.000000;dB
Rf Att;5.000000;dB
RBW;2000000.000000;Hz
VBW;30.000000;Hz
SWT;4.200000;s
Trace Mode;CLR/WRITE;
Detector;RMS;
Sweep Count;0;
Trace 1:;;
x-Unit;Hz;
y-Unit;dBm;
Values;625;
2384262820.5139999;-85.712440490722656;
2384423076.9242563;-85.716117858886719;
2384583333.3345127;-85.712265014648437;
2384743589.7447691;-85.714622497558594;
2384903846.1550255;-85.693000793457031;
2385064102.5652819;-85.704551696777344;
2385224358.9755383;-85.721900939941406;
2385384615.3857946;-85.727691650390625;
2385544871.796051;-85.708412170410156;
2385705128.2063074;-85.712265014648437;
2385865384.6165643;-85.712265014648437;
2386025641.0268207;-85.708404541015625;
2386185897.437077;-85.714187622070313;
2386346153.8473334;-85.710334777832031;
2386506410.2575898;-85.72381591796875;
2386666666.6678462;-85.723823547363281;
2386826923.0781026;-85.719970703125;
2386987179.488359;-85.687232971191406;
2387147435.8986154;-85.712265014648437;
2387307692.3088717;-85.712265014648437;
2387467948.7191281;-85.708412170410156;
2387628205.1293845;-85.710334777832031;
2387788461.5396409;-85.712265014648437;
2387948717.9498973;-85.70648193359375;
2388108974.3601537;-85.70648193359375;
2388269230.7704101;-85.708412170410156;
2388429487.1806664;-85.714187622070313;
2388589743.5909228;-85.708412170410156;
2388750000.0011792;-85.698783874511719;
2388910256.4114356;-85.69683837890625;
2389070512.8216925;-85.711189270019531;
2389230769.2319489;-85.710334777832031;
2389391025.6422052;-85.718040466308594;
2389551282.0524616;-85.70648193359375;
2389711538.462718;-85.708412170410156;
2389871794.8729744;-85.710334777832031;
2390032051.2832308;-85.733482360839844;
2390192307.6934872;-85.727691650390625;
2390352564.1037436;-85.712257385253906;
2390512820.5139999;-85.704551696777344;
2390673076.9242563;-85.679557800292969;
2390833333.3345127;-85.704559326171875;
2390993589.7447691;-85.708412170410156;
2391153846.1550255;-85.706474304199219;
2391314102.5652819;-85.693008422851562;
2391474358.9755383;-85.700706481933594;
2391634615.3857946;-85.702629089355469;
2391794871.796051;-85.693008422851562;
2391955128.2063074;-85.702629089355469;
2392115384.6165643;-85.710334777832031;
2392275641.0268207;-85.700706481933594;
2392435897.437077;-85.675704956054688;
2392596153.8473334;-85.673805236816406;
2392756410.2575898;-85.689170837402344;
2392916666.6678462;-85.708389282226563;
2393076923.0781026;-85.694931030273438;
2393237179.488359;-85.668052673339844;
2393397435.8986154;-85.631690979003906;
2393557692.3088717;-85.631675720214844;
2393717948.7191281;-85.625961303710938;
2393878205.1293845;-85.627861022949219;
2394038461.5396409;-85.691085815429687;
2394198717.9498973;-85.653106689453125;
2394358974.3601537;-85.622154235839844;
2394519230.7704101;-85.625968933105469;
2394679487.1806664;-85.62786865234375;
2394839743.5909228;-85.666122436523438;
2395000000.0011792;-85.70648193359375;
2395160256.4114356;-85.66229248046875;
2395320512.8216925;-85.6202392578125;
2395480769.2319489;-85.618339538574219;
2395641025.6422052;-85.631690979003906;
2395801282.0524616;-85.627876281738281;
2395961538.462718;-85.633590698242188;
2396121794.8729744;-85.627876281738281;
2396282051.2832308;-85.635513305664063;
2396442307.6934872;-85.624053955078125;
2396602564.1037436;-85.635505676269531;
2396762820.5139999;-85.6412353515625;
2396923076.9242563;-85.603073120117187;
2397083333.3345127;-85.653152465820313;
2397243589.7447691;-85.645065307617188;
2397403846.1550255;-85.629776000976563;
2397564102.5652819;-85.624053955078125;
2397724358.9755383;-85.635513305664063;
2397884615.3857946;-85.629776000976563;
2398044871.796051;-85.610710144042969;
2398205128.2063074;-85.6107177734375;
2398365384.6165643;-85.614524841308594;
2398525641.0268207;-85.63360595703125;
2398685897.437077;-85.620246887207031;
2398846153.8473334;-85.622154235839844;
2399006410.2575898;-85.622154235839844;
2399166666.6678462;-85.614517211914062;
2399326923.0781026;-85.616432189941406;
2399487179.488359;-85.633590698242188;
2399647435.8986154;-85.624053955078125;
2399807692.3088717;-85.612625122070313;
2399967948.7191281;-85.618339538574219;
2400128205.1293845;-85.622108459472656;
2400288461.5396409;-85.658470153808594;
2400448717.9498973;-85.666122436523438;
2400608974.3601537;-85.704345703125;
2400769230.7704101;-85.691085815429687;
2400929487.1806664;-85.645057678222656;
2401089743.5909228;-85.635505676269531;
2401250000.0011792;-85.633575439453125;
2401410256.4114356;-85.6202392578125;
2401570512.8216925;-85.614524841308594;
2401730769.2319489;-85.629776000976563;
2401891025.6422052;-85.620246887207031;
2402051282.0524616;-85.625968933105469;
2402211538.462718;-85.612617492675781;
2402371794.8729744;-85.614517211914062;
2402532051.2832308;-85.618339538574219;
2402692307.6934872;-85.622154235839844;
2402852564.1037436;-85.618331909179687;
2403012820.5139999;-85.650802612304688;
2403173076.9242563;-85.601173400878906;
2403333333.3345127;-85.635467529296875;
2403493589.7447691;-85.671882629394531;
2403653846.1550255;-85.616424560546875;
2403814102.5652819;-85.614097595214844;
2403974358.9755383;-85.612617492675781;
2404134615.3857946;-85.622146606445313;
2404294871.796051;-85.624053955078125;
2404455128.2063074;-85.616432189941406;
2404615384.6165643;-85.622146606445313;
2404775641.0268207;-85.669960021972656;
2404935897.437077;-85.668052673339844;
2405096153.8473334;-85.650794982910156;
2405256410.2575898;-85.618339538574219;
2405416666.6678462;-85.635513305664063;
2405576923.0781026;-85.659957885742188;
2405737179.488359;-85.627876281738281;
2405897435.8986154;-85.637420654296875;
2406057692.3088717;-85.646980285644531;
2406217948.7191281;-85.631690979003906;
2406378205.1293845;-85.622154235839844;
2406538461.5396409;-85.631690979003906;
2406698717.9498973;-85.633598327636719;
2406858974.3601537;-85.631690979003906;
2407019230.7704101;-85.660377502441406;
2407179487.1806664;-85.685317993164063;
2407339743.5909228;-85.694923400878906;
2407500000.0011792;-85.698776245117188;
2407660256.4114356;-85.665016174316406;
2407820512.8216925;-85.669937133789063;
2407980769.2319489;-85.643150329589844;
2408141025.6422052;-85.629768371582031;
2408301282.0524616;-85.625961303710938;
2408461538.462718;-85.645072937011719;
2408621794.8729744;-85.637428283691406;
2408782051.2832308;-85.625961303710938;
2408942307.6934872;-85.625961303710938;
2409102564.1037436;-85.637428283691406;
2409262820.5139999;-85.637428283691406;
2409423076.9242563;-85.622154235839844;
2409583333.3345127;-85.620246887207031;
2409743589.7447691;-85.629356384277344;
2409903846.1550255;-85.637428283691406;
2410064102.5652819;-85.658462524414062;
2410224358.9755383;-85.668045043945313;
2410384615.3857946;-85.673805236816406;
2410544871.796051;-85.639328002929688;
2410705128.2063074;-85.625968933105469;
2410865384.6165643;-85.6202392578125;
2411025641.0268207;-85.65655517578125;
2411185897.437077;-85.662300109863281;
2411346153.8473334;-85.687232971191406;
2411506410.2575898;-85.690284729003906;
2411666666.6678462;-85.645057678222656;
2411826923.0781026;-85.654594421386719;
2411987179.488359;-85.683395385742188;
2412147435.8986154;-85.673797607421875;
2412307692.3088717;-85.660377502441406;
2412467948.7191281;-85.64697265625;
2412628205.1293845;-85.689155578613281;
2412788461.5396409;-85.693008422851562;
2412948717.9498973;-85.710334777832031;
2413108974.3601537;-85.712265014648437;
2413269230.7704101;-85.712265014648437;
2413429487.1806664;-85.693000793457031;
2413589743.5909228;-85.704559326171875;
2413750000.0011792;-85.70648193359375;
2413910256.4114356;-85.67572021484375;
2414070512.8216925;-85.70648193359375;
2414230769.2319489;-85.70648193359375;
2414391025.6422052;-85.708412170410156;
2414551282.0524616;-85.700698852539063;
2414711538.462718;-85.685325622558594;
2414871794.8729744;-85.702629089355469;
2415032051.2832308;-85.70263671875;
2415192307.6934872;-85.704559326171875;
2415352564.1037436;-85.708412170410156;
2415512820.5139999;-85.698776245117188;
2415673076.9242563;-85.706474304199219;
2415833333.3345127;-85.696853637695313;
2415993589.7447691;-85.708412170410156;
2416153846.1550255;-85.70648193359375;
2416314102.5652819;-85.679542541503906;
2416474358.9755383;-85.694915771484375;
2416634615.3857946;-85.708412170410156;
2416794871.796051;-85.708396911621094;
2416955128.2063074;-85.685317993164063;
2417115384.6165643;-85.673789978027344;
2417275641.0268207;-85.654640197753906;
2417435897.437077;-85.704544067382812;
2417596153.8473334;-85.70648193359375;
2417756410.2575898;-85.704551696777344;
2417916666.6678462;-85.704559326171875;
2418076923.0781026;-85.70648193359375;
2418237179.488359;-85.708412170410156;
2418397435.8986154;-85.721893310546875;
2418557692.3088717;-85.702629089355469;
2418717948.7191281;-85.70648193359375;
2418878205.1293845;-85.714187622070313;
2419038461.5396409;-85.687217712402344;
2419198717.9498973;-85.702621459960937;
2419358974.3601537;-85.677635192871094;
2419519230.7704101;-85.66229248046875;
2419679487.1806664;-85.700698852539063;
2419839743.5909228;-85.67572021484375;
2420000000.0011792;-85.70648193359375;
2420160256.4114356;-85.698776245117188;
2420320512.8216925;-85.70263671875;
2420480769.2319489;-85.694931030273438;
2420641025.6422052;-85.710334777832031;
2420801282.0524616;-85.70263671875;
2420961538.462718;-85.712265014648437;
2421121794.8729744;-85.691085815429687;
2421282051.2832308;-85.704551696777344;
2421442307.6934872;-85.696846008300781;
2421602564.1037436;-85.706474304199219;
2421762820.5139999;-85.708412170410156;
2421923076.9242563;-85.694923400878906;
2422083333.3345127;-85.70648193359375;
2422243589.7447691;-85.700706481933594;
2422403846.1550255;-85.698776245117188;
2422564102.5652819;-85.70648193359375;
2422724358.9755383;-85.702629089355469;
2422884615.3857946;-85.702629089355469;
2423044871.796051;-85.689163208007813;
2423205128.2063074;-85.658462524414062;
2423365384.6165643;-85.691078186035156;
2423525641.0268207;-85.70648193359375;
2423685897.437077;-85.694931030273438;
2423846153.8473334;-85.70648193359375;
2424006410.2575898;-85.702629089355469;
2424166666.6678462;-85.669921875;
2424326923.0781026;-85.666114807128906;
2424487179.488359;-85.708412170410156;
2424647435.8986154;-85.704559326171875;
2424807692.3088717;-85.673782348632813;
2424967948.7191281;-85.673797607421875;
2425128205.1293845;-85.702621459960937;
2425288461.5396409;-85.708412170410156;
2425448717.9498973;-85.683387756347656;
2425608974.3601537;-85.700698852539063;
2425769230.7704101;-85.67572021484375;
2425929487.1806664;-85.687240600585938;
2426089743.5909228;-85.712265014648437;
2426250000.0011792;-85.696861267089844;
2426410256.4114356;-85.683822631835938;
2426570512.8216925;-85.704551696777344;
2426730769.2319489;-85.702629089355469;
2426891025.6422052;-85.704551696777344;
2427051282.0524616;-85.712265014648437;
2427211538.462718;-85.700698852539063;
2427371794.8729744;-85.706466674804688;
2427532051.2832308;-85.694908142089844;
2427692307.6934872;-85.692985534667969;
2427852564.1037436;-85.669921875;
2428012820.5139999;-85.679534912109375;
2428173076.9242563;-85.641204833984375;
2428333333.3345127;-85.606781005859375;
2428493589.7447691;-85.534561157226563;
2428653846.1550255;-85.39263916015625;
2428814102.5652819;-85.2298583984375;
2428974358.9755383;-85.0145263671875;
2429134615.3857946;-84.597030639648437;
2429294871.796051;-84.141555786132812;
2429455128.2063074;-83.48516845703125;
2429615384.6165643;-82.212127685546875;
2429775641.0268207;-80.982582092285156;
2429935897.437077;-79.740394592285156;
2430096153.8473334;-77.751152038574219;
2430256410.2575898;-76.094459533691406;
2430416666.6678462;-74.589378356933594;
2430576923.0781026;-72.508544921875;
2430737179.488359;-70.876686096191406;
2430897435.8986154;-69.445121765136719;
2431057692.3088717;-67.690994262695313;
2431217948.7191281;-66.000045776367188;
2431378205.1293845;-64.83935546875;
2431538461.5396409;-62.913040161132812;
2431698717.9498973;-61.123516082763672;
2431858974.3601537;-59.760799407958984;
2432019230.7704101;-57.883308410644531;
2432179487.1806664;-56.374187469482422;
2432339743.5909228;-55.043205261230469;
2432500000.0011792;-53.387416839599609;
2432660256.4114356;-52.092594146728516;
2432820512.8216925;-50.911846160888672;
2432980769.2319489;-49.425991058349609;
2433141025.6422052;-48.367919921875;
2433301282.0524616;-47.567684173583984;
2433461538.462718;-46.435081481933594;
2433621794.8729744;-45.744884490966797;
2433782051.2832308;-45.142868041992188;
2433942307.6934872;-44.312007904052734;
2434102564.1037436;-43.876361846923828;
2434262820.5139999;-43.501651763916016;
2434423076.9242563;-43.204368591308594;
2434583333.3345127;-43.120670318603516;
2434743589.7447691;-43.055316925048828;
2434903846.1550255;-43.244205474853516;
2435064102.5652819;-43.428554534912109;
2435224358.9755383;-43.746318817138672;
2435384615.3857946;-44.608020782470703;
2435544871.796051;-45.507774353027344;
2435705128.2063074;-46.525821685791016;
2435865384.6165643;-48.126430511474609;
2436025641.0268207;-49.373271942138672;
2436185897.437077;-50.617603302001953;
2436346153.8473334;-52.259899139404297;
2436506410.2575898;-53.470146179199219;
2436666666.6678462;-54.803092956542969;
2436826923.0781026;-56.533855438232422;
2436987179.488359;-57.751132965087891;
2437147435.8986154;-59.01611328125;
2437307692.3088717;-60.701534271240234;
2437467948.7191281;-61.851390838623047;
2437628205.1293845;-63.252952575683594;
2437788461.5396409;-65.235488891601563;
2437948717.9498973;-66.711196899414063;
2438108974.3601537;-68.218437194824219;
2438269230.7704101;-70.009712219238281;
2438429487.1806664;-71.175308227539062;
2438589743.5909228;-72.460777282714844;
2438750000.0011792;-74.106880187988281;
2438910256.4114356;-75.344985961914063;
2439070512.8216925;-76.744308471679688;
2439230769.2319489;-78.571022033691406;
2439391025.6422052;-79.780387878417969;
2439551282.0524616;-81.06005859375;
2439711538.462718;-82.488449096679688;
2439871794.8729744;-83.406219482421875;
2440032051.2832308;-84.248435974121094;
2440192307.6934872;-84.929000854492187;
2440352564.1037436;-85.224784851074219;
2440512820.5139999;-85.436973571777344;
2440673076.9242563;-85.606887817382812;
2440833333.3345127;-85.620880126953125;
2440993589.7447691;-85.673728942871094;
2441153846.1550255;-85.710334777832031;
2441314102.5652819;-85.716117858886719;
2441474358.9755383;-85.712265014648437;
2441634615.3857946;-85.714187622070313;
2441794871.796051;-85.756690979003906;
2441955128.2063074;-85.813041687011719;
2442115384.6165643;-85.826705932617188;
2442275641.0268207;-85.844306945800781;
2442435897.437077;-85.81890869140625;
2442596153.8473334;-85.82086181640625;
2442756410.2575898;-85.816963195800781;
2442916666.6678462;-85.811103820800781;
2443076923.0781026;-85.815010070800781;
2443237179.488359;-85.82086181640625;
2443397435.8986154;-85.82281494140625;
2443557692.3088717;-85.809158325195313;
2443717948.7191281;-85.815010070800781;
2443878205.1293845;-85.803314208984375;
2444038461.5396409;-85.807212829589844;
2444198717.9498973;-85.811111450195313;
2444358974.3601537;-85.799423217773437;
2444519230.7704101;-85.760520935058594;
2444679487.1806664;-85.719963073730469;
2444839743.5909228;-85.750839233398438;
2445000000.0011792;-85.677635192871094;
2445160256.4114356;-85.64886474609375;
2445320512.8216925;-85.616409301757812;
2445480769.2319489;-85.585983276367188;
2445641025.6422052;-85.702529907226562;
2445801282.0524616;-85.619796752929688;
2445961538.462718;-85.409027099609375;
2446121794.8729744;-85.405410766601563;
2446282051.2832308;-85.268882751464844;
2446442307.6934872;-85.453018188476563;
2446602564.1037436;-85.675666809082031;
2446762820.5139999;-85.7064208984375;
2446923076.9242563;-85.202125549316406;
2447083333.3345127;-84.708389282226563;
2447243589.7447691;-84.4979248046875;
2447403846.1550255;-84.255264282226563;
2447564102.5652819;-84.115966796875;
2447724358.9755383;-83.944450378417969;
2447884615.3857946;-83.816734313964844;
2448044871.796051;-83.763885498046875;
2448205128.2063074;-83.739593505859375;
2448365384.6165643;-83.505455017089844;
2448525641.0268207;-83.841400146484375;
2448685897.437077;-83.194602966308594;
2448846153.8473334;-83.785186767578125;
2449006410.2575898;-83.061866760253906;
2449166666.6678462;-83.486602783203125;
2449326923.0781026;-84.977455139160156;
2449487179.488359;-85.514007568359375;
2449647435.8986154;-85.752777099609375;
2449807692.3088717;-85.82476806640625;
2449967948.7191281;-85.807212829589844;
2450128205.1293845;-85.81890869140625;
2450288461.5396409;-85.865852355957031;
2450448717.9498973;-85.883529663085937;
2450608974.3601537;-85.826713562011719;
2450769230.7704101;-85.816963195800781;
2450929487.1806664;-85.646629333496094;
2451089743.5909228;-85.776466369628906;
2451250000.0011792;-85.826713562011719;
2451410256.4114356;-85.805259704589844;
2451570512.8216925;-85.82281494140625;
2451730769.2319489;-85.83062744140625;
2451891025.6422052;-85.82086181640625;
2452051282.0524616;-85.813056945800781;
2452211538.462718;-85.81890869140625;
2452371794.8729744;-85.811103820800781;
2452532051.2832308;-85.816963195800781;
2452692307.6934872;-85.82476806640625;
2452852564.1037436;-85.821510314941406;
2453012820.5139999;-85.828659057617188;
2453173076.9242563;-85.809158325195313;
2453333333.3345127;-85.682937622070313;
2453493589.7447691;-85.702545166015625;
2453653846.1550255;-85.801315307617188;
2453814102.5652819;-85.822807312011719;
2453974358.9755383;-85.881546020507813;
2454134615.3857946;-85.881546020507813;
2454294871.796051;-85.852142333984375;
2454455128.2063074;-85.84429931640625;
2454615384.6165643;-85.82086181640625;
2454775641.0268207;-85.818038940429687;
2454935897.437077;-85.81695556640625;
2455096153.8473334;-85.816963195800781;
2455256410.2575898;-85.82281494140625;
2455416666.6678462;-85.834510803222656;
2455576923.0781026;-85.897300720214844;
2455737179.488359;-85.77301025390625;
2455897435.8986154;-85.597137451171875;
2456057692.3088717;-85.77215576171875;
2456217948.7191281;-85.830619812011719;
2456378205.1293845;-85.834526062011719;
2456538461.5396409;-85.865859985351563;
2456698717.9498973;-85.830184936523438;
2456858974.3601537;-85.824760437011719;
2457019230.7704101;-85.82281494140625;
2457179487.1806664;-85.865837097167969;
2457339743.5909228;-85.885498046875;
2457500000.0011792;-85.883529663085937;
2457660256.4114356;-85.891387939453125;
2457820512.8216925;-85.909126281738281;
2457980769.2319489;-85.917015075683594;
2458141025.6422052;-85.887367248535156;
2458301282.0524616;-85.689125061035156;
2458461538.462718;-85.645065307617188;
2458621794.8729744;-85.633598327636719;
2458782051.2832308;-85.663314819335938;
2458942307.6934872;-85.691085815429687;
2459102564.1037436;-85.706474304199219;
2459262820.5139999;-85.70648193359375;
2459423076.9242563;-85.752708435058594;
2459583333.3345127;-85.848220825195313;
2459743589.7447691;-85.83648681640625;
2459903846.1550255;-85.85015869140625;
2460064102.5652819;-85.873710632324219;
2460224358.9755383;-85.895332336425781;
2460384615.3857946;-85.89532470703125;
2460544871.796051;-85.846267700195313;
2460705128.2063074;-85.83843994140625;
2460865384.6165643;-85.848228454589844;
2461025641.0268207;-85.868476867675781;
2461185897.437077;-85.8619384765625;
2461346153.8473334;-85.877632141113281;
2461506410.2575898;-85.905174255371094;
2461666666.6678462;-85.901237487792969;
2461826923.0781026;-85.903205871582031;
2461987179.488359;-85.920951843261719;
2462147435.8986154;-85.924888610839844;
2462307692.3088717;-85.907150268554688;
2462467948.7191281;-85.901237487792969;
2462628205.1293845;-85.9150390625;
2462788461.5396409;-85.905174255371094;
2462948717.9498973;-85.911094665527344;
2463108974.3601537;-85.909126281738281;
2463269230.7704101;-85.917015075683594;
2463429487.1806664;-85.926864624023438;
2463589743.5909228;-85.906929016113281;
2463750000.0011792;-85.881568908691406;
2463910256.4114356;-85.881568908691406;
2464070512.8216925;-85.9012451171875;
2464230769.2319489;-85.905174255371094;
2464391025.6422052;-85.905174255371094;
2464551282.0524616;-85.9031982421875;
2464711538.462718;-85.905181884765625;
2464871794.8729744;-85.907150268554688;
2465032051.2832308;-85.911094665527344;
2465192307.6934872;-85.883529663085937;
2465352564.1037436;-85.905174255371094;
2465512820.5139999;-85.954582214355469;
2465673076.9242563;-85.911094665527344;
2465833333.3345127;-85.907150268554688;
2465993589.7447691;-85.899261474609375;
2466153846.1550255;-85.917442321777344;
2466314102.5652819;-85.920951843261719;
2466474358.9755383;-85.918983459472656;
2466634615.3857946;-85.930839538574219;
2466794871.796051;-85.903205871582031;
2466955128.2063074;-85.897285461425781;
2467115384.6165643;-85.907150268554688;
2467275641.0268207;-85.899269104003906;
2467435897.437077;-85.913063049316406;
2467596153.8473334;-85.911094665527344;
2467756410.2575898;-85.899269104003906;
2467916666.6678462;-85.911094665527344;
2468076923.0781026;-85.893356323242187;
2468237179.488359;-85.907150268554688;
2468397435.8986154;-85.913063049316406;
2468557692.3088717;-85.895317077636719;
2468717948.7191281;-85.891372680664063;
2468878205.1293845;-85.863861083984375;
2469038461.5396409;-85.880668640136719;
2469198717.9498973;-85.905174255371094;
2469358974.3601537;-85.92095947265625;
2469519230.7704101;-85.891395568847656;
2469679487.1806664;-85.907150268554688;
2469839743.5909228;-85.934776306152344;
2470000000.0011792;-85.913063049316406;
2470160256.4114356;-85.905174255371094;
2470320512.8216925;-85.899269104003906;
2470480769.2319489;-85.903205871582031;
2470641025.6422052;-85.917007446289062;
2470801282.0524616;-85.917015075683594;
2470961538.462718;-85.90911865234375;
2471121794.8729744;-85.903205871582031;
2471282051.2832308;-85.932807922363281;
2471442307.6934872;-85.901237487792969;
2471602564.1037436;-85.899269104003906;
2471762820.5139999;-85.909126281738281;
2471923076.9242563;-85.889427185058594;
2472083333.3345127;-85.869773864746094;
2472243589.7447691;-85.856056213378906;
2472403846.1550255;-85.865837097167969;
2472564102.5652819;-85.824981689453125;
2472724358.9755383;-85.84039306640625;
2472884615.3857946;-85.857986450195313;
2473044871.796051;-85.873672485351563;
2473205128.2063074;-85.895309448242188;
2473365384.6165643;-85.877632141113281;
2473525641.0268207;-85.859970092773437;
2473685897.437077;-85.850173950195313;
2473846153.8473334;-85.826675415039063;
2474006410.2575898;-85.8658447265625;
2474166666.6678462;-85.83648681640625;
2474326923.0781026;-85.830619812011719;
2474487179.488359;-85.83648681640625;
2474647435.8986154;-85.897254943847656;
2474807692.3088717;-85.911094665527344;
2474967948.7191281;-85.905174255371094;
2475128205.1293845;-85.87762451171875;
2475288461.5396409;-85.869781494140625;
2475448717.9498973;-85.856048583984375;
2475608974.3601537;-85.87762451171875;
2475769230.7704101;-85.89532470703125;
2475929487.1806664;-85.907150268554688;
2476089743.5909228;-85.840347290039063;
2476250000.0011792;-85.82281494140625;
2476410256.4114356;-85.828666687011719;
2476570512.8216925;-85.830619812011719;
2476730769.2319489;-85.812843322753906;
2476891025.6422052;-85.813056945800781;
2477051282.0524616;-85.82086181640625;
2477211538.462718;-85.816963195800781;
2477371794.8729744;-85.815010070800781;
2477532051.2832308;-85.807205200195313;
2477692307.6934872;-85.81890869140625;
2477852564.1037436;-85.828666687011719;
2478012820.5139999;-85.813056945800781;
2478173076.9242563;-85.7955322265625;
2478333333.3345127;-85.816963195800781;
2478493589.7447691;-85.81890869140625;
2478653846.1550255;-85.842330932617187;
2478814102.5652819;-85.856048583984375;
2478974358.9755383;-85.82281494140625;
2479134615.3857946;-85.82086181640625;
2479294871.796051;-85.838432312011719;
2479455128.2063074;-85.83843994140625;
2479615384.6165643;-85.830619812011719;
2479775641.0268207;-85.84429931640625;
2479935897.437077;-85.82281494140625;
2480096153.8473334;-85.81890869140625;
2480256410.2575898;-85.84234619140625;
2480416666.6678462;-85.877632141113281;
2480576923.0781026;-85.887458801269531;
2480737179.488359;-85.897300720214844;
2480897435.8986154;-85.881561279296875;
2481057692.3088717;-85.895317077636719;
2481217948.7191281;-85.922935485839844;
2481378205.1293845;-85.913063049316406;
2481538461.5396409;-85.911094665527344;
2481698717.9498973;-85.865837097167969;
2481858974.3601537;-85.883506774902344;
2482019230.7704101;-85.897285461425781;
2482179487.1806664;-85.911094665527344;
2482339743.5909228;-85.907142639160156;
2482500000.0011792;-85.875457763671875;
2482660256.4114356;-85.911941528320313;
2482820512.8216925;-85.901679992675781;
2482980769.2319489;-85.89727783203125;
2483141025.6422052;-85.911094665527344;
2483301282.0524616;-85.911094665527344;
2483461538.462718;-85.909126281738281;
2483621794.8729744;-85.930824279785156;
2483782051.2832308;-85.887458801269531;
2483942307.6934872;-85.905174255371094;
2484102564.1037436;-85.895317077636719;
2484262820.5139999;-85.913063049316406;
