Type;ESU;
Version;4.43;
Date;03.Jun 16;
Mode;ANALYZER;
Center Freq;2434262820.514000;Hz
Freq Offset;0.000000;Hz
Span;100000000.000000;Hz
x-Axis;LIN;
Start;2384262820.514000;Hz
Stop;2484262820.514000;Hz
Ref Level;-9.000000;dBm
Level Offset;0.000000;dB
Ref Position;100.000000;%
y-Axis;LOG;
Level Range;100.000000;dB
Rf Att;5.000000;dB
RBW;2000000.000000;Hz
VBW;30.000000;Hz
SWT;4.200000;s
Trace Mode;CLR/WRITE;
Detector;RMS;
Sweep Count;0;
Trace 1:;;
x-Unit;Hz;
y-Unit;dBm;
Values;625;
2384262820.5139999;-85.710334777832031;
2384423076.9242563;-85.718048095703125;
2384583333.3345127;-85.712265014648437;
2384743589.7447691;-85.712265014648437;
2384903846.1550255;-85.710334777832031;
2385064102.5652819;-85.716110229492188;
2385224358.9755383;-85.723831176757813;
2385384615.3857946;-85.714187622070313;
2385544871.796051;-85.708412170410156;
2385705128.2063074;-85.718032836914063;
2385865384.6165643;-85.74896240234375;
2386025641.0268207;-85.719978332519531;
2386185897.437077;-85.712265014648437;
2386346153.8473334;-85.721900939941406;
2386506410.2575898;-85.708412170410156;
2386666666.6678462;-85.716110229492188;
2386826923.0781026;-85.691078186035156;
2386987179.488359;-85.698776245117188;
2387147435.8986154;-85.710334777832031;
2387307692.3088717;-85.704551696777344;
2387467948.7191281;-85.710334777832031;
2387628205.1293845;-85.729621887207031;
2387788461.5396409;-85.712905883789063;
2387948717.9498973;-85.708412170410156;
2388108974.3601537;-85.710334777832031;
2388269230.7704101;-85.708412170410156;
2388429487.1806664;-85.698768615722656;
2388589743.5909228;-85.702629089355469;
2388750000.0011792;-85.702613830566406;
2388910256.4114356;-85.710334777832031;
2389070512.8216925;-85.702629089355469;
2389230769.2319489;-85.704551696777344;
2389391025.6422052;-85.70263671875;
2389551282.0524616;-85.685325622558594;
2389711538.462718;-85.704551696777344;
2389871794.8729744;-85.712265014648437;
2390032051.2832308;-85.697486877441406;
2390192307.6934872;-85.70648193359375;
2390352564.1037436;-85.685310363769531;
2390512820.5139999;-85.712265014648437;
2390673076.9242563;-85.691078186035156;
2390833333.3345127;-85.660385131835938;
2390993589.7447691;-85.689155578613281;
2391153846.1550255;-85.677635192871094;
2391314102.5652819;-85.650787353515625;
2391474358.9755383;-85.679557800292969;
2391634615.3857946;-85.681465148925781;
2391794871.796051;-85.685302734375;
2391955128.2063074;-85.660377502441406;
2392115384.6165643;-85.685310363769531;
2392275641.0268207;-85.698768615722656;
2392435897.437077;-85.698776245117188;
2392596153.8473334;-85.68145751953125;
2392756410.2575898;-85.639511108398438;
2392916666.6678462;-85.61260986328125;
2393076923.0781026;-85.601127624511719;
2393237179.488359;-85.616348266601563;
2393397435.8986154;-85.618301391601563;
2393557692.3088717;-85.599273681640625;
2393717948.7191281;-85.597358703613281;
2393878205.1293845;-85.608787536621094;
2394038461.5396409;-85.608726501464844;
2394198717.9498973;-85.610671997070313;
2394358974.3601537;-85.606880187988281;
2394519230.7704101;-85.606887817382812;
2394679487.1806664;-85.59735107421875;
2394839743.5909228;-85.580276489257813;
2395000000.0011792;-85.584060668945313;
2395160256.4114356;-85.589767456054688;
2395320512.8216925;-85.612403869628906;
2395480769.2319489;-85.595466613769531;
2395641025.6422052;-85.603057861328125;
2395801282.0524616;-85.61260986328125;
2395961538.462718;-85.625953674316406;
2396121794.8729744;-85.608787536621094;
2396282051.2832308;-85.616424560546875;
2396442307.6934872;-85.635513305664063;
2396602564.1037436;-85.62786865234375;
2396762820.5139999;-85.618339538574219;
2396923076.9242563;-85.618339538574219;
2397083333.3345127;-85.603096008300781;
2397243589.7447691;-85.64697265625;
2397403846.1550255;-85.648887634277344;
2397564102.5652819;-85.624053955078125;
2397724358.9755383;-85.629783630371094;
2397884615.3857946;-85.629776000976563;
2398044871.796051;-85.654632568359375;
2398205128.2063074;-85.654632568359375;
2398365384.6165643;-85.618339538574219;
2398525641.0268207;-85.609024047851563;
2398685897.437077;-85.614524841308594;
2398846153.8473334;-85.622154235839844;
2399006410.2575898;-85.624053955078125;
2399166666.6678462;-85.620246887207031;
2399326923.0781026;-85.627876281738281;
2399487179.488359;-85.604995727539063;
2399647435.8986154;-85.616432189941406;
2399807692.3088717;-85.622154235839844;
2399967948.7191281;-85.620246887207031;
2400128205.1293845;-85.618339538574219;
2400288461.5396409;-85.614524841308594;
2400448717.9498973;-85.620246887207031;
2400608974.3601537;-85.618339538574219;
2400769230.7704101;-85.620246887207031;
2400929487.1806664;-85.624053955078125;
2401089743.5909228;-85.622154235839844;
2401250000.0011792;-85.616432189941406;
2401410256.4114356;-85.612617492675781;
2401570512.8216925;-85.610710144042969;
2401730769.2319489;-85.620246887207031;
2401891025.6422052;-85.616432189941406;
2402051282.0524616;-85.616432189941406;
2402211538.462718;-85.60308837890625;
2402371794.8729744;-85.583648681640625;
2402532051.2832308;-85.618339538574219;
2402692307.6934872;-85.614524841308594;
2402852564.1037436;-85.624053955078125;
2403012820.5139999;-85.624061584472656;
2403173076.9242563;-85.620246887207031;
2403333333.3345127;-85.633598327636719;
2403493589.7447691;-85.633598327636719;
2403653846.1550255;-85.616432189941406;
2403814102.5652819;-85.618339538574219;
2403974358.9755383;-85.63360595703125;
2404134615.3857946;-85.616432189941406;
2404294871.796051;-85.62786865234375;
2404455128.2063074;-85.635513305664063;
2404615384.6165643;-85.619186401367188;
2404775641.0268207;-85.616432189941406;
2404935897.437077;-85.614524841308594;
2405096153.8473334;-85.610710144042969;
2405256410.2575898;-85.631690979003906;
2405416666.6678462;-85.629776000976563;
2405576923.0781026;-85.606903076171875;
2405737179.488359;-85.631690979003906;
2405897435.8986154;-85.622154235839844;
2406057692.3088717;-85.620246887207031;
2406217948.7191281;-85.631690979003906;
2406378205.1293845;-85.641250610351563;
2406538461.5396409;-85.653144836425781;
2406698717.9498973;-85.689163208007813;
2406858974.3601537;-85.70263671875;
2407019230.7704101;-85.704559326171875;
2407179487.1806664;-85.675689697265625;
2407339743.5909228;-85.639335632324219;
2407500000.0011792;-85.620246887207031;
2407660256.4114356;-85.629776000976563;
2407820512.8216925;-85.633590698242188;
2407980769.2319489;-85.635513305664063;
2408141025.6422052;-85.646980285644531;
2408301282.0524616;-85.652725219726563;
2408461538.462718;-85.632743835449219;
2408621794.8729744;-85.633590698242188;
2408782051.2832308;-85.654632568359375;
2408942307.6934872;-85.669960021972656;
2409102564.1037436;-85.691085815429687;
2409262820.5139999;-85.683403015136719;
2409423076.9242563;-85.700698852539063;
2409583333.3345127;-85.704559326171875;
2409743589.7447691;-85.679557800292969;
2409903846.1550255;-85.702629089355469;
2410064102.5652819;-85.669944763183594;
2410224358.9755383;-85.6527099609375;
2410384615.3857946;-85.696861267089844;
2410544871.796051;-85.696861267089844;
2410705128.2063074;-85.681480407714844;
2410865384.6165643;-85.699203491210937;
2411025641.0268207;-85.70648193359375;
2411185897.437077;-85.704551696777344;
2411346153.8473334;-85.694931030273438;
2411506410.2575898;-85.670433044433594;
2411666666.6678462;-85.673774719238281;
2411826923.0781026;-85.691085815429687;
2411987179.488359;-85.712265014648437;
2412147435.8986154;-85.700698852539063;
2412307692.3088717;-85.696853637695313;
2412467948.7191281;-85.708412170410156;
2412628205.1293845;-85.698783874511719;
2412788461.5396409;-85.70648193359375;
2412948717.9498973;-85.708412170410156;
2413108974.3601537;-85.702629089355469;
2413269230.7704101;-85.706474304199219;
2413429487.1806664;-85.698776245117188;
2413589743.5909228;-85.691085815429687;
2413750000.0011792;-85.702621459960937;
2413910256.4114356;-85.698783874511719;
2414070512.8216925;-85.689170837402344;
2414230769.2319489;-85.70648193359375;
2414391025.6422052;-85.694931030273438;
2414551282.0524616;-85.693000793457031;
2414711538.462718;-85.691085815429687;
2414871794.8729744;-85.687248229980469;
2415032051.2832308;-85.694931030273438;
2415192307.6934872;-85.687240600585938;
2415352564.1037436;-85.698776245117188;
2415512820.5139999;-74.057579040527344;
2415673076.9242563;-71.671134948730469;
2415833333.3345127;-73.610694885253906;
2415993589.7447691;-80.774085998535156;
2416153846.1550255;-78.520027160644531;
2416314102.5652819;-71.913505554199219;
2416474358.9755383;-70.480201721191406;
2416634615.3857946;-77.731239318847656;
2416794871.796051;-82.845596313476562;
2416955128.2063074;-78.4215087890625;
2417115384.6165643;-78.858444213867188;
2417275641.0268207;-79.161750793457031;
2417435897.437077;-83.522018432617188;
2417596153.8473334;-85.088554382324219;
2417756410.2575898;-85.523323059082031;
2417916666.6678462;-85.637420654296875;
2418076923.0781026;-85.664215087890625;
2418237179.488359;-85.669937133789063;
2418397435.8986154;-85.677635192871094;
2418557692.3088717;-85.702629089355469;
2418717948.7191281;-85.704551696777344;
2418878205.1293845;-85.698776245117188;
2419038461.5396409;-85.716110229492188;
2419198717.9498973;-85.710334777832031;
2419358974.3601537;-85.710334777832031;
2419519230.7704101;-85.693008422851562;
2419679487.1806664;-85.685325622558594;
2419839743.5909228;-85.675712585449219;
2420000000.0011792;-85.679557800292969;
2420160256.4114356;-85.710334777832031;
2420320512.8216925;-85.712265014648437;
2420480769.2319489;-85.708412170410156;
2420641025.6422052;-85.70703125;
2420801282.0524616;-85.697486877441406;
2420961538.462718;-85.700424194335937;
2421121794.8729744;-85.7060546875;
2421282051.2832308;-85.70703125;
2421442307.6934872;-85.700698852539063;
2421602564.1037436;-85.662300109863281;
2421762820.5139999;-85.660377502441406;
2421923076.9242563;-85.693000793457031;
2422083333.3345127;-85.694931030273438;
2422243589.7447691;-85.708412170410156;
2422403846.1550255;-85.696853637695313;
2422564102.5652819;-85.677635192871094;
2422724358.9755383;-85.668052673339844;
2422884615.3857946;-85.70648193359375;
2423044871.796051;-85.687232971191406;
2423205128.2063074;-85.648895263671875;
2423365384.6165643;-85.643150329589844;
2423525641.0268207;-85.691070556640625;
2423685897.437077;-85.714187622070313;
2423846153.8473334;-85.70648193359375;
2424006410.2575898;-85.708412170410156;
2424166666.6678462;-85.70648193359375;
2424326923.0781026;-85.710334777832031;
2424487179.488359;-85.70648193359375;
2424647435.8986154;-85.706474304199219;
2424807692.3088717;-85.689109802246094;
2424967948.7191281;-85.699203491210937;
2425128205.1293845;-85.712257385253906;
2425288461.5396409;-85.710334777832031;
2425448717.9498973;-85.696853637695313;
2425608974.3601537;-85.704551696777344;
2425769230.7704101;-85.708412170410156;
2425929487.1806664;-85.727691650390625;
2426089743.5909228;-85.710334777832031;
2426250000.0011792;-85.708412170410156;
2426410256.4114356;-85.712265014648437;
2426570512.8216925;-85.70648193359375;
2426730769.2319489;-85.725746154785156;
2426891025.6422052;-85.741195678710938;
2427051282.0524616;-85.708412170410156;
2427211538.462718;-85.704551696777344;
2427371794.8729744;-85.706466674804688;
2427532051.2832308;-85.690658569335938;
2427692307.6934872;-85.714179992675781;
2427852564.1037436;-85.650802612304688;
2428012820.5139999;-85.627853393554687;
2428173076.9242563;-85.620201110839844;
2428333333.3345127;-85.481742858886719;
2428493589.7447691;-85.326667785644531;
2428653846.1550255;-85.162506103515625;
2428814102.5652819;-84.903572082519531;
2428974358.9755383;-84.527412414550781;
2429134615.3857946;-84.044967651367188;
2429294871.796051;-83.370376586914063;
2429455128.2063074;-82.536758422851563;
2429615384.6165643;-81.731552124023438;
2429775641.0268207;-79.900054931640625;
2429935897.437077;-78.491371154785156;
2430096153.8473334;-77.335968017578125;
2430256410.2575898;-75.16595458984375;
2430416666.6678462;-73.551033020019531;
2430576923.0781026;-71.935462951660156;
2430737179.488359;-70.11627197265625;
2430897435.8986154;-68.603065490722656;
2431057692.3088717;-67.27880859375;
2431217948.7191281;-65.485565185546875;
2431378205.1293845;-64.078010559082031;
2431538461.5396409;-62.787315368652344;
2431698717.9498973;-60.877548217773438;
2431858974.3601537;-59.524860382080078;
2432019230.7704101;-58.378940582275391;
2432179487.1806664;-56.644187927246094;
2432339743.5909228;-55.467403411865234;
2432500000.0011792;-54.413604736328125;
2432660256.4114356;-52.839267730712891;
2432820512.8216925;-51.718173980712891;
2432980769.2319489;-50.742897033691406;
2433141025.6422052;-49.385025024414062;
2433301282.0524616;-48.435501098632812;
2433461538.462718;-47.577667236328125;
2433621794.8729744;-46.629718780517578;
2433782051.2832308;-46.027931213378906;
2433942307.6934872;-45.490440368652344;
2434102564.1037436;-45.017452239990234;
2434262820.5139999;-44.885120391845703;
2434423076.9242563;-44.775440216064453;
2434583333.3345127;-44.812419891357422;
2434743589.7447691;-43.797733306884766;
2434903846.1550255;-44.347007751464844;
2435064102.5652819;-45.129863739013672;
2435224358.9755383;-45.939765930175781;
2435384615.3857946;-46.952571868896484;
2435544871.796051;-48.017589569091797;
2435705128.2063074;-48.918666839599609;
2435865384.6165643;-50.094257354736328;
2436025641.0268207;-51.299404144287109;
2436185897.437077;-52.285850524902344;
2436346153.8473334;-53.709403991699219;
2436506410.2575898;-55.148723602294922;
2436666666.6678462;-56.249065399169922;
2436826923.0781026;-57.822124481201172;
2436987179.488359;-59.337863922119141;
2437147435.8986154;-60.424800872802734;
2437307692.3088717;-61.936759948730469;
2437467948.7191281;-63.338260650634766;
2437628205.1293845;-64.618682861328125;
2437788461.5396409;-66.434333801269531;
2437948717.9498973;-67.947029113769531;
2438108974.3601537;-69.199020385742187;
2438269230.7704101;-70.915504455566406;
2438429487.1806664;-72.264442443847656;
2438589743.5909228;-73.212066650390625;
2438750000.0011792;-74.771926879882813;
2438910256.4114356;-76.038223266601563;
2439070512.8216925;-76.977180480957031;
2439230769.2319489;-78.329963684082031;
2439391025.6422052;-79.305549621582031;
2439551282.0524616;-80.126960754394531;
2439711538.462718;-81.519866943359375;
2439871794.8729744;-82.502731323242188;
2440032051.2832308;-83.248863220214844;
2440192307.6934872;-84.156585693359375;
2440352564.1037436;-84.682479858398437;
2440512820.5139999;-84.946731567382812;
2440673076.9242563;-85.255592346191406;
2440833333.3345127;-85.467063903808594;
2440993589.7447691;-85.538604736328125;
2441153846.1550255;-85.660346984863281;
2441314102.5652819;-85.704551696777344;
2441474358.9755383;-85.721900939941406;
2441634615.3857946;-85.737350463867188;
2441794871.796051;-85.733482360839844;
2441955128.2063074;-85.776069641113281;
2442115384.6165643;-85.811103820800781;
2442275641.0268207;-85.816963195800781;
2442435897.437077;-85.81695556640625;
2442596153.8473334;-85.779983520507813;
2442756410.2575898;-85.81500244140625;
2442916666.6678462;-85.807212829589844;
2443076923.0781026;-85.8145751953125;
2443237179.488359;-85.80914306640625;
2443397435.8986154;-85.81109619140625;
2443557692.3088717;-85.82086181640625;
2443717948.7191281;-85.81695556640625;
2443878205.1293845;-85.807212829589844;
2444038461.5396409;-85.813056945800781;
2444198717.9498973;-85.809158325195313;
2444358974.3601537;-85.81890869140625;
2444519230.7704101;-85.82476806640625;
2444679487.1806664;-85.814994812011719;
2444839743.5909228;-85.803314208984375;
2445000000.0011792;-85.815010070800781;
2445160256.4114356;-85.82086181640625;
2445320512.8216925;-85.772201538085938;
2445480769.2319489;-85.795516967773438;
2445641025.6422052;-85.81890869140625;
2445801282.0524616;-85.826713562011719;
2445961538.462718;-85.813056945800781;
2446121794.8729744;-85.82086181640625;
2446282051.2832308;-85.830619812011719;
2446442307.6934872;-85.854103088378906;
2446602564.1037436;-85.826713562011719;
2446762820.5139999;-85.813056945800781;
2446923076.9242563;-85.82086181640625;
2447083333.3345127;-85.82672119140625;
2447243589.7447691;-85.81890869140625;
2447403846.1550255;-85.815010070800781;
2447564102.5652819;-85.816963195800781;
2447724358.9755383;-85.775932312011719;
2447884615.3857946;-85.747001647949219;
2448044871.796051;-85.778007507324219;
2448205128.2063074;-85.811103820800781;
2448365384.6165643;-85.818038940429687;
2448525641.0268207;-85.807205200195313;
2448685897.437077;-85.82086181640625;
2448846153.8473334;-85.816963195800781;
2449006410.2575898;-85.816963195800781;
2449166666.6678462;-85.81890869140625;
2449326923.0781026;-85.82086181640625;
2449487179.488359;-85.816963195800781;
2449647435.8986154;-85.82281494140625;
2449807692.3088717;-85.793571472167969;
2449967948.7191281;-85.811111450195313;
2450128205.1293845;-85.772079467773438;
2450288461.5396409;-85.74505615234375;
2450448717.9498973;-85.791618347167969;
2450608974.3601537;-85.82281494140625;
2450769230.7704101;-85.816963195800781;
2450929487.1806664;-85.815010070800781;
2451089743.5909228;-85.81890869140625;
2451250000.0011792;-85.82281494140625;
2451410256.4114356;-85.816963195800781;
2451570512.8216925;-85.81695556640625;
2451730769.2319489;-85.826705932617188;
2451891025.6422052;-85.813056945800781;
2452051282.0524616;-85.820854187011719;
2452211538.462718;-83.637611389160156;
2452371794.8729744;-84.733673095703125;
2452532051.2832308;-85.493049621582031;
2452692307.6934872;-83.168617248535156;
2452852564.1037436;-84.843605041503906;
2453012820.5139999;-85.568359375;
2453173076.9242563;-85.779945373535156;
2453333333.3345127;-85.815010070800781;
2453493589.7447691;-85.722282409667969;
2453653846.1550255;-85.589920043945313;
2453814102.5652819;-85.781890869140625;
2453974358.9755383;-85.826713562011719;
2454134615.3857946;-85.84234619140625;
2454294871.796051;-85.82476806640625;
2454455128.2063074;-85.828666687011719;
2454615384.6165643;-85.82086181640625;
2454775641.0268207;-85.83843994140625;
2454935897.437077;-85.82086181640625;
2455096153.8473334;-85.81304931640625;
2455256410.2575898;-85.828666687011719;
2455416666.6678462;-85.840591430664063;
2455576923.0781026;-85.889434814453125;
2455737179.488359;-85.84429931640625;
2455897435.8986154;-85.830619812011719;
2456057692.3088717;-85.854095458984375;
2456217948.7191281;-85.854072570800781;
2456378205.1293845;-85.826713562011719;
2456538461.5396409;-85.842338562011719;
2456698717.9498973;-85.842353820800781;
2456858974.3601537;-85.826705932617188;
2457019230.7704101;-85.877632141113281;
2457179487.1806664;-85.369102478027344;
2457339743.5909228;-84.677635192871094;
2457500000.0011792;-85.5003662109375;
2457660256.4114356;-85.727676391601563;
2457820512.8216925;-85.828628540039063;
2457980769.2319489;-85.832565307617188;
2458141025.6422052;-85.850181579589844;
2458301282.0524616;-85.842353820800781;
2458461538.462718;-85.846267700195313;
2458621794.8729744;-85.785659790039063;
2458782051.2832308;-85.820854187011719;
2458942307.6934872;-85.83648681640625;
2459102564.1037436;-85.82086181640625;
2459262820.5139999;-85.881507873535156;
2459423076.9242563;-85.899261474609375;
2459583333.3345127;-85.880691528320312;
2459743589.7447691;-85.887466430664063;
2459903846.1550255;-85.887458801269531;
2460064102.5652819;-85.913063049316406;
2460224358.9755383;-85.909126281738281;
2460384615.3857946;-85.907150268554688;
2460544871.796051;-85.907150268554688;
2460705128.2063074;-85.907150268554688;
2460865384.6165643;-85.909126281738281;
2461025641.0268207;-85.873687744140625;
2461185897.437077;-85.84039306640625;
2461346153.8473334;-85.84625244140625;
2461506410.2575898;-85.905174255371094;
2461666666.6678462;-85.905181884765625;
2461826923.0781026;-85.909126281738281;
2461987179.488359;-85.898178100585938;
2462147435.8986154;-85.917015075683594;
2462307692.3088717;-85.907150268554688;
2462467948.7191281;-85.9150390625;
2462628205.1293845;-85.903205871582031;
2462788461.5396409;-85.913063049316406;
2462948717.9498973;-85.907150268554688;
2463108974.3601537;-85.90911865234375;
2463269230.7704101;-85.913063049316406;
2463429487.1806664;-85.905174255371094;
2463589743.5909228;-85.893356323242187;
2463750000.0011792;-85.901237487792969;
2463910256.4114356;-85.901237487792969;
2464070512.8216925;-85.934776306152344;
2464230769.2319489;-85.905181884765625;
2464391025.6422052;-85.885482788085938;
2464551282.0524616;-85.875450134277344;
2464711538.462718;-85.905181884765625;
2464871794.8729744;-85.905181884765625;
2465032051.2832308;-85.905181884765625;
2465192307.6934872;-85.905174255371094;
2465352564.1037436;-85.901237487792969;
2465512820.5139999;-85.90911865234375;
2465673076.9242563;-85.895317077636719;
2465833333.3345127;-85.907150268554688;
2465993589.7447691;-85.9150390625;
2466153846.1550255;-85.9150390625;
2466314102.5652819;-85.907150268554688;
2466474358.9755383;-85.9189453125;
2466634615.3857946;-85.966453552246094;
2466794871.796051;-85.909126281738281;
2466955128.2063074;-85.901237487792969;
2467115384.6165643;-85.90911865234375;
2467275641.0268207;-85.919197082519531;
2467435897.437077;-85.907150268554688;
2467596153.8473334;-85.909126281738281;
2467756410.2575898;-85.913063049316406;
2467916666.6678462;-85.895332336425781;
2468076923.0781026;-85.905174255371094;
2468237179.488359;-85.917015075683594;
2468397435.8986154;-85.913063049316406;
2468557692.3088717;-85.911094665527344;
2468717948.7191281;-85.913063049316406;
2468878205.1293845;-85.911094665527344;
2469038461.5396409;-85.911087036132812;
2469198717.9498973;-85.897300720214844;
2469358974.3601537;-85.909126281738281;
2469519230.7704101;-85.922927856445312;
2469679487.1806664;-85.899269104003906;
2469839743.5909228;-85.909126281738281;
2470000000.0011792;-85.883529663085937;
2470160256.4114356;-85.903190612792969;
2470320512.8216925;-85.903427124023438;
2470480769.2319489;-85.911094665527344;
2470641025.6422052;-85.92095947265625;
2470801282.0524616;-85.905166625976563;
2470961538.462718;-85.911094665527344;
2471121794.8729744;-85.909126281738281;
2471282051.2832308;-85.907150268554688;
2471442307.6934872;-85.909126281738281;
2471602564.1037436;-85.889427185058594;
2471762820.5139999;-85.920951843261719;
2471923076.9242563;-85.918975830078125;
2472083333.3345127;-85.911094665527344;
2472243589.7447691;-85.891395568847656;
2472403846.1550255;-85.89532470703125;
2472564102.5652819;-85.922935485839844;
2472724358.9755383;-85.887451171875;
2472884615.3857946;-85.901237487792969;
2473044871.796051;-85.913063049316406;
2473205128.2063074;-85.893348693847656;
2473365384.6165643;-85.92095947265625;
2473525641.0268207;-85.903205871582031;
2473685897.437077;-85.903213500976563;
2473846153.8473334;-85.89532470703125;
2474006410.2575898;-85.906929016113281;
2474166666.6678462;-85.893363952636719;
2474326923.0781026;-85.905174255371094;
2474487179.488359;-85.873710632324219;
2474647435.8986154;-85.863899230957031;
2474807692.3088717;-85.871726989746094;
2474967948.7191281;-85.883529663085937;
2475128205.1293845;-85.828651428222656;
2475288461.5396409;-85.815010070800781;
2475448717.9498973;-85.81890869140625;
2475608974.3601537;-85.81890869140625;
2475769230.7704101;-85.813041687011719;
2475929487.1806664;-85.739280700683594;
2476089743.5909228;-85.719970703125;
2476250000.0011792;-85.70648193359375;
2476410256.4114356;-85.712265014648437;
2476570512.8216925;-85.683395385742188;
2476730769.2319489;-85.669960021972656;
2476891025.6422052;-85.664215087890625;
2477051282.0524616;-85.631690979003906;
2477211538.462718;-85.643096923828125;
2477371794.8729744;-85.710334777832031;
2477532051.2832308;-85.70263671875;
2477692307.6934872;-85.660369873046875;
2477852564.1037436;-85.625968933105469;
2478012820.5139999;-85.654640197753906;
2478173076.9242563;-85.656547546386719;
2478333333.3345127;-85.681472778320312;
2478493589.7447691;-85.711189270019531;
2478653846.1550255;-85.714187622070313;
2478814102.5652819;-85.716117858886719;
2478974358.9755383;-85.708412170410156;
2479134615.3857946;-85.708412170410156;
2479294871.796051;-85.735404968261719;
2479455128.2063074;-85.737350463867188;
2479615384.6165643;-85.793548583984375;
2479775641.0268207;-85.82086181640625;
2479935897.437077;-85.82281494140625;
2480096153.8473334;-85.81890869140625;
2480256410.2575898;-85.844291687011719;
2480416666.6678462;-85.885475158691406;
2480576923.0781026;-85.881568908691406;
2480737179.488359;-85.911094665527344;
2480897435.8986154;-85.913063049316406;
2481057692.3088717;-85.897300720214844;
2481217948.7191281;-85.909126281738281;
2481378205.1293845;-85.9012451171875;
2481538461.5396409;-85.913063049316406;
2481698717.9498973;-85.911094665527344;
2481858974.3601537;-85.911094665527344;
2482019230.7704101;-85.911094665527344;
2482179487.1806664;-85.9150390625;
2482339743.5909228;-85.911094665527344;
2482500000.0011792;-85.897300720214844;
2482660256.4114356;-85.907142639160156;
2482820512.8216925;-85.909126281738281;
2482980769.2319489;-85.89727783203125;
2483141025.6422052;-85.895309448242188;
2483301282.0524616;-85.9268798828125;
2483461538.462718;-85.9150390625;
2483621794.8729744;-85.911094665527344;
2483782051.2832308;-85.942695617675781;
2483942307.6934872;-85.9150390625;
2484102564.1037436;-85.9150390625;
2484262820.5139999;-85.911087036132812;
