Type;ESU;
Version;4.43;
Date;03.Jun 16;
Mode;ANALYZER;
Center Freq;2434262820.514000;Hz
Freq Offset;0.000000;Hz
Span;100000000.000000;Hz
x-Axis;LIN;
Start;2384262820.514000;Hz
Stop;2484262820.514000;Hz
Ref Level;-9.000000;dBm
Level Offset;0.000000;dB
Ref Position;100.000000;%
y-Axis;LOG;
Level Range;100.000000;dB
Rf Att;5.000000;dB
RBW;2000000.000000;Hz
VBW;50.000000;Hz
SWT;2.500000;s
Trace Mode;CLR/WRITE;
Detector;RMS;
Sweep Count;0;
Trace 1:;;
x-Unit;Hz;
y-Unit;dBm;
Values;625;
2384262820.5139999;-85.710334777832031;
2384423076.9242563;-85.708404541015625;
2384583333.3345127;-85.712265014648437;
2384743589.7447691;-85.710334777832031;
2384903846.1550255;-85.704551696777344;
2385064102.5652819;-85.7296142578125;
2385224358.9755383;-85.702629089355469;
2385384615.3857946;-85.710334777832031;
2385544871.796051;-85.691078186035156;
2385705128.2063074;-85.698776245117188;
2385865384.6165643;-85.727691650390625;
2386025641.0268207;-85.702606201171875;
2386185897.437077;-85.671882629394531;
2386346153.8473334;-85.687248229980469;
2386506410.2575898;-85.71417236328125;
2386666666.6678462;-85.706474304199219;
2386826923.0781026;-85.70452880859375;
2386987179.488359;-85.66229248046875;
2387147435.8986154;-85.696846008300781;
2387307692.3088717;-85.70263671875;
2387467948.7191281;-85.704551696777344;
2387628205.1293845;-85.702629089355469;
2387788461.5396409;-85.712265014648437;
2387948717.9498973;-85.727676391601563;
2388108974.3601537;-85.708412170410156;
2388269230.7704101;-85.698783874511719;
2388429487.1806664;-85.666130065917969;
2388589743.5909228;-85.660369873046875;
2388750000.0011792;-85.706474304199219;
2388910256.4114356;-85.70648193359375;
2389070512.8216925;-85.675712585449219;
2389230769.2319489;-85.660377502441406;
2389391025.6422052;-85.700706481933594;
2389551282.0524616;-85.694923400878906;
2389711538.462718;-85.704551696777344;
2389871794.8729744;-85.704544067382812;
2390032051.2832308;-85.689155578613281;
2390192307.6934872;-85.685310363769531;
2390352564.1037436;-85.677627563476562;
2390512820.5139999;-85.66229248046875;
2390673076.9242563;-85.698776245117188;
2390833333.3345127;-85.687240600585938;
2390993589.7447691;-85.712249755859375;
2391153846.1550255;-85.668045043945313;
2391314102.5652819;-85.66802978515625;
2391474358.9755383;-85.668037414550781;
2391634615.3857946;-85.687240600585938;
2391794871.796051;-85.70648193359375;
2391955128.2063074;-85.689125061035156;
2392115384.6165643;-85.631690979003906;
2392275641.0268207;-85.616424560546875;
2392435897.437077;-85.635505676269531;
2392596153.8473334;-85.629776000976563;
2392756410.2575898;-85.635505676269531;
2392916666.6678462;-85.646965026855469;
2393076923.0781026;-85.629776000976563;
2393237179.488359;-85.624038696289062;
2393397435.8986154;-85.604995727539063;
2393557692.3088717;-85.595458984375;
2393717948.7191281;-85.616432189941406;
2393878205.1293845;-85.585968017578125;
2394038461.5396409;-85.610679626464844;
2394198717.9498973;-85.532966613769531;
2394358974.3601537;-85.59735107421875;
2394519230.7704101;-85.610702514648437;
2394679487.1806664;-85.589653015136719;
2394839743.5909228;-85.587860107421875;
2395000000.0011792;-85.568763732910156;
2395160256.4114356;-85.561325073242188;
2395320512.8216925;-85.570762634277344;
2395480769.2319489;-85.614524841308594;
2395641025.6422052;-85.546173095703125;
2395801282.0524616;-85.616386413574219;
2395961538.462718;-85.606903076171875;
2396121794.8729744;-85.625930786132813;
2396282051.2832308;-85.639312744140625;
2396442307.6934872;-85.645027160644531;
2396602564.1037436;-85.641212463378906;
2396762820.5139999;-85.696846008300781;
2396923076.9242563;-85.639320373535156;
2397083333.3345127;-85.60498046875;
2397243589.7447691;-85.570793151855469;
2397403846.1550255;-85.595481872558594;
2397564102.5652819;-85.63360595703125;
2397724358.9755383;-85.591636657714844;
2397884615.3857946;-85.606880187988281;
2398044871.796051;-85.622146606445313;
2398205128.2063074;-85.650794982910156;
2398365384.6165643;-85.63360595703125;
2398525641.0268207;-85.637420654296875;
2398685897.437077;-85.618324279785156;
2398846153.8473334;-85.6011962890625;
2399006410.2575898;-85.689132690429688;
2399166666.6678462;-85.702629089355469;
2399326923.0781026;-85.632736206054687;
2399487179.488359;-85.625968933105469;
2399647435.8986154;-85.624267578125;
2399807692.3088717;-85.628150939941406;
2399967948.7191281;-85.603927612304688;
2400128205.1293845;-85.639053344726563;
2400288461.5396409;-85.618339538574219;
2400448717.9498973;-85.629783630371094;
2400608974.3601537;-85.618339538574219;
2400769230.7704101;-85.608810424804688;
2400929487.1806664;-85.645057678222656;
2401089743.5909228;-85.616424560546875;
2401250000.0011792;-85.625961303710938;
2401410256.4114356;-85.622146606445313;
2401570512.8216925;-85.612617492675781;
2401730769.2319489;-85.576492309570313;
2401891025.6422052;-85.601188659667969;
2402051282.0524616;-85.567008972167969;
2402211538.462718;-85.612602233886719;
2402371794.8729744;-85.608802795410156;
2402532051.2832308;-85.563217163085938;
2402692307.6934872;-85.595481872558594;
2402852564.1037436;-85.616432189941406;
2403012820.5139999;-85.606887817382812;
2403173076.9242563;-85.612617492675781;
2403333333.3345127;-85.622154235839844;
2403493589.7447691;-85.612617492675781;
2403653846.1550255;-85.610710144042969;
2403814102.5652819;-85.591682434082031;
2403974358.9755383;-85.610710144042969;
2404134615.3857946;-85.612617492675781;
2404294871.796051;-85.631675720214844;
2404455128.2063074;-85.601188659667969;
2404615384.6165643;-85.620246887207031;
2404775641.0268207;-85.631690979003906;
2404935897.437077;-85.616432189941406;
2405096153.8473334;-85.6011962890625;
2405256410.2575898;-85.618331909179687;
2405416666.6678462;-85.616432189941406;
2405576923.0781026;-85.633560180664063;
2405737179.488359;-85.696846008300781;
2405897435.8986154;-85.660377502441406;
2406057692.3088717;-85.633583068847656;
2406217948.7191281;-85.604988098144531;
2406378205.1293845;-85.608795166015625;
2406538461.5396409;-85.616432189941406;
2406698717.9498973;-85.612617492675781;
2406858974.3601537;-85.624275207519531;
2407019230.7704101;-85.636848449707031;
2407179487.1806664;-85.639518737792969;
2407339743.5909228;-85.631690979003906;
2407500000.0011792;-85.625961303710938;
2407660256.4114356;-85.627655029296875;
2407820512.8216925;-85.62786865234375;
2407980769.2319489;-85.623786926269531;
2408141025.6422052;-85.634452819824219;
2408301282.0524616;-85.624061584472656;
2408461538.462718;-85.622154235839844;
2408621794.8729744;-85.652694702148438;
2408782051.2832308;-85.624053955078125;
2408942307.6934872;-85.639328002929688;
2409102564.1037436;-85.62786865234375;
2409262820.5139999;-85.633590698242188;
2409423076.9242563;-85.604995727539063;
2409583333.3345127;-85.595481872558594;
2409743589.7447691;-85.618339538574219;
2409903846.1550255;-85.618339538574219;
2410064102.5652819;-85.645042419433594;
2410224358.9755383;-85.675689697265625;
2410384615.3857946;-85.612617492675781;
2410544871.796051;-85.622146606445313;
2410705128.2063074;-85.624053955078125;
2410865384.6165643;-85.641242980957031;
2411025641.0268207;-85.677597045898438;
2411185897.437077;-85.662300109863281;
2411346153.8473334;-85.683403015136719;
2411506410.2575898;-85.636634826660156;
2411666666.6678462;-85.625968933105469;
2411826923.0781026;-85.614524841308594;
2411987179.488359;-85.65460205078125;
2412147435.8986154;-85.704551696777344;
2412307692.3088717;-85.721893310546875;
2412467948.7191281;-85.702613830566406;
2412628205.1293845;-85.714179992675781;
2412788461.5396409;-70.053123474121094;
2412948717.9498973;-60.422206878662109;
2413108974.3601537;-67.322868347167969;
2413269230.7704101;-76.607536315917969;
2413429487.1806664;-63.93865966796875;
2413589743.5909228;-57.530242919921875;
2413750000.0011792;-65.631050109863281;
2413910256.4114356;-75.317222595214844;
2414070512.8216925;-74.546638488769531;
2414230769.2319489;-66.667877197265625;
2414391025.6422052;-69.821189880371094;
2414551282.0524616;-78.390541076660156;
2414711538.462718;-83.223526000976563;
2414871794.8729744;-84.990821838378906;
2415032051.2832308;-85.511985778808594;
2415192307.6934872;-85.641212463378906;
2415352564.1037436;-85.656547546386719;
2415512820.5139999;-85.652717590332031;
2415673076.9242563;-85.694931030273438;
2415833333.3345127;-85.689155578613281;
2415993589.7447691;-85.663093566894531;
2416153846.1550255;-85.624061584472656;
2416314102.5652819;-85.6202392578125;
2416474358.9755383;-85.643150329589844;
2416634615.3857946;-85.683387756347656;
2416794871.796051;-85.70648193359375;
2416955128.2063074;-85.704559326171875;
2417115384.6165643;-85.704559326171875;
2417275641.0268207;-85.698783874511719;
2417435897.437077;-85.70648193359375;
2417596153.8473334;-85.698776245117188;
2417756410.2575898;-85.704551696777344;
2417916666.6678462;-85.660377502441406;
2418076923.0781026;-85.65655517578125;
2418237179.488359;-85.660926818847656;
2418397435.8986154;-85.625968933105469;
2418557692.3088717;-85.636871337890625;
2418717948.7191281;-85.666122436523438;
2418878205.1293845;-85.671875;
2419038461.5396409;-85.645072937011719;
2419198717.9498973;-85.654632568359375;
2419358974.3601537;-85.681480407714844;
2419519230.7704101;-85.67572021484375;
2419679487.1806664;-85.679557800292969;
2419839743.5909228;-85.627838134765625;
2420000000.0011792;-85.618339538574219;
2420160256.4114356;-85.633598327636719;
2420320512.8216925;-85.627876281738281;
2420480769.2319489;-85.632514953613281;
2420641025.6422052;-85.631690979003906;
2420801282.0524616;-85.625961303710938;
2420961538.462718;-85.624061584472656;
2421121794.8729744;-85.622146606445313;
2421282051.2832308;-85.637428283691406;
2421442307.6934872;-85.646980285644531;
2421602564.1037436;-85.616432189941406;
2421762820.5139999;-85.706466674804688;
2421923076.9242563;-85.677589416503906;
2422083333.3345127;-85.66802978515625;
2422243589.7447691;-85.718048095703125;
2422403846.1550255;-85.681480407714844;
2422564102.5652819;-85.671836853027344;
2422724358.9755383;-85.643157958984375;
2422884615.3857946;-85.666130065917969;
2423044871.796051;-85.645072937011719;
2423205128.2063074;-85.624061584472656;
2423365384.6165643;-85.631690979003906;
2423525641.0268207;-85.627876281738281;
2423685897.437077;-85.641242980957031;
2423846153.8473334;-85.664215087890625;
2424006410.2575898;-85.618331909179687;
2424166666.6678462;-85.641242980957031;
2424326923.0781026;-85.650772094726563;
2424487179.488359;-85.706466674804688;
2424647435.8986154;-85.687232971191406;
2424807692.3088717;-85.702629089355469;
2424967948.7191281;-85.694931030273438;
2425128205.1293845;-85.70263671875;
2425288461.5396409;-85.706474304199219;
2425448717.9498973;-85.702629089355469;
2425608974.3601537;-85.691085815429687;
2425769230.7704101;-85.673782348632813;
2425929487.1806664;-85.700706481933594;
2426089743.5909228;-85.704551696777344;
2426250000.0011792;-85.694908142089844;
2426410256.4114356;-85.624061584472656;
2426570512.8216925;-85.624046325683594;
2426730769.2319489;-85.631660461425781;
2426891025.6422052;-85.621894836425781;
2427051282.0524616;-85.614524841308594;
2427211538.462718;-85.347160339355469;
2427371794.8729744;-85.414688110351563;
2427532051.2832308;-84.922294616699219;
2427692307.6934872;-85.14794921875;
2427852564.1037436;-84.118598937988281;
2428012820.5139999;-84.537559509277344;
2428173076.9242563;-82.522872924804687;
2428333333.3345127;-83.327133178710938;
2428493589.7447691;-80.603271484375;
2428653846.1550255;-81.203086853027344;
2428814102.5652819;-76.565567016601562;
2428974358.9755383;-77.141632080078125;
2429134615.3857946;-72.907752990722656;
2429294871.796051;-73.118507385253906;
2429455128.2063074;-69.5797119140625;
2429615384.6165643;-68.524124145507813;
2429775641.0268207;-65.987800598144531;
2429935897.437077;-64.333793640136719;
2430096153.8473334;-63.259822845458984;
2430256410.2575898;-60.555187225341797;
2430416666.6678462;-59.555809020996094;
2430576923.0781026;-56.931461334228516;
2430737179.488359;-56.57080078125;
2430897435.8986154;-54.118549346923828;
2431057692.3088717;-53.578777313232422;
2431217948.7191281;-50.604084014892578;
2431378205.1293845;-50.142402648925781;
2431538461.5396409;-47.697772979736328;
2431698717.9498973;-47.597965240478516;
2431858974.3601537;-45.114727020263672;
2432019230.7704101;-44.185253143310547;
2432179487.1806664;-42.166767120361328;
2432339743.5909228;-41.519630432128906;
2432500000.0011792;-40.186141967773438;
2432660256.4114356;-38.984222412109375;
2432820512.8216925;-37.588268280029297;
2432980769.2319489;-36.756969451904297;
2433141025.6422052;-35.930828094482422;
2433301282.0524616;-35.303531646728516;
2433461538.462718;-34.592533111572266;
2433621794.8729744;-34.027217864990234;
2433782051.2832308;-33.682281494140625;
2433942307.6934872;-33.678009033203125;
2434102564.1037436;-33.487644195556641;
2434262820.5139999;-33.678005218505859;
2434423076.9242563;-33.874736785888672;
2434583333.3345127;-34.359905242919922;
2434743589.7447691;-34.856224060058594;
2434903846.1550255;-35.377086639404297;
2435064102.5652819;-36.388496398925781;
2435224358.9755383;-37.440937042236328;
2435384615.3857946;-38.617931365966797;
2435544871.796051;-39.315994262695312;
2435705128.2063074;-40.621086120605469;
2435865384.6165643;-41.583545684814453;
2436025641.0268207;-43.625404357910156;
2436185897.437077;-44.405792236328125;
2436346153.8473334;-45.869842529296875;
2436506410.2575898;-46.802532196044922;
2436666666.6678462;-48.470272064208984;
2436826923.0781026;-50.175640106201172;
2436987179.488359;-51.340808868408203;
2437147435.8986154;-52.686222076416016;
2437307692.3088717;-53.713623046875;
2437467948.7191281;-55.333950042724609;
2437628205.1293845;-56.937252044677734;
2437788461.5396409;-58.361804962158203;
2437948717.9498973;-59.291702270507813;
2438108974.3601537;-60.783054351806641;
2438269230.7704101;-61.862346649169922;
2438429487.1806664;-63.964469909667969;
2438589743.5909228;-64.786972045898438;
2438750000.0011792;-66.167266845703125;
2438910256.4114356;-67.369705200195313;
2439070512.8216925;-68.66864013671875;
2439230769.2319489;-70.702857971191406;
2439391025.6422052;-71.9527587890625;
2439551282.0524616;-73.515472412109375;
2439711538.462718;-74.637199401855469;
2439871794.8729744;-76.605384826660156;
2440032051.2832308;-78.604743957519531;
2440192307.6934872;-80.279304504394531;
2440352564.1037436;-81.221794128417969;
2440512820.5139999;-82.47991943359375;
2440673076.9242563;-83.434478759765625;
2440833333.3345127;-84.53814697265625;
2440993589.7447691;-84.905899047851563;
2441153846.1550255;-85.170555114746094;
2441314102.5652819;-85.368110656738281;
2441474358.9755383;-85.565025329589844;
2441634615.3857946;-85.64501953125;
2441794871.796051;-85.71417236328125;
2441955128.2063074;-85.718040466308594;
2442115384.6165643;-85.710334777832031;
2442275641.0268207;-85.71417236328125;
2442435897.437077;-85.80914306640625;
2442596153.8473334;-85.81890869140625;
2442756410.2575898;-85.815567016601563;
2442916666.6678462;-85.816963195800781;
2443076923.0781026;-85.82281494140625;
2443237179.488359;-85.81890869140625;
2443397435.8986154;-85.811111450195313;
2443557692.3088717;-85.813056945800781;
2443717948.7191281;-85.82476806640625;
2443878205.1293845;-85.813056945800781;
2444038461.5396409;-85.799415588378906;
2444198717.9498973;-85.774124145507813;
2444358974.3601537;-85.764411926269531;
2444519230.7704101;-85.820823669433594;
2444679487.1806664;-85.787727355957031;
2444839743.5909228;-85.785797119140625;
2445000000.0011792;-85.81695556640625;
2445160256.4114356;-85.756698608398437;
2445320512.8216925;-85.785804748535156;
2445480769.2319489;-85.80322265625;
2445641025.6422052;-85.702590942382813;
2445801282.0524616;-85.799385070800781;
2445961538.462718;-85.795494079589844;
2446121794.8729744;-85.785751342773438;
2446282051.2832308;-85.822807312011719;
2446442307.6934872;-85.799949645996094;
2446602564.1037436;-85.807205200195313;
2446762820.5139999;-85.766380310058594;
2446923076.9242563;-85.562385559082031;
2447083333.3345127;-85.63897705078125;
2447243589.7447691;-85.739280700683594;
2447403846.1550255;-85.768325805664062;
2447564102.5652819;-85.801338195800781;
2447724358.9755383;-85.7412109375;
2447884615.3857946;-85.762504577636719;
2448044871.796051;-85.820808410644531;
2448205128.2063074;-85.550041198730469;
2448365384.6165643;-85.5816650390625;
2448525641.0268207;-85.663536071777344;
2448685897.437077;-85.442108154296875;
2448846153.8473334;-85.706405639648438;
2449006410.2575898;-85.760566711425781;
2449166666.6678462;-85.80523681640625;
2449326923.0781026;-85.744552612304688;
2449487179.488359;-85.301498413085937;
2449647435.8986154;-85.638916015625;
2449807692.3088717;-85.774147033691406;
2449967948.7191281;-85.826713562011719;
2450128205.1293845;-85.799407958984375;
2450288461.5396409;-85.74700927734375;
2450448717.9498973;-85.702629089355469;
2450608974.3601537;-85.704551696777344;
2450769230.7704101;-85.704551696777344;
2450929487.1806664;-85.747024536132813;
2451089743.5909228;-85.752769470214844;
2451250000.0011792;-85.807205200195313;
2451410256.4114356;-85.775863647460937;
2451570512.8216925;-85.671798706054688;
2451730769.2319489;-85.743141174316406;
2451891025.6422052;-85.741218566894531;
2452051282.0524616;-85.805252075195313;
2452211538.462718;-85.813056945800781;
2452371794.8729744;-85.801361083984375;
2452532051.2832308;-85.799423217773437;
2452692307.6934872;-85.550895690917969;
2452852564.1037436;-85.620086669921875;
2453012820.5139999;-85.691078186035156;
2453173076.9242563;-85.70068359375;
2453333333.3345127;-85.718040466308594;
2453493589.7447691;-85.748893737792969;
2453653846.1550255;-85.834495544433594;
2453814102.5652819;-85.858016967773438;
2453974358.9755383;-85.811103820800781;
2454134615.3857946;-85.80133056640625;
2454294871.796051;-85.82281494140625;
2454455128.2063074;-85.803298950195313;
2454615384.6165643;-85.81304931640625;
2454775641.0268207;-85.811088562011719;
2454935897.437077;-85.776016235351563;
2455096153.8473334;-85.816932678222656;
2455256410.2575898;-85.82281494140625;
2455416666.6678462;-85.781654357910156;
2455576923.0781026;-85.820014953613281;
2455737179.488359;-85.766090393066406;
2455897435.8986154;-85.831169128417969;
2456057692.3088717;-85.823234558105469;
2456217948.7191281;-85.826667785644531;
2456378205.1293845;-85.807159423828125;
2456538461.5396409;-85.78765869140625;
2456698717.9498973;-85.684906005859375;
2456858974.3601537;-85.532806396484375;
2457019230.7704101;-85.735313415527344;
2457179487.1806664;-85.822799682617188;
2457339743.5909228;-85.84039306640625;
2457500000.0011792;-85.803306579589844;
2457660256.4114356;-85.81695556640625;
2457820512.8216925;-85.748924255371094;
2457980769.2319489;-85.803291320800781;
2458141025.6422052;-85.815010070800781;
2458301282.0524616;-85.830619812011719;
2458461538.462718;-85.716079711914062;
2458621794.8729744;-85.677635192871094;
2458782051.2832308;-85.656547546386719;
2458942307.6934872;-85.714187622070313;
2459102564.1037436;-85.721900939941406;
2459262820.5139999;-85.735420227050781;
2459423076.9242563;-85.724884033203125;
2459583333.3345127;-85.786636352539062;
2459743589.7447691;-85.776519775390625;
2459903846.1550255;-85.813331604003906;
2460064102.5652819;-85.831916809082031;
2460224358.9755383;-85.842338562011719;
2460384615.3857946;-85.830184936523438;
2460544871.796051;-85.866973876953125;
2460705128.2063074;-85.887649536132813;
2460865384.6165643;-85.905174255371094;
2461025641.0268207;-85.879600524902344;
2461185897.437077;-85.84820556640625;
2461346153.8473334;-85.850173950195313;
2461506410.2575898;-85.83648681640625;
2461666666.6678462;-85.830619812011719;
2461826923.0781026;-85.881523132324219;
2461987179.488359;-85.881561279296875;
2462147435.8986154;-85.84429931640625;
2462307692.3088717;-85.824760437011719;
2462467948.7191281;-85.883506774902344;
2462628205.1293845;-85.891395568847656;
2462788461.5396409;-85.893363952636719;
2462948717.9498973;-85.905174255371094;
2463108974.3601537;-85.877601623535156;
2463269230.7704101;-85.80218505859375;
2463429487.1806664;-85.86322021484375;
2463589743.5909228;-85.842323303222656;
2463750000.0011792;-85.864982604980469;
2463910256.4114356;-85.833412170410156;
2464070512.8216925;-85.84405517578125;
2464230769.2319489;-85.842353820800781;
2464391025.6422052;-85.842330932617187;
2464551282.0524616;-85.849006652832031;
2464711538.462718;-85.898162841796875;
2464871794.8729744;-85.914192199707031;
2465032051.2832308;-85.919197082519531;
2465192307.6934872;-85.907432556152344;
2465352564.1037436;-85.910430908203125;
2465512820.5139999;-85.909675598144531;
2465673076.9242563;-85.898162841796875;
2465833333.3345127;-85.920944213867188;
2465993589.7447691;-85.849273681640625;
2466153846.1550255;-85.824470520019531;
2466314102.5652819;-85.847572326660156;
2466474358.9755383;-85.855766296386719;
2466634615.3857946;-85.893341064453125;
2466794871.796051;-85.897270202636719;
2466955128.2063074;-85.863853454589844;
2467115384.6165643;-85.911056518554688;
2467275641.0268207;-85.826690673828125;
2467435897.437077;-85.850181579589844;
2467596153.8473334;-85.903167724609375;
2467756410.2575898;-85.881553649902344;
2467916666.6678462;-85.895332336425781;
2468076923.0781026;-85.909103393554688;
2468237179.488359;-85.899261474609375;
2468397435.8986154;-85.901199340820313;
2468557692.3088717;-85.922920227050781;
2468717948.7191281;-85.871673583984375;
2468878205.1293845;-85.913063049316406;
2469038461.5396409;-85.826690673828125;
2469198717.9498973;-85.850074768066406;
2469358974.3601537;-85.807174682617188;
2469519230.7704101;-85.787528991699219;
2469679487.1806664;-85.785743713378906;
2469839743.5909228;-85.785606384277344;
2470000000.0011792;-85.848121643066406;
2470160256.4114356;-85.800926208496094;
2470320512.8216925;-85.838424682617187;
2470480769.2319489;-85.690544128417969;
2470641025.6422052;-85.787628173828125;
2470801282.0524616;-85.665489196777344;
2470961538.462718;-85.772140502929687;
2471121794.8729744;-85.636703491210938;
2471282051.2832308;-85.760482788085938;
2471442307.6934872;-85.646629333496094;
2471602564.1037436;-85.785774230957031;
2471762820.5139999;-85.660003662109375;
2471923076.9242563;-85.767913818359375;
2472083333.3345127;-85.716033935546875;
2472243589.7447691;-85.7176513671875;
2472403846.1550255;-85.7410888671875;
2472564102.5652819;-85.752555847167969;
2472724358.9755383;-85.789573669433594;
2472884615.3857946;-85.760261535644531;
2473044871.796051;-85.779891967773438;
2473205128.2063074;-85.801254272460938;
2473365384.6165643;-85.830612182617188;
2473525641.0268207;-85.766273498535156;
2473685897.437077;-85.82086181640625;
2473846153.8473334;-85.7916259765625;
2474006410.2575898;-85.85211181640625;
2474166666.6678462;-85.83062744140625;
2474326923.0781026;-85.861900329589844;
2474487179.488359;-85.828666687011719;
2474647435.8986154;-85.854072570800781;
2474807692.3088717;-85.82672119140625;
2474967948.7191281;-85.820838928222656;
2475128205.1293845;-85.897285461425781;
2475288461.5396409;-85.860221862792969;
2475448717.9498973;-85.842353820800781;
2475608974.3601537;-85.8311767578125;
2475769230.7704101;-85.838432312011719;
2475929487.1806664;-85.885482788085938;
2476089743.5909228;-85.918975830078125;
2476250000.0011792;-85.852081298828125;
2476410256.4114356;-85.82672119140625;
2476570512.8216925;-85.869758605957031;
2476730769.2319489;-85.891403198242188;
2476891025.6422052;-85.885498046875;
2477051282.0524616;-85.873710632324219;
2477211538.462718;-85.879592895507813;
2477371794.8729744;-85.85205078125;
2477532051.2832308;-85.832572937011719;
2477692307.6934872;-85.861907958984375;
2477852564.1037436;-85.885490417480469;
2478012820.5139999;-85.87762451171875;
2478173076.9242563;-85.858009338378906;
2478333333.3345127;-85.848197937011719;
2478493589.7447691;-85.881568908691406;
2478653846.1550255;-85.9150390625;
2478814102.5652819;-85.883522033691406;
2478974358.9755383;-85.909111022949219;
2479134615.3857946;-85.940711975097656;
2479294871.796051;-85.899261474609375;
2479455128.2063074;-85.885498046875;
2479615384.6165643;-85.897293090820313;
2479775641.0268207;-85.885490417480469;
2479935897.437077;-85.881568908691406;
2480096153.8473334;-85.907112121582031;
2480256410.2575898;-85.913063049316406;
2480416666.6678462;-85.911941528320313;
2480576923.0781026;-85.891166687011719;
2480737179.488359;-85.909683227539062;
2480897435.8986154;-85.917007446289062;
2481057692.3088717;-85.942695617675781;
2481217948.7191281;-85.907150268554688;
2481378205.1293845;-85.903205871582031;
2481538461.5396409;-85.909126281738281;
2481698717.9498973;-85.90911865234375;
2481858974.3601537;-85.9012451171875;
2482019230.7704101;-85.918983459472656;
2482179487.1806664;-85.917007446289062;
2482339743.5909228;-85.907142639160156;
2482500000.0011792;-85.89923095703125;
2482660256.4114356;-85.922920227050781;
2482820512.8216925;-85.885498046875;
2482980769.2319489;-85.895332336425781;
2483141025.6422052;-85.903205871582031;
2483301282.0524616;-85.907150268554688;
2483461538.462718;-85.9150390625;
2483621794.8729744;-85.913063049316406;
2483782051.2832308;-85.905181884765625;
2483942307.6934872;-85.901229858398438;
2484102564.1037436;-85.889434814453125;
2484262820.5139999;-85.873695373535156;
