Type;ESU;
Version;4.43;
Date;03.Jun 16;
Mode;ANALYZER;
Center Freq;2434262820.514000;Hz
Freq Offset;0.000000;Hz
Span;100000000.000000;Hz
x-Axis;LIN;
Start;2384262820.514000;Hz
Stop;2484262820.514000;Hz
Ref Level;-9.000000;dBm
Level Offset;0.000000;dB
Ref Position;100.000000;%
y-Axis;LOG;
Level Range;100.000000;dB
Rf Att;5.000000;dB
RBW;2000000.000000;Hz
VBW;50.000000;Hz
SWT;2.500000;s
Trace Mode;CLR/WRITE;
Detector;RMS;
Sweep Count;0;
Trace 1:;;
x-Unit;Hz;
y-Unit;dBm;
Values;625;
2384262820.5139999;-85.708229064941406;
2384423076.9242563;-85.704551696777344;
2384583333.3345127;-85.664199829101563;
2384743589.7447691;-85.718040466308594;
2384903846.1550255;-85.700698852539063;
2385064102.5652819;-85.656547546386719;
2385224358.9755383;-85.669960021972656;
2385384615.3857946;-85.660369873046875;
2385544871.796051;-85.710334777832031;
2385705128.2063074;-85.694931030273438;
2385865384.6165643;-85.689155578613281;
2386025641.0268207;-85.693008422851562;
2386185897.437077;-85.696830749511719;
2386346153.8473334;-85.673805236816406;
2386506410.2575898;-85.681449890136719;
2386666666.6678462;-85.698783874511719;
2386826923.0781026;-85.691078186035156;
2386987179.488359;-85.694915771484375;
2387147435.8986154;-85.691085815429687;
2387307692.3088717;-85.70648193359375;
2387467948.7191281;-85.6527099609375;
2387628205.1293845;-85.631683349609375;
2387788461.5396409;-85.65655517578125;
2387948717.9498973;-85.669960021972656;
2388108974.3601537;-85.683403015136719;
2388269230.7704101;-85.645057678222656;
2388429487.1806664;-85.624061584472656;
2388589743.5909228;-85.622154235839844;
2388750000.0011792;-85.629776000976563;
2388910256.4114356;-85.616432189941406;
2389070512.8216925;-85.60308837890625;
2389230769.2319489;-85.610694885253906;
2389391025.6422052;-85.612602233886719;
2389551282.0524616;-85.62786865234375;
2389711538.462718;-85.639305114746094;
2389871794.8729744;-85.700706481933594;
2390032051.2832308;-85.639289855957031;
2390192307.6934872;-85.679557800292969;
2390352564.1037436;-85.589752197265625;
2390512820.5139999;-85.637420654296875;
2390673076.9242563;-85.574592590332031;
2390833333.3345127;-85.612518310546875;
2390993589.7447691;-85.527305603027344;
2391153846.1550255;-85.527275085449219;
2391314102.5652819;-85.538566589355469;
2391474358.9755383;-85.572608947753906;
2391634615.3857946;-85.614456176757813;
2391794871.796051;-85.555389404296875;
2391955128.2063074;-85.5897216796875;
2392115384.6165643;-85.521278381347656;
2392275641.0268207;-85.549957275390625;
2392435897.437077;-85.457366943359375;
2392596153.8473334;-85.536674499511719;
2392756410.2575898;-85.442031860351563;
2392916666.6678462;-85.534843444824219;
2393076923.0781026;-85.32330322265625;
2393237179.488359;-85.53094482421875;
2393397435.8986154;-85.251678466796875;
2393557692.3088717;-85.461280822753906;
2393717948.7191281;-85.182136535644531;
2393878205.1293845;-85.443336486816406;
2394038461.5396409;-85.178123474121094;
2394198717.9498973;-85.340545654296875;
2394358974.3601537;-85.201972961425781;
2394519230.7704101;-85.211402893066406;
2394679487.1806664;-85.324562072753906;
2394839743.5909228;-85.215431213378906;
2395000000.0011792;-85.244209289550781;
2395160256.4114356;-85.173683166503906;
2395320512.8216925;-85.349273681640625;
2395480769.2319489;-85.141738891601563;
2395641025.6422052;-85.377288818359375;
2395801282.0524616;-85.141777038574219;
2395961538.462718;-85.438705444335938;
2396121794.8729744;-85.250053405761719;
2396282051.2832308;-85.429244995117188;
2396442307.6934872;-85.353004455566406;
2396602564.1037436;-85.43829345703125;
2396762820.5139999;-85.465049743652344;
2396923076.9242563;-85.506172180175781;
2397083333.3345127;-85.553688049316406;
2397243589.7447691;-85.500450134277344;
2397403846.1550255;-85.546058654785156;
2397564102.5652819;-85.532852172851563;
2397724358.9755383;-85.570755004882813;
2397884615.3857946;-85.495246887207031;
2398044871.796051;-85.540473937988281;
2398205128.2063074;-85.548065185546875;
2398365384.6165643;-85.565040588378906;
2398525641.0268207;-85.595474243164063;
2398685897.437077;-85.591560363769531;
2398846153.8473334;-85.584037780761719;
2399006410.2575898;-85.574562072753906;
2399166666.6678462;-85.608802795410156;
2399326923.0781026;-85.546134948730469;
2399487179.488359;-85.572700500488281;
2399647435.8986154;-85.540397644042969;
2399807692.3088717;-85.612617492675781;
2399967948.7191281;-85.593582153320313;
2400128205.1293845;-85.608772277832031;
2400288461.5396409;-85.532699584960937;
2400448717.9498973;-85.603096008300781;
2400608974.3601537;-85.53485107421875;
2400769230.7704101;-85.532966613769531;
2400929487.1806664;-85.538627624511719;
2401089743.5909228;-85.546180725097656;
2401250000.0011792;-85.546180725097656;
2401410256.4114356;-85.532951354980469;
2401570512.8216925;-85.546180725097656;
2401730769.2319489;-85.512222290039063;
2401891025.6422052;-85.512222290039063;
2402051282.0524616;-85.523529052734375;
2402211538.462718;-85.534843444824219;
2402371794.8729744;-85.536705017089844;
2402532051.2832308;-85.580291748046875;
2402692307.6934872;-85.599288940429688;
2402852564.1037436;-85.601165771484375;
2403012820.5139999;-85.578384399414063;
2403173076.9242563;-85.553749084472656;
2403333333.3345127;-85.523536682128906;
2403493589.7447691;-85.521644592285156;
2403653846.1550255;-85.585952758789063;
2403814102.5652819;-85.591667175292969;
2403974358.9755383;-85.589790344238281;
2404134615.3857946;-85.60308837890625;
2404294871.796051;-85.618339538574219;
2404455128.2063074;-85.608810424804688;
2404615384.6165643;-85.608802795410156;
2404775641.0268207;-85.548042297363281;
2404935897.437077;-85.521644592285156;
2405096153.8473334;-85.514106750488281;
2405256410.2575898;-85.568901062011719;
2405416666.6678462;-85.597396850585938;
2405576923.0781026;-85.604988098144531;
2405737179.488359;-85.614524841308594;
2405897435.8986154;-85.636146545410156;
2406057692.3088717;-85.618324279785156;
2406217948.7191281;-85.584602355957031;
2406378205.1293845;-85.609016418457031;
2406538461.5396409;-85.57452392578125;
2406698717.9498973;-85.537010192871094;
2406858974.3601537;-85.568450927734375;
2407019230.7704101;-85.612617492675781;
2407179487.1806664;-85.601188659667969;
2407339743.5909228;-85.608787536621094;
2407500000.0011792;-85.60498046875;
2407660256.4114356;-85.610710144042969;
2407820512.8216925;-85.610679626464844;
2407980769.2319489;-85.61260986328125;
2408141025.6422052;-85.614524841308594;
2408301282.0524616;-85.624053955078125;
2408461538.462718;-85.627876281738281;
2408621794.8729744;-85.585975646972656;
2408782051.2832308;-85.604995727539063;
2408942307.6934872;-85.612617492675781;
2409102564.1037436;-85.627876281738281;
2409262820.5139999;-85.616432189941406;
2409423076.9242563;-85.614524841308594;
2409583333.3345127;-85.576499938964844;
2409743589.7447691;-85.540519714355469;
2409903846.1550255;-85.582176208496094;
2410064102.5652819;-85.597373962402344;
2410224358.9755383;-85.597381591796875;
2410384615.3857946;-85.614509582519531;
2410544871.796051;-85.624053955078125;
2410705128.2063074;-85.61260986328125;
2410865384.6165643;-85.616432189941406;
2411025641.0268207;-85.675712585449219;
2411185897.437077;-85.612617492675781;
2411346153.8473334;-85.587875366210938;
2411506410.2575898;-85.615280151367188;
2411666666.6678462;-85.610710144042969;
2411826923.0781026;-85.622146606445313;
2411987179.488359;-85.635498046875;
2412147435.8986154;-85.622154235839844;
2412307692.3088717;-85.599281311035156;
2412467948.7191281;-85.618339538574219;
2412628205.1293845;-85.614524841308594;
2412788461.5396409;-85.616432189941406;
2412948717.9498973;-85.654632568359375;
2413108974.3601537;-85.66229248046875;
2413269230.7704101;-85.677635192871094;
2413429487.1806664;-85.696853637695313;
2413589743.5909228;-85.639305114746094;
2413750000.0011792;-85.645599365234375;
2413910256.4114356;-85.624259948730469;
2414070512.8216925;-85.630325317382812;
2414230769.2319489;-85.641250610351563;
2414391025.6422052;-85.616432189941406;
2414551282.0524616;-85.629753112792969;
2414711538.462718;-85.641242980957031;
2414871794.8729744;-85.681472778320312;
2415032051.2832308;-85.671829223632812;
2415192307.6934872;-85.612617492675781;
2415352564.1037436;-85.622154235839844;
2415512820.5139999;-85.620246887207031;
2415673076.9242563;-85.622154235839844;
2415833333.3345127;-85.631690979003906;
2415993589.7447691;-85.6202392578125;
2416153846.1550255;-85.573783874511719;
2416314102.5652819;-85.620880126953125;
2416474358.9755383;-85.63031005859375;
2416634615.3857946;-85.6202392578125;
2416794871.796051;-85.633590698242188;
2416955128.2063074;-85.6107177734375;
2417115384.6165643;-85.624053955078125;
2417275641.0268207;-85.627876281738281;
2417435897.437077;-85.612617492675781;
2417596153.8473334;-85.627876281738281;
2417756410.2575898;-85.620246887207031;
2417916666.6678462;-85.625953674316406;
2418076923.0781026;-85.612617492675781;
2418237179.488359;-85.668045043945313;
2418397435.8986154;-85.620231628417969;
2418557692.3088717;-85.639328002929688;
2418717948.7191281;-85.647789001464844;
2418878205.1293845;-85.614524841308594;
2419038461.5396409;-85.616432189941406;
2419198717.9498973;-85.616432189941406;
2419358974.3601537;-85.610710144042969;
2419519230.7704101;-85.620246887207031;
2419679487.1806664;-85.610710144042969;
2419839743.5909228;-85.585975646972656;
2420000000.0011792;-85.625961303710938;
2420160256.4114356;-85.587882995605469;
2420320512.8216925;-85.631690979003906;
2420480769.2319489;-85.616432189941406;
2420641025.6422052;-85.619415283203125;
2420801282.0524616;-85.61749267578125;
2420961538.462718;-85.615074157714844;
2421121794.8729744;-85.620246887207031;
2421282051.2832308;-85.6202392578125;
2421442307.6934872;-85.622146606445313;
2421602564.1037436;-85.604988098144531;
2421762820.5139999;-85.627876281738281;
2421923076.9242563;-85.616432189941406;
2422083333.3345127;-85.622154235839844;
2422243589.7447691;-85.5821533203125;
2422403846.1550255;-85.553733825683594;
2422564102.5652819;-85.620246887207031;
2422724358.9755383;-85.624061584472656;
2422884615.3857946;-85.615066528320312;
2423044871.796051;-85.614524841308594;
2423205128.2063074;-85.620246887207031;
2423365384.6165643;-85.624053955078125;
2423525641.0268207;-85.584083557128906;
2423685897.437077;-85.6202392578125;
2423846153.8473334;-85.601173400878906;
2424006410.2575898;-85.633590698242188;
2424166666.6678462;-85.620246887207031;
2424326923.0781026;-85.593528747558594;
2424487179.488359;-85.525421142578125;
2424647435.8986154;-85.542396545410156;
2424807692.3088717;-85.572685241699219;
2424967948.7191281;-85.601181030273438;
2425128205.1293845;-85.612617492675781;
2425288461.5396409;-85.57269287109375;
2425448717.9498973;-85.5745849609375;
2425608974.3601537;-85.506561279296875;
2425769230.7704101;-85.551864624023438;
2425929487.1806664;-85.461479187011719;
2426089743.5909228;-85.521560668945313;
2426250000.0011792;-85.440933227539062;
2426410256.4114356;-85.384727478027344;
2426570512.8216925;-85.336540222167969;
2426730769.2319489;-85.308692932128906;
2426891025.6422052;-85.157241821289063;
2427051282.0524616;-84.86895751953125;
2427211538.462718;-84.867576599121094;
2427371794.8729744;-84.09991455078125;
2427532051.2832308;-84.336372375488281;
2427692307.6934872;-82.682350158691406;
2427852564.1037436;-83.506118774414063;
2428012820.5139999;-80.161270141601563;
2428173076.9242563;-81.340690612792969;
2428333333.3345127;-77.56158447265625;
2428493589.7447691;-78.488304138183594;
2428653846.1550255;-74.62493896484375;
2428814102.5652819;-72.635551452636719;
2428974358.9755383;-70.787879943847656;
2429134615.3857946;-68.618255615234375;
2429294871.796051;-67.382286071777344;
2429455128.2063074;-64.633071899414063;
2429615384.6165643;-63.399124145507813;
2429775641.0268207;-60.564285278320313;
2429935897.437077;-60.072357177734375;
2430096153.8473334;-57.539676666259766;
2430256410.2575898;-56.873447418212891;
2430416666.6678462;-53.310966491699219;
2430576923.0781026;-53.226432800292969;
2430737179.488359;-50.40142822265625;
2430897435.8986154;-50.620941162109375;
2431057692.3088717;-47.614212036132812;
2431217948.7191281;-46.356845855712891;
2431378205.1293845;-44.539505004882812;
2431538461.5396409;-43.014385223388672;
2431698717.9498973;-42.209873199462891;
2431858974.3601537;-40.375415802001953;
2432019230.7704101;-38.943794250488281;
2432179487.1806664;-37.532951354980469;
2432339743.5909228;-36.712287902832031;
2432500000.0011792;-35.535804748535156;
2432660256.4114356;-34.575023651123047;
2432820512.8216925;-33.064735412597656;
2432980769.2319489;-32.294841766357422;
2433141025.6422052;-31.359607696533203;
2433301282.0524616;-30.770462036132812;
2433461538.462718;-30.026134490966797;
2433621794.8729744;-29.25916862487793;
2433782051.2832308;-29.034425735473633;
2433942307.6934872;-28.797004699707031;
2434102564.1037436;-28.948324203491211;
2434262820.5139999;-28.921545028686523;
2434423076.9242563;-29.305320739746094;
2434583333.3345127;-29.756969451904297;
2434743589.7447691;-30.325416564941406;
2434903846.1550255;-30.880044937133789;
2435064102.5652819;-32.794227600097656;
2435224358.9755383;-33.736431121826172;
2435384615.3857946;-35.015438079833984;
2435544871.796051;-35.746646881103516;
2435705128.2063074;-36.901382446289062;
2435865384.6165643;-37.909374237060547;
2436025641.0268207;-39.766994476318359;
2436185897.437077;-40.762020111083984;
2436346153.8473334;-42.041545867919922;
2436506410.2575898;-43.118736267089844;
2436666666.6678462;-44.487323760986328;
2436826923.0781026;-46.323204040527344;
2436987179.488359;-47.438217163085938;
2437147435.8986154;-48.850437164306641;
2437307692.3088717;-49.820075988769531;
2437467948.7191281;-51.548606872558594;
2437628205.1293845;-53.085304260253906;
2437788461.5396409;-54.692569732666016;
2437948717.9498973;-55.514255523681641;
2438108974.3601537;-56.865646362304688;
2438269230.7704101;-58.031730651855469;
2438429487.1806664;-59.952018737792969;
2438589743.5909228;-61.149688720703125;
2438750000.0011792;-62.3006591796875;
2438910256.4114356;-63.616218566894531;
2439070512.8216925;-64.895668029785156;
2439230769.2319489;-67.079780578613281;
2439391025.6422052;-68.241226196289062;
2439551282.0524616;-70.039405822753906;
2439711538.462718;-71.065017700195313;
2439871794.8729744;-73.223587036132813;
2440032051.2832308;-75.348136901855469;
2440192307.6934872;-77.269493103027344;
2440352564.1037436;-78.284675598144531;
2440512820.5139999;-79.859390258789063;
2440673076.9242563;-81.217872619628906;
2440833333.3345127;-83.030746459960938;
2440993589.7447691;-83.817794799804687;
2441153846.1550255;-84.413589477539063;
2441314102.5652819;-84.737648010253906;
2441474358.9755383;-85.106910705566406;
2441634615.3857946;-85.388656616210938;
2441794871.796051;-85.49713134765625;
2441955128.2063074;-85.551841735839844;
2442115384.6165643;-85.508453369140625;
2442275641.0268207;-85.601165771484375;
2442435897.437077;-85.625946044921875;
2442596153.8473334;-85.646980285644531;
2442756410.2575898;-85.679542541503906;
2442916666.6678462;-85.698768615722656;
2443076923.0781026;-85.681472778320312;
2443237179.488359;-85.666038513183594;
2443397435.8986154;-85.622154235839844;
2443557692.3088717;-85.683395385742188;
2443717948.7191281;-85.714187622070313;
2443878205.1293845;-85.693000793457031;
2444038461.5396409;-85.718009948730469;
2444198717.9498973;-85.696830749511719;
2444358974.3601537;-85.716102600097656;
2444519230.7704101;-85.704559326171875;
2444679487.1806664;-85.722450256347656;
2444839743.5909228;-85.564613342285156;
2445000000.0011792;-85.412910461425781;
2445160256.4114356;-85.623741149902344;
2445320512.8216925;-85.669906616210937;
2445480769.2319489;-85.664154052734375;
2445641025.6422052;-85.719970703125;
2445801282.0524616;-85.631637573242188;
2445961538.462718;-85.714187622070313;
2446121794.8729744;-85.731552124023438;
2446282051.2832308;-85.706466674804688;
2446442307.6934872;-85.639068603515625;
2446602564.1037436;-85.589668273925781;
2446762820.5139999;-85.72381591796875;
2446923076.9242563;-85.716110229492188;
2447083333.3345127;-85.691047668457031;
2447243589.7447691;-85.612579345703125;
2447403846.1550255;-85.658462524414062;
2447564102.5652819;-85.685317993164063;
2447724358.9755383;-85.714179992675781;
2447884615.3857946;-85.716117858886719;
2448044871.796051;-85.712265014648437;
2448205128.2063074;-85.74700927734375;
2448365384.6165643;-85.714179992675781;
2448525641.0268207;-85.743125915527344;
2448685897.437077;-85.752822875976563;
2448846153.8473334;-85.739280700683594;
2449006410.2575898;-85.721900939941406;
2449166666.6678462;-85.731536865234375;
2449326923.0781026;-85.731552124023438;
2449487179.488359;-85.731529235839844;
2449647435.8986154;-85.714126586914063;
2449807692.3088717;-85.733474731445313;
2449967948.7191281;-85.731552124023438;
2450128205.1293845;-85.702621459960937;
2450288461.5396409;-85.698760986328125;
2450448717.9498973;-85.691085815429687;
2450608974.3601537;-85.700675964355469;
2450769230.7704101;-85.6929931640625;
2450929487.1806664;-85.731544494628906;
2451089743.5909228;-85.73541259765625;
2451250000.0011792;-85.557472229003906;
2451410256.4114356;-85.64691162109375;
2451570512.8216925;-85.7547607421875;
2451730769.2319489;-85.760574340820313;
2451891025.6422052;-85.787734985351563;
2452051282.0524616;-85.714614868164063;
2452211538.462718;-85.707023620605469;
2452371794.8729744;-85.72662353515625;
2452532051.2832308;-85.712257385253906;
2452692307.6934872;-85.7857666015625;
2452852564.1037436;-85.73541259765625;
2453012820.5139999;-85.739265441894531;
2453173076.9242563;-85.756690979003906;
2453333333.3345127;-85.774116516113281;
2453493589.7447691;-85.721847534179688;
2453653846.1550255;-85.797462463378906;
2453814102.5652819;-85.76251220703125;
2453974358.9755383;-85.754669189453125;
2454134615.3857946;-85.793533325195313;
2454294871.796051;-85.7896728515625;
2454455128.2063074;-85.737335205078125;
2454615384.6165643;-85.687210083007813;
2454775641.0268207;-85.710289001464844;
2454935897.437077;-85.696754455566406;
2455096153.8473334;-85.766357421875;
2455256410.2575898;-85.398094177246094;
2455416666.6678462;-85.310714721679688;
2455576923.0781026;-85.292678833007813;
2455737179.488359;-85.292716979980469;
2455897435.8986154;-85.283309936523438;
2456057692.3088717;-85.47454833984375;
2456217948.7191281;-85.521614074707031;
2456378205.1293845;-85.525375366210938;
2456538461.5396409;-85.553741455078125;
2456698717.9498973;-85.56689453125;
2456858974.3601537;-85.716102600097656;
2457019230.7704101;-85.654396057128906;
2457179487.1806664;-85.643051147460938;
2457339743.5909228;-85.723800659179687;
2457500000.0011792;-85.7528076171875;
2457660256.4114356;-85.754737854003906;
2457820512.8216925;-85.814987182617188;
2457980769.2319489;-85.772178649902344;
2458141025.6422052;-85.826652526855469;
2458301282.0524616;-85.7916259765625;
2458461538.462718;-85.822799682617188;
2458621794.8729744;-85.83453369140625;
2458782051.2832308;-85.81500244140625;
2458942307.6934872;-85.80523681640625;
2459102564.1037436;-85.795501708984375;
2459262820.5139999;-85.832565307617188;
2459423076.9242563;-85.760513305664062;
2459583333.3345127;-85.81500244140625;
2459743589.7447691;-85.801353454589844;
2459903846.1550255;-85.81890869140625;
2460064102.5652819;-85.830619812011719;
2460224358.9755383;-85.844314575195313;
2460384615.3857946;-85.832572937011719;
2460544871.796051;-85.832572937011719;
2460705128.2063074;-85.799415588378906;
2460865384.6165643;-85.848220825195313;
2461025641.0268207;-85.80133056640625;
2461185897.437077;-85.807205200195313;
2461346153.8473334;-85.82275390625;
2461506410.2575898;-85.846260070800781;
2461666666.6678462;-85.830581665039063;
2461826923.0781026;-85.834503173828125;
2461987179.488359;-85.822799682617188;
2462147435.8986154;-85.813034057617188;
2462307692.3088717;-85.836441040039063;
2462467948.7191281;-85.840354919433594;
2462628205.1293845;-85.844306945800781;
2462788461.5396409;-85.793540954589844;
2462948717.9498973;-85.797447204589844;
2463108974.3601537;-85.739219665527344;
2463269230.7704101;-85.814979553222656;
2463429487.1806664;-85.838241577148438;
2463589743.5909228;-85.82073974609375;
2463750000.0011792;-85.803298950195313;
2463910256.4114356;-85.811073303222656;
2464070512.8216925;-85.850173950195313;
2464230769.2319489;-85.859947204589844;
2464391025.6422052;-85.858009338378906;
2464551282.0524616;-85.820854187011719;
2464711538.462718;-85.822807312011719;
2464871794.8729744;-85.828659057617188;
2465032051.2832308;-85.83258056640625;
2465192307.6934872;-85.830604553222656;
2465352564.1037436;-85.82086181640625;
2465512820.5139999;-85.822792053222656;
2465673076.9242563;-85.832565307617188;
2465833333.3345127;-85.81695556640625;
2465993589.7447691;-85.832572937011719;
2466153846.1550255;-85.801338195800781;
2466314102.5652819;-85.834518432617188;
2466474358.9755383;-85.80523681640625;
2466634615.3857946;-85.807151794433594;
2466794871.796051;-85.785743713378906;
2466955128.2063074;-85.779876708984375;
2467115384.6165643;-85.774116516113281;
2467275641.0268207;-85.79742431640625;
2467435897.437077;-85.820854187011719;
2467596153.8473334;-85.816886901855469;
2467756410.2575898;-85.854095458984375;
2467916666.6678462;-85.783699035644531;
2468076923.0781026;-85.818885803222656;
2468237179.488359;-85.692970275878906;
2468397435.8986154;-85.770256042480469;
2468557692.3088717;-85.706398010253906;
2468717948.7191281;-85.799270629882813;
2468878205.1293845;-85.690879821777344;
2469038461.5396409;-85.742462158203125;
2469198717.9498973;-85.683204650878906;
2469358974.3601537;-85.669021606445313;
2469519230.7704101;-85.646598815917969;
2469679487.1806664;-85.545318603515625;
2469839743.5909228;-85.615921020507813;
2470000000.0011792;-85.467025756835938;
2470160256.4114356;-85.600578308105469;
2470320512.8216925;-85.382331848144531;
2470480769.2319489;-85.675430297851563;
2470641025.6422052;-85.1719970703125;
2470801282.0524616;-85.633369445800781;
2470961538.462718;-85.042289733886719;
2471121794.8729744;-85.477920532226563;
2471282051.2832308;-85.067367553710938;
2471442307.6934872;-85.378776550292969;
2471602564.1037436;-85.286575317382813;
2471762820.5139999;-85.360649108886719;
2471923076.9242563;-85.114387512207031;
2472083333.3345127;-85.22900390625;
2472243589.7447691;-85.405853271484375;
2472403846.1550255;-85.246406555175781;
2472564102.5652819;-85.610092163085938;
2472724358.9755383;-85.297218322753906;
2472884615.3857946;-85.638862609863281;
2473044871.796051;-85.449111938476563;
2473205128.2063074;-85.750358581542969;
2473365384.6165643;-85.454681396484375;
2473525641.0268207;-85.688758850097656;
2473685897.437077;-85.5361328125;
2473846153.8473334;-85.725730895996094;
2474006410.2575898;-85.81109619140625;
2474166666.6678462;-85.748184204101563;
2474326923.0781026;-85.649757385253906;
2474487179.488359;-85.695465087890625;
2474647435.8986154;-85.742233276367188;
2474807692.3088717;-85.752166748046875;
2474967948.7191281;-85.714012145996094;
2475128205.1293845;-85.7581787109375;
2475288461.5396409;-85.685226440429688;
2475448717.9498973;-85.712074279785156;
2475608974.3601537;-85.745033264160156;
2475769230.7704101;-85.719886779785156;
2475929487.1806664;-85.803268432617188;
2476089743.5909228;-85.778007507324219;
2476250000.0011792;-85.83453369140625;
2476410256.4114356;-85.774093627929688;
2476570512.8216925;-85.824745178222656;
2476730769.2319489;-85.768302917480469;
2476891025.6422052;-85.814987182617188;
2477051282.0524616;-85.737342834472656;
2477211538.462718;-85.793487548828125;
2477371794.8729744;-85.777931213378906;
2477532051.2832308;-85.801292419433594;
2477692307.6934872;-85.789665222167969;
2477852564.1037436;-85.811065673828125;
2478012820.5139999;-85.834526062011719;
2478173076.9242563;-85.811073303222656;
2478333333.3345127;-85.846244812011719;
2478493589.7447691;-85.830596923828125;
2478653846.1550255;-85.824760437011719;
2478814102.5652819;-85.818901062011719;
2478974358.9755383;-85.82867431640625;
2479134615.3857946;-85.813041687011719;
2479294871.796051;-85.844291687011719;
2479455128.2063074;-85.8638916015625;
2479615384.6165643;-85.887184143066406;
2479775641.0268207;-85.848220825195313;
2479935897.437077;-85.830619812011719;
2480096153.8473334;-85.855995178222656;
2480256410.2575898;-85.899269104003906;
2480416666.6678462;-85.832572937011719;
2480576923.0781026;-85.879585266113281;
2480737179.488359;-85.858009338378906;
2480897435.8986154;-85.889411926269531;
2481057692.3088717;-85.871726989746094;
2481217948.7191281;-85.875640869140625;
2481378205.1293845;-85.873710632324219;
2481538461.5396409;-85.863899230957031;
2481698717.9498973;-85.881568908691406;
2481858974.3601537;-85.834510803222656;
2482019230.7704101;-85.811103820800781;
2482179487.1806664;-85.828659057617188;
2482339743.5909228;-85.828659057617188;
2482500000.0011792;-85.824760437011719;
2482660256.4114356;-85.883529663085937;
2482820512.8216925;-85.875663757324219;
2482980769.2319489;-85.901237487792969;
2483141025.6422052;-85.891395568847656;
2483301282.0524616;-85.852127075195313;
2483461538.462718;-85.820022583007812;
2483621794.8729744;-85.828445434570313;
2483782051.2832308;-85.853523254394531;
2483942307.6934872;-85.903213500976563;
2484102564.1037436;-85.854087829589844;
2484262820.5139999;-85.81890869140625;
