Type;ESU;
Version;4.43;
Date;03.Jun 16;
Mode;ANALYZER;
Center Freq;2434262820.514000;Hz
Freq Offset;0.000000;Hz
Span;100000000.000000;Hz
x-Axis;LIN;
Start;2384262820.514000;Hz
Stop;2484262820.514000;Hz
Ref Level;-8.000000;dBm
Level Offset;0.000000;dB
Ref Position;100.000000;%
y-Axis;LOG;
Level Range;100.000000;dB
Rf Att;5.000000;dB
RBW;2000000.000000;Hz
VBW;50.000000;Hz
SWT;2.500000;s
Trace Mode;CLR/WRITE;
Detector;RMS;
Sweep Count;0;
Trace 1:;;
x-Unit;Hz;
y-Unit;dBm;
Values;625;
2384262820.5139999;-85.682731628417969;
2384423076.9242563;-85.660240173339844;
2384583333.3345127;-85.647346496582031;
2384743589.7447691;-85.619468688964844;
2384903846.1550255;-85.64520263671875;
2385064102.5652819;-85.619468688964844;
2385224358.9755383;-85.625907897949219;
2385384615.3857946;-85.635665893554687;
2385544871.796051;-85.659912109375;
2385705128.2063074;-85.643051147460938;
2385865384.6165643;-85.654747009277344;
2386025641.0268207;-85.652565002441406;
2386185897.437077;-85.628044128417969;
2386346153.8473334;-85.601173400878906;
2386506410.2575898;-85.633758544921875;
2386666666.6678462;-85.651641845703125;
2386826923.0781026;-85.6353759765625;
2386987179.488359;-85.639472961425781;
2387147435.8986154;-85.651641845703125;
2387307692.3088717;-85.6322021484375;
2387467948.7191281;-85.598121643066406;
2387628205.1293845;-85.581016540527344;
2387788461.5396409;-85.542816162109375;
2387948717.9498973;-85.527961730957031;
2388108974.3601537;-85.606658935546875;
2388269230.7704101;-85.553367614746094;
2388429487.1806664;-85.555534362792969;
2388589743.5909228;-85.525772094726563;
2388750000.0011792;-85.553382873535156;
2388910256.4114356;-85.551292419433594;
2389070512.8216925;-85.494049072265625;
2389230769.2319489;-85.494102478027344;
2389391025.6422052;-85.470848083496094;
2389551282.0524616;-85.511032104492187;
2389711538.462718;-85.485649108886719;
2389871794.8729744;-85.568229675292969;
2390032051.2832308;-85.485671997070312;
2390192307.6934872;-85.521347045898437;
2390352564.1037436;-85.462440490722656;
2390512820.5139999;-85.436759948730469;
2390673076.9242563;-85.487701416015625;
2390833333.3345127;-85.401397705078125;
2390993589.7447691;-85.498268127441406;
2391153846.1550255;-85.347282409667969;
2391314102.5652819;-85.430938720703125;
2391474358.9755383;-85.243865966796875;
2391634615.3857946;-85.35467529296875;
2391794871.796051;-85.309814453125;
2391955128.2063074;-85.285018920898437;
2392115384.6165643;-85.295333862304688;
2392275641.0268207;-85.173736572265625;
2392435897.437077;-85.34716796875;
2392596153.8473334;-85.145950317382813;
2392756410.2575898;-85.370292663574219;
2392916666.6678462;-84.988937377929688;
2393076923.0781026;-85.2928466796875;
2393237179.488359;-85.058181762695313;
2393397435.8986154;-85.287002563476562;
2393557692.3088717;-85.245750427246094;
2393717948.7191281;-85.216300964355469;
2393878205.1293845;-85.260696411132812;
2394038461.5396409;-85.159049987792969;
2394198717.9498973;-85.384933471679688;
2394358974.3601537;-85.13818359375;
2394519230.7704101;-85.36822509765625;
2394679487.1806664;-85.286781311035156;
2394839743.5909228;-85.398300170898437;
2395000000.0011792;-85.366188049316406;
2395160256.4114356;-85.342857360839844;
2395320512.8216925;-85.389274597167969;
2395480769.2319489;-85.332839965820313;
2395641025.6422052;-85.506797790527344;
2395801282.0524616;-85.341331481933594;
2395961538.462718;-85.437347412109375;
2396121794.8729744;-85.326797485351563;
2396282051.2832308;-85.4437255859375;
2396442307.6934872;-85.415451049804688;
2396602564.1037436;-85.381614685058594;
2396762820.5139999;-85.458343505859375;
2396923076.9242563;-85.403053283691406;
2397083333.3345127;-85.504615783691406;
2397243589.7447691;-85.470832824707031;
2397403846.1550255;-85.5216064453125;
2397564102.5652819;-85.418502807617188;
2397724358.9755383;-85.470985412597656;
2397884615.3857946;-85.433128356933594;
2398044871.796051;-85.472999572753906;
2398205128.2063074;-85.458351135253906;
2398365384.6165643;-85.464576721191406;
2398525641.0268207;-85.508895874023438;
2398685897.437077;-85.449951171875;
2398846153.8473334;-85.470977783203125;
2399006410.2575898;-85.441505432128906;
2399166666.6678462;-85.456298828125;
2399326923.0781026;-85.410186767578125;
2399487179.488359;-85.437416076660156;
2399647435.8986154;-85.412254333496094;
2399807692.3088717;-85.517372131347656;
2399967948.7191281;-85.4752197265625;
2400128205.1293845;-85.452033996582031;
2400288461.5396409;-85.470970153808594;
2400448717.9498973;-85.46044921875;
2400608974.3601537;-85.513168334960938;
2400769230.7704101;-85.492042541503906;
2400929487.1806664;-85.494163513183594;
2401089743.5909228;-85.44580078125;
2401250000.0011792;-85.496200561523438;
2401410256.4114356;-85.441612243652344;
2401570512.8216925;-85.452079772949219;
2401730769.2319489;-85.481521606445313;
2401891025.6422052;-85.477249145507813;
2402051282.0524616;-85.481536865234375;
2402211538.462718;-85.456268310546875;
2402371794.8729744;-85.466804504394531;
2402532051.2832308;-85.492050170898437;
2402692307.6934872;-85.525840759277344;
2402852564.1037436;-85.460502624511719;
2403012820.5139999;-85.464653015136719;
2403173076.9242563;-85.508872985839844;
2403333333.3345127;-85.483558654785156;
2403493589.7447691;-85.4920654296875;
2403653846.1550255;-85.466758728027344;
2403814102.5652819;-85.481536865234375;
2403974358.9755383;-85.458381652832031;
2404134615.3857946;-85.485748291015625;
2404294871.796051;-85.466773986816406;
2404455128.2063074;-85.504707336425781;
2404615384.6165643;-85.492073059082031;
2404775641.0268207;-85.510993957519531;
2404935897.437077;-85.530082702636719;
2405096153.8473334;-85.513114929199219;
2405256410.2575898;-85.553413391113281;
2405416666.6678462;-85.468856811523438;
2405576923.0781026;-85.466804504394531;
2405737179.488359;-85.431083679199219;
2405897435.8986154;-85.508895874023438;
2406057692.3088717;-85.485740661621094;
2406217948.7191281;-85.491981506347656;
2406378205.1293845;-85.487838745117188;
2406538461.5396409;-85.517311096191406;
2406698717.9498973;-85.494125366210938;
2406858974.3601537;-85.4962158203125;
2407019230.7704101;-85.464645385742188;
2407179487.1806664;-85.505172729492188;
2407339743.5909228;-85.513763427734375;
2407500000.0011792;-85.470939636230469;
2407660256.4114356;-85.525856018066406;
2407820512.8216925;-85.517379760742188;
2407980769.2319489;-85.504051208496094;
2408141025.6422052;-85.514556884765625;
2408301282.0524616;-85.515190124511719;
2408461538.462718;-85.530097961425781;
2408621794.8729744;-85.502571105957031;
2408782051.2832308;-85.534332275390625;
2408942307.6934872;-85.477218627929688;
2409102564.1037436;-85.515266418457031;
2409262820.5139999;-85.494155883789063;
2409423076.9242563;-85.517356872558594;
2409583333.3345127;-85.458290100097656;
2409743589.7447691;-85.508819580078125;
2409903846.1550255;-85.523704528808594;
2410064102.5652819;-85.491844177246094;
2410224358.9755383;-85.504684448242188;
2410384615.3857946;-85.479324340820313;
2410544871.796051;-85.502578735351563;
2410705128.2063074;-85.468833923339844;
2410865384.6165643;-85.53009033203125;
2411025641.0268207;-85.441612243652344;
2411185897.437077;-85.485702514648438;
2411346153.8473334;-85.532157897949219;
2411506410.2575898;-85.563133239746094;
2411666666.6678462;-85.483512878417969;
2411826923.0781026;-85.523735046386719;
2411987179.488359;-85.500465393066406;
2412147435.8986154;-85.557670593261719;
2412307692.3088717;-85.470985412597656;
2412467948.7191281;-85.532203674316406;
2412628205.1293845;-85.511016845703125;
2412788461.5396409;-85.532196044921875;
2412948717.9498973;-85.534332275390625;
2413108974.3601537;-85.517387390136719;
2413269230.7704101;-85.570419311523438;
2413429487.1806664;-85.538558959960938;
2413589743.5909228;-85.540687561035156;
2413750000.0011792;-85.542793273925781;
2413910256.4114356;-85.587448120117188;
2414070512.8216925;-85.532211303710937;
2414230769.2319489;-85.527969360351563;
2414391025.6422052;-85.542808532714844;
2414551282.0524616;-85.557647705078125;
2414711538.462718;-85.551284790039063;
2414871794.8729744;-85.540679931640625;
2415032051.2832308;-85.568283081054688;
2415192307.6934872;-85.536453247070313;
2415352564.1037436;-85.538566589355469;
2415512820.5139999;-85.589591979980469;
2415673076.9242563;-85.561859130859375;
2415833333.3345127;-85.564048767089844;
2415993589.7447691;-85.536430358886719;
2416153846.1550255;-85.535545349121094;
2416314102.5652819;-85.494140625;
2416474358.9755383;-85.5853271484375;
2416634615.3857946;-85.536453247070313;
2416794871.796051;-85.536453247070313;
2416955128.2063074;-85.532218933105469;
2417115384.6165643;-85.530082702636719;
2417275641.0268207;-85.530082702636719;
2417435897.437077;-85.534332275390625;
2417596153.8473334;-85.540695190429687;
2417756410.2575898;-85.504684448242188;
2417916666.6678462;-85.532218933105469;
2418076923.0781026;-85.506813049316406;
2418237179.488359;-85.549171447753906;
2418397435.8986154;-85.53009033203125;
2418557692.3088717;-85.540374755859375;
2418717948.7191281;-85.538558959960938;
2418878205.1293845;-85.504714965820313;
2419038461.5396409;-85.555511474609375;
2419198717.9498973;-85.5810546875;
2419358974.3601537;-85.559791564941406;
2419519230.7704101;-85.489944458007812;
2419679487.1806664;-85.536453247070313;
2419839743.5909228;-85.489891052246094;
2420000000.0011792;-85.549163818359375;
2420160256.4114356;-85.460472106933594;
2420320512.8216925;-85.530082702636719;
2420480769.2319489;-85.542770385742188;
2420641025.6422052;-85.533111572265625;
2420801282.0524616;-85.536453247070313;
2420961538.462718;-85.5152587890625;
2421121794.8729744;-85.508918762207031;
2421282051.2832308;-85.521629333496094;
2421442307.6934872;-85.530097961425781;
2421602564.1037436;-85.517387390136719;
2421762820.5139999;-85.547050476074219;
2421923076.9242563;-85.525848388671875;
2422083333.3345127;-85.525840759277344;
2422243589.7447691;-85.525840759277344;
2422403846.1550255;-85.504684448242188;
2422564102.5652819;-85.5234375;
2422724358.9755383;-85.485710144042969;
2422884615.3857946;-85.500480651855469;
2423044871.796051;-85.485671997070312;
2423205128.2063074;-85.498390197753906;
2423365384.6165643;-85.51739501953125;
2423525641.0268207;-85.53857421875;
2423685897.437077;-85.540687561035156;
2423846153.8473334;-85.536453247070313;
2424006410.2575898;-85.530082702636719;
2424166666.6678462;-85.517349243164062;
2424326923.0781026;-85.508895874023438;
2424487179.488359;-85.54278564453125;
2424647435.8986154;-85.530097961425781;
2424807692.3088717;-85.489898681640625;
2424967948.7191281;-85.452102661132812;
2425128205.1293845;-85.452079772949219;
2425288461.5396409;-85.525856018066406;
2425448717.9498973;-85.489944458007812;
2425608974.3601537;-85.513130187988281;
2425769230.7704101;-85.452102661132812;
2425929487.1806664;-85.429031372070312;
2426089743.5909228;-85.460487365722656;
2426250000.0011792;-85.399703979492188;
2426410256.4114356;-85.435295104980469;
2426570512.8216925;-85.2939453125;
2426730769.2319489;-85.301612854003906;
2426891025.6422052;-85.262847900390625;
2427051282.0524616;-85.0364990234375;
2427211538.462718;-84.975929260253906;
2427371794.8729744;-84.245071411132813;
2427532051.2832308;-84.451240539550781;
2427692307.6934872;-83.035552978515625;
2427852564.1037436;-83.499687194824219;
2428012820.5139999;-81.263923645019531;
2428173076.9242563;-80.407127380371094;
2428333333.3345127;-77.978050231933594;
2428493589.7447691;-76.307121276855469;
2428653846.1550255;-74.922782897949219;
2428814102.5652819;-72.0263671875;
2428974358.9755383;-70.966323852539063;
2429134615.3857946;-67.134544372558594;
2429294871.796051;-66.892601013183594;
2429455128.2063074;-63.276535034179688;
2429615384.6165643;-62.31927490234375;
2429775641.0268207;-59.535030364990234;
2429935897.437077;-57.551246643066406;
2430096153.8473334;-56.18017578125;
2430256410.2575898;-54.025356292724609;
2430416666.6678462;-53.372673034667969;
2430576923.0781026;-50.244541168212891;
2430737179.488359;-49.623371124267578;
2430897435.8986154;-46.989273071289063;
2431057692.3088717;-46.627155303955078;
2431217948.7191281;-44.449512481689453;
2431378205.1293845;-42.598972320556641;
2431538461.5396409;-41.139167785644531;
2431698717.9498973;-39.619964599609375;
2431858974.3601537;-38.650215148925781;
2432019230.7704101;-37.051864624023438;
2432179487.1806664;-35.942466735839844;
2432339743.5909228;-33.702278137207031;
2432500000.0011792;-33.227703094482422;
2432660256.4114356;-31.388637542724609;
2432820512.8216925;-30.901674270629883;
2432980769.2319489;-29.207170486450195;
2433141025.6422052;-28.198055267333984;
2433301282.0524616;-27.386564254760742;
2433461538.462718;-26.657552719116211;
2433621794.8729744;-26.04981803894043;
2433782051.2832308;-25.329910278320313;
2433942307.6934872;-24.744869232177734;
2434102564.1037436;-24.660257339477539;
2434262820.5139999;-24.455478668212891;
2434423076.9242563;-24.540817260742188;
2434583333.3345127;-24.709352493286133;
2434743589.7447691;-25.118478775024414;
2434903846.1550255;-25.620044708251953;
2435064102.5652819;-26.064596176147461;
2435224358.9755383;-26.892704010009766;
2435384615.3857946;-27.642324447631836;
2435544871.796051;-29.129766464233398;
2435705128.2063074;-29.695442199707031;
2435865384.6165643;-30.955989837646484;
2436025641.0268207;-31.722291946411133;
2436185897.437077;-33.409580230712891;
2436346153.8473334;-34.898761749267578;
2436506410.2575898;-35.899803161621094;
2436666666.6678462;-37.144889831542969;
2436826923.0781026;-38.080989837646484;
2436987179.488359;-40.000904083251953;
2437147435.8986154;-41.354831695556641;
2437307692.3088717;-42.782920837402344;
2437467948.7191281;-43.614208221435547;
2437628205.1293845;-45.08624267578125;
2437788461.5396409;-46.570213317871094;
2437948717.9498973;-48.290122985839844;
2438108974.3601537;-49.294559478759766;
2438269230.7704101;-50.442218780517578;
2438429487.1806664;-51.697837829589844;
2438589743.5909228;-53.229160308837891;
2438750000.0011792;-55.064605712890625;
2438910256.4114356;-55.738178253173828;
2439070512.8216925;-57.404045104980469;
2439230769.2319489;-58.146553039550781;
2439391025.6422052;-60.313022613525391;
2439551282.0524616;-61.979682922363281;
2439711538.462718;-63.397377014160156;
2439871794.8729744;-64.810836791992188;
2440032051.2832308;-66.117233276367188;
2440192307.6934872;-68.372650146484375;
2440352564.1037436;-70.576095581054688;
2440512820.5139999;-72.360084533691406;
2440673076.9242563;-73.806053161621094;
2440833333.3345127;-75.722488403320313;
2440993589.7447691;-77.805252075195312;
2441153846.1550255;-80.143226623535156;
2441314102.5652819;-81.236892700195313;
2441474358.9755383;-82.337493896484375;
2441634615.3857946;-83.181632995605469;
2441794871.796051;-84.127182006835938;
2441955128.2063074;-84.746673583984375;
2442115384.6165643;-84.936622619628906;
2442275641.0268207;-85.102317810058594;
2442435897.437077;-85.269058227539063;
2442596153.8473334;-85.462532043457031;
2442756410.2575898;-85.538558959960938;
2442916666.6678462;-85.615196228027344;
2443076923.0781026;-85.536300659179687;
2443237179.488359;-85.535545349121094;
2443397435.8986154;-85.544921875;
2443557692.3088717;-85.557647705078125;
2443717948.7191281;-85.578804016113281;
2443878205.1293845;-85.623687744140625;
2444038461.5396409;-85.549171447753906;
2444198717.9498973;-85.572547912597656;
2444358974.3601537;-85.623741149902344;
2444519230.7704101;-85.6002197265625;
2444679487.1806664;-85.638740539550781;
2444839743.5909228;-85.636604309082031;
2445000000.0011792;-85.673133850097656;
2445160256.4114356;-85.658065795898438;
2445320512.8216925;-85.651573181152344;
2445480769.2319489;-85.604454040527344;
2445641025.6422052;-85.625823974609375;
2445801282.0524616;-85.544929504394531;
2445961538.462718;-85.475204467773438;
2446121794.8729744;-85.561836242675781;
2446282051.2832308;-85.581047058105469;
2446442307.6934872;-85.635368347167969;
2446602564.1037436;-85.645195007324219;
2446762820.5139999;-85.640899658203125;
2446923076.9242563;-85.542816162109375;
2447083333.3345127;-85.561897277832031;
2447243589.7447691;-85.636581420898438;
2447403846.1550255;-85.630165100097656;
2447564102.5652819;-85.610939025878906;
2447724358.9755383;-85.619438171386719;
2447884615.3857946;-85.630157470703125;
2448044871.796051;-85.655914306640625;
2448205128.2063074;-85.660232543945313;
2448365384.6165643;-85.645187377929688;
2448525641.0268207;-85.64947509765625;
2448685897.437077;-85.653762817382813;
2448846153.8473334;-85.652824401855469;
2449006410.2575898;-85.655014038085938;
2449166666.6678462;-85.693016052246094;
2449326923.0781026;-85.692535400390625;
2449487179.488359;-85.692535400390625;
2449647435.8986154;-85.681747436523438;
2449807692.3088717;-85.613037109375;
2449967948.7191281;-85.634429931640625;
2450128205.1293845;-85.649490356445313;
2450288461.5396409;-85.66021728515625;
2450448717.9498973;-85.668815612792969;
2450608974.3601537;-85.636619567871094;
2450769230.7704101;-85.675262451171875;
2450929487.1806664;-85.664527893066406;
2451089743.5909228;-85.664535522460938;
2451250000.0011792;-85.673141479492188;
2451410256.4114356;-85.640907287597656;
2451570512.8216925;-85.703292846679688;
2451730769.2319489;-85.670944213867188;
2451891025.6422052;-85.701148986816406;
2452051282.0524616;-85.673126220703125;
2452211538.462718;-85.69036865234375;
2452371794.8729744;-85.660232543945313;
2452532051.2832308;-85.6558837890625;
2452692307.6934872;-85.647308349609375;
2452852564.1037436;-85.675285339355469;
2453012820.5139999;-85.681747436523438;
2453173076.9242563;-85.6688232421875;
2453333333.3345127;-85.69036865234375;
2453493589.7447691;-85.660232543945313;
2453653846.1550255;-85.65374755859375;
2453814102.5652819;-85.679550170898437;
2453974358.9755383;-85.295822143554688;
2454134615.3857946;-85.231925964355469;
2454294871.796051;-85.275413513183594;
2454455128.2063074;-85.366348266601562;
2454615384.6165643;-85.327079772949219;
2454775641.0268207;-85.487579345703125;
2454935897.437077;-85.587936401367188;
2455096153.8473334;-85.537925720214844;
2455256410.2575898;-85.584327697753906;
2455416666.6678462;-85.407638549804688;
2455576923.0781026;-85.489601135253906;
2455737179.488359;-85.515167236328125;
2455897435.8986154;-85.589469909667969;
2456057692.3088717;-85.458320617675781;
2456217948.7191281;-85.477096557617188;
2456378205.1293845;-85.376533508300781;
2456538461.5396409;-85.417526245117188;
2456698717.9498973;-85.228172302246094;
2456858974.3601537;-85.2034912109375;
2457019230.7704101;-85.296028137207031;
2457179487.1806664;-85.293983459472656;
2457339743.5909228;-85.337425231933594;
2457500000.0011792;-85.169136047363281;
2457660256.4114356;-85.238578796386719;
2457820512.8216925;-85.246635437011719;
2457980769.2319489;-85.293846130371094;
2458141025.6422052;-85.254928588867188;
2458301282.0524616;-85.250801086425781;
2458461538.462718;-85.376609802246094;
2458621794.8729744;-85.441474914550781;
2458782051.2832308;-85.506805419921875;
2458942307.6934872;-85.385116577148438;
2459102564.1037436;-85.576416015625;
2459262820.5139999;-85.542533874511719;
2459423076.9242563;-85.685989379882813;
2459583333.3345127;-85.546989440917969;
2459743589.7447691;-85.532188415527344;
2459903846.1550255;-85.559783935546875;
2460064102.5652819;-85.576736450195312;
2460224358.9755383;-85.651580810546875;
2460384615.3857946;-85.578697204589844;
2460544871.796051;-85.651611328125;
2460705128.2063074;-85.570182800292969;
2460865384.6165643;-85.655799865722656;
2461025641.0268207;-85.65155029296875;
2461185897.437077;-85.686012268066406;
2461346153.8473334;-85.630111694335938;
2461506410.2575898;-85.668663024902344;
2461666666.6678462;-85.65802001953125;
2461826923.0781026;-85.709693908691406;
2461987179.488359;-85.733573913574219;
2462147435.8986154;-85.681526184082031;
2462307692.3088717;-85.742271423339844;
2462467948.7191281;-85.69891357421875;
2462628205.1293845;-85.757499694824219;
2462788461.5396409;-85.692436218261719;
2462948717.9498973;-85.744277954101563;
2463108974.3601537;-85.681571960449219;
2463269230.7704101;-85.722419738769531;
2463429487.1806664;-85.711906433105469;
2463589743.5909228;-85.685890197753906;
2463750000.0011792;-85.740066528320313;
2463910256.4114356;-85.660102844238281;
2464070512.8216925;-85.742286682128906;
2464230769.2319489;-85.705291748046875;
2464391025.6422052;-85.746498107910156;
2464551282.0524616;-85.716209411621094;
2464711538.462718;-85.731208801269531;
2464871794.8729744;-85.660171508789063;
2465032051.2832308;-85.701019287109375;
2465192307.6934872;-85.733566284179688;
2465352564.1037436;-85.687957763671875;
2465512820.5139999;-85.714080810546875;
2465673076.9242563;-85.685897827148438;
2465833333.3345127;-85.750968933105469;
2465993589.7447691;-85.615135192871094;
2466153846.1550255;-85.696769714355469;
2466314102.5652819;-85.698928833007812;
2466474358.9755383;-85.703086853027344;
2466634615.3857946;-85.685989379882813;
2466794871.796051;-85.690193176269531;
2466955128.2063074;-85.755302429199219;
2467115384.6165643;-85.664314270019531;
2467275641.0268207;-85.753105163574219;
2467435897.437077;-85.62152099609375;
2467596153.8473334;-85.694595336914063;
2467756410.2575898;-85.608627319335938;
2467916666.6678462;-85.703109741210937;
2468076923.0781026;-85.6881103515625;
2468237179.488359;-85.70941162109375;
2468397435.8986154;-85.711906433105469;
2468557692.3088717;-85.644706726074219;
2468717948.7191281;-85.683807373046875;
2468878205.1293845;-85.642692565917969;
2469038461.5396409;-85.733573913574219;
2469198717.9498973;-85.572303771972656;
2469358974.3601537;-85.709732055664063;
2469519230.7704101;-85.574386596679688;
2469679487.1806664;-85.651069641113281;
2469839743.5909228;-85.625526428222656;
2470000000.0011792;-85.626846313476563;
2470160256.4114356;-85.711715698242188;
2470320512.8216925;-85.603904724121094;
2470480769.2319489;-85.707557678222656;
2470641025.6422052;-85.497604370117187;
2470801282.0524616;-85.72137451171875;
2470961538.462718;-85.502731323242187;
2471121794.8729744;-85.575851440429688;
2471282051.2832308;-85.412528991699219;
2471442307.6934872;-85.474960327148438;
2471602564.1037436;-85.44696044921875;
2471762820.5139999;-85.388679504394531;
2471923076.9242563;-85.455482482910156;
2472083333.3345127;-85.272270202636719;
2472243589.7447691;-85.512428283691406;
2472403846.1550255;-85.070541381835938;
2472564102.5652819;-85.503814697265625;
2472724358.9755383;-84.985015869140625;
2472884615.3857946;-85.437179565429688;
2473044871.796051;-84.919502258300781;
2473205128.2063074;-85.087966918945313;
2473365384.6165643;-85.060348510742187;
2473525641.0268207;-84.9522705078125;
2473685897.437077;-85.16192626953125;
2473846153.8473334;-84.849258422851563;
2474006410.2575898;-85.2509765625;
2474166666.6678462;-84.760032653808594;
2474326923.0781026;-85.40521240234375;
2474487179.488359;-84.807777404785156;
2474647435.8986154;-85.202491760253906;
2474807692.3088717;-85.030281066894531;
2474967948.7191281;-85.145233154296875;
2475128205.1293845;-85.279434204101563;
2475288461.5396409;-85.224327087402344;
2475448717.9498973;-85.434341430664063;
2475608974.3601537;-85.289382934570313;
2475769230.7704101;-85.58062744140625;
2475929487.1806664;-85.357192993164062;
2476089743.5909228;-85.567420959472656;
2476250000.0011792;-85.367523193359375;
2476410256.4114356;-85.535537719726563;
2476570512.8216925;-85.580665588378906;
2476730769.2319489;-85.550376892089844;
2476891025.6422052;-85.610786437988281;
2477051282.0524616;-85.495437622070313;
2477211538.462718;-85.653709411621094;
2477371794.8729744;-85.532974243164062;
2477532051.2832308;-85.633544921875;
2477692307.6934872;-85.583793640136719;
2477852564.1037436;-85.675056457519531;
2478012820.5139999;-85.694610595703125;
2478173076.9242563;-85.711647033691406;
2478333333.3345127;-85.737937927246094;
2478493589.7447691;-85.675125122070313;
2478653846.1550255;-85.753143310546875;
2478814102.5652819;-85.670875549316406;
2478974358.9755383;-85.73577880859375;
2479134615.3857946;-85.711860656738281;
2479294871.796051;-85.7596435546875;
2479455128.2063074;-85.733535766601562;
2479615384.6165643;-85.755294799804688;
2479775641.0268207;-85.744461059570313;
2479935897.437077;-85.748802185058594;
2480096153.8473334;-85.759651184082031;
2480256410.2575898;-85.774833679199219;
2480416666.6678462;-85.77490234375;
2480576923.0781026;-85.748809814453125;
2480737179.488359;-85.768363952636719;
2480897435.8986154;-85.748794555664063;
2481057692.3088717;-85.753128051757813;
2481217948.7191281;-85.792335510253906;
2481378205.1293845;-85.801078796386719;
2481538461.5396409;-85.761848449707031;
2481698717.9498973;-85.759674072265625;
2481858974.3601537;-85.778633117675781;
2482019230.7704101;-85.775840759277344;
2482179487.1806664;-85.766197204589844;
2482339743.5909228;-85.7574462890625;
2482500000.0011792;-85.772727966308594;
2482660256.4114356;-85.757499694824219;
2482820512.8216925;-85.766197204589844;
2482980769.2319489;-85.772720336914062;
2483141025.6422052;-85.774894714355469;
2483301282.0524616;-85.770553588867188;
2483461538.462718;-85.772727966308594;
2483621794.8729744;-85.783615112304688;
2483782051.2832308;-85.774894714355469;
2483942307.6934872;-85.759674072265625;
2484102564.1037436;-85.768325805664062;
2484262820.5139999;-85.764007568359375;
