Type;ESU;
Version;4.43;
Date;03.Jun 16;
Mode;ANALYZER;
Center Freq;2434262820.514000;Hz
Freq Offset;0.000000;Hz
Span;100000000.000000;Hz
x-Axis;LIN;
Start;2384262820.514000;Hz
Stop;2484262820.514000;Hz
Ref Level;-8.000000;dBm
Level Offset;0.000000;dB
Ref Position;100.000000;%
y-Axis;LOG;
Level Range;100.000000;dB
Rf Att;5.000000;dB
RBW;2000000.000000;Hz
VBW;50.000000;Hz
SWT;2.500000;s
Trace Mode;CLR/WRITE;
Detector;RMS;
Sweep Count;0;
Trace 1:;;
x-Unit;Hz;
y-Unit;dBm;
Values;625;
2384262820.5139999;-85.649856567382813;
2384423076.9242563;-85.621620178222656;
2384583333.3345127;-85.553413391113281;
2384743589.7447691;-85.613037109375;
2384903846.1550255;-85.63018798828125;
2385064102.5652819;-85.649490356445313;
2385224358.9755383;-85.628044128417969;
2385384615.3857946;-85.649497985839844;
2385544871.796051;-85.649497985839844;
2385705128.2063074;-85.6580810546875;
2385865384.6165643;-85.653785705566406;
2386025641.0268207;-85.613067626953125;
2386185897.437077;-85.645187377929688;
2386346153.8473334;-85.623764038085938;
2386506410.2575898;-85.666679382324219;
2386666666.6678462;-85.581062316894531;
2386826923.0781026;-85.53009033203125;
2386987179.488359;-85.572410583496094;
2387147435.8986154;-85.634445190429687;
2387307692.3088717;-85.60662841796875;
2387467948.7191281;-85.612968444824219;
2387628205.1293845;-85.540695190429687;
2387788461.5396409;-85.542770385742188;
2387948717.9498973;-85.551300048828125;
2388108974.3601537;-85.530067443847656;
2388269230.7704101;-85.572525024414063;
2388429487.1806664;-85.551246643066406;
2388589743.5909228;-85.559783935546875;
2388750000.0011792;-85.559783935546875;
2388910256.4114356;-85.540611267089844;
2389070512.8216925;-85.542793273925781;
2389230769.2319489;-85.549049377441406;
2389391025.6422052;-85.591712951660156;
2389551282.0524616;-85.570220947265625;
2389711538.462718;-85.591720581054687;
2389871794.8729744;-85.48345947265625;
2390032051.2832308;-85.544906616210937;
2390192307.6934872;-85.454048156738281;
2390352564.1037436;-85.49383544921875;
2390512820.5139999;-85.464546203613281;
2390673076.9242563;-85.403175354003906;
2390833333.3345127;-85.429008483886719;
2390993589.7447691;-85.353294372558594;
2391153846.1550255;-85.470947265625;
2391314102.5652819;-85.311996459960937;
2391474358.9755383;-85.459678649902344;
2391634615.3857946;-85.219131469726563;
2391794871.796051;-85.336723327636719;
2391955128.2063074;-85.334335327148438;
2392115384.6165643;-85.260368347167969;
2392275641.0268207;-85.320281982421875;
2392435897.437077;-85.133026123046875;
2392596153.8473334;-85.337051391601563;
2392756410.2575898;-84.980056762695313;
2392916666.6678462;-85.370208740234375;
2393076923.0781026;-85.020011901855469;
2393237179.488359;-85.272987365722656;
2393397435.8986154;-85.112564086914063;
2393557692.3088717;-85.088760375976563;
2393717948.7191281;-85.190719604492188;
2393878205.1293845;-85.064994812011719;
2394038461.5396409;-85.314201354980469;
2394198717.9498973;-85.050491333007812;
2394358974.3601537;-85.395233154296875;
2394519230.7704101;-85.153854370117188;
2394679487.1806664;-85.363014221191406;
2394839743.5909228;-85.28704833984375;
2395000000.0011792;-85.360809326171875;
2395160256.4114356;-85.388984680175781;
2395320512.8216925;-85.346763610839844;
2395480769.2319489;-85.451911926269531;
2395641025.6422052;-85.353599548339844;
2395801282.0524616;-85.458335876464844;
2395961538.462718;-85.345161437988281;
2396121794.8729744;-85.459831237792969;
2396282051.2832308;-85.386924743652344;
2396442307.6934872;-85.384681701660156;
2396602564.1037436;-85.47503662109375;
2396762820.5139999;-85.428802490234375;
2396923076.9242563;-85.504707336425781;
2397083333.3345127;-85.420524597167969;
2397243589.7447691;-85.500503540039063;
2397403846.1550255;-85.397651672363281;
2397564102.5652819;-85.481422424316406;
2397724358.9755383;-85.447837829589844;
2397884615.3857946;-85.487648010253906;
2398044871.796051;-85.466743469238281;
2398205128.2063074;-85.447486877441406;
2398365384.6165643;-85.443687438964844;
2398525641.0268207;-85.435256958007813;
2398685897.437077;-85.517379760742188;
2398846153.8473334;-85.483505249023438;
2399006410.2575898;-85.532218933105469;
2399166666.6678462;-85.458366394042969;
2399326923.0781026;-85.504631042480469;
2399487179.488359;-85.46258544921875;
2399647435.8986154;-85.462471008300781;
2399807692.3088717;-85.506706237792969;
2399967948.7191281;-85.464591979980469;
2400128205.1293845;-85.513137817382812;
2400288461.5396409;-85.458351135253906;
2400448717.9498973;-85.498382568359375;
2400608974.3601537;-85.477294921875;
2400769230.7704101;-85.4456787109375;
2400929487.1806664;-85.431991577148438;
2401089743.5909228;-85.458351135253906;
2401250000.0011792;-85.492057800292969;
2401410256.4114356;-85.512687683105469;
2401570512.8216925;-85.540382385253906;
2401730769.2319489;-85.464630126953125;
2401891025.6422052;-85.525856018066406;
2402051282.0524616;-85.494110107421875;
2402211538.462718;-85.572517395019531;
2402371794.8729744;-85.483612060546875;
2402532051.2832308;-85.462501525878906;
2402692307.6934872;-85.475166320800781;
2402852564.1037436;-85.49407958984375;
2403012820.5139999;-85.483634948730469;
2403173076.9242563;-85.445693969726562;
2403333333.3345127;-85.454193115234375;
2403493589.7447691;-85.454154968261719;
2403653846.1550255;-85.534324645996094;
2403814102.5652819;-85.485725402832031;
2403974358.9755383;-85.510986328125;
2404134615.3857946;-85.460479736328125;
2404294871.796051;-85.435226440429687;
2404455128.2063074;-85.477287292480469;
2404615384.6165643;-85.462516784667969;
2404775641.0268207;-85.512626647949219;
2404935897.437077;-85.46319580078125;
2405096153.8473334;-85.508926391601562;
2405256410.2575898;-85.508903503417969;
2405416666.6678462;-85.4871826171875;
2405576923.0781026;-85.493927001953125;
2405737179.488359;-85.542800903320312;
2405897435.8986154;-85.564041137695313;
2406057692.3088717;-85.462532043457031;
2406217948.7191281;-85.525848388671875;
2406378205.1293845;-85.496238708496094;
2406538461.5396409;-85.53009033203125;
2406698717.9498973;-85.464675903320312;
2406858974.3601537;-85.527931213378906;
2407019230.7704101;-85.536430358886719;
2407179487.1806664;-85.487716674804688;
2407339743.5909228;-85.534286499023438;
2407500000.0011792;-85.504676818847656;
2407660256.4114356;-85.532188415527344;
2407820512.8216925;-85.443702697753906;
2407980769.2319489;-85.483558654785156;
2408141025.6422052;-85.511009216308594;
2408301282.0524616;-85.506790161132813;
2408461538.462718;-85.530097961425781;
2408621794.8729744;-85.506782531738281;
2408782051.2832308;-85.542800903320312;
2408942307.6934872;-85.496185302734375;
2409102564.1037436;-85.536453247070313;
2409262820.5139999;-85.462539672851563;
2409423076.9242563;-85.559761047363281;
2409583333.3345127;-85.489875793457031;
2409743589.7447691;-85.508834838867187;
2409903846.1550255;-85.511009216308594;
2410064102.5652819;-85.485542297363281;
2410224358.9755383;-85.506782531738281;
2410384615.3857946;-85.472869873046875;
2410544871.796051;-85.519432067871094;
2410705128.2063074;-85.487777709960937;
2410865384.6165643;-85.574653625488281;
2411025641.0268207;-85.53009033203125;
2411185897.437077;-85.521575927734375;
2411346153.8473334;-85.506752014160156;
2411506410.2575898;-85.552970886230469;
2411666666.6678462;-85.513008117675781;
2411826923.0781026;-85.525787353515625;
2411987179.488359;-85.491943359375;
2412147435.8986154;-85.578933715820312;
2412307692.3088717;-85.489883422851562;
2412467948.7191281;-85.55975341796875;
2412628205.1293845;-85.489921569824219;
2412788461.5396409;-85.547035217285156;
2412948717.9498973;-85.542816162109375;
2413108974.3601537;-85.521583557128906;
2413269230.7704101;-85.572540283203125;
2413429487.1806664;-85.555503845214844;
2413589743.5909228;-85.551292419433594;
2413750000.0011792;-85.547019958496094;
2413910256.4114356;-85.547019958496094;
2414070512.8216925;-85.536369323730469;
2414230769.2319489;-85.567047119140625;
2414391025.6422052;-85.534332275390625;
2414551282.0524616;-85.536415100097656;
2414711538.462718;-85.585304260253906;
2414871794.8729744;-85.534271240234375;
2415032051.2832308;-85.527961730957031;
2415192307.6934872;-85.532203674316406;
2415352564.1037436;-85.551292419433594;
2415512820.5139999;-85.547012329101563;
2415673076.9242563;-85.527961730957031;
2415833333.3345127;-85.519508361816406;
2415993589.7447691;-85.530097961425781;
2416153846.1550255;-85.568260192871094;
2416314102.5652819;-85.523727416992188;
2416474358.9755383;-85.568290710449219;
2416634615.3857946;-85.5379638671875;
2416794871.796051;-85.540695190429687;
2416955128.2063074;-85.534332275390625;
2417115384.6165643;-85.521629333496094;
2417275641.0268207;-85.544883728027344;
2417435897.437077;-85.561882019042969;
2417596153.8473334;-85.536453247070313;
2417756410.2575898;-85.521629333496094;
2417916666.6678462;-85.555534362792969;
2418076923.0781026;-85.544921875;
2418237179.488359;-85.527984619140625;
2418397435.8986154;-85.53009033203125;
2418557692.3088717;-85.566139221191406;
2418717948.7191281;-85.542808532714844;
2418878205.1293845;-85.533126831054688;
2419038461.5396409;-85.540687561035156;
2419198717.9498973;-85.534332275390625;
2419358974.3601537;-85.530097961425781;
2419519230.7704101;-85.54278564453125;
2419679487.1806664;-85.564048767089844;
2419839743.5909228;-85.513160705566406;
2420000000.0011792;-85.527976989746094;
2420160256.4114356;-85.5152587890625;
2420320512.8216925;-85.521629333496094;
2420480769.2319489;-85.53643798828125;
2420641025.6422052;-85.521621704101563;
2420801282.0524616;-85.530097961425781;
2420961538.462718;-85.498359680175781;
2421121794.8729744;-85.4752197265625;
2421282051.2832308;-85.470985412597656;
2421442307.6934872;-85.496253967285156;
2421602564.1037436;-85.517387390136719;
2421762820.5139999;-85.530097961425781;
2421923076.9242563;-85.471015930175781;
2422083333.3345127;-85.511054992675781;
2422243589.7447691;-85.574684143066406;
2422403846.1550255;-85.547012329101563;
2422564102.5652819;-85.527976989746094;
2422724358.9755383;-85.517364501953125;
2422884615.3857946;-85.557662963867187;
2423044871.796051;-85.518585205078125;
2423205128.2063074;-85.568275451660156;
2423365384.6165643;-85.544906616210937;
2423525641.0268207;-85.544921875;
2423685897.437077;-85.485740661621094;
2423846153.8473334;-85.530067443847656;
2424006410.2575898;-85.527908325195312;
2424166666.6678462;-85.555488586425781;
2424326923.0781026;-85.54705810546875;
2424487179.488359;-85.525856018066406;
2424647435.8986154;-85.549171447753906;
2424807692.3088717;-85.534309387207031;
2424967948.7191281;-85.559791564941406;
2425128205.1293845;-85.500473022460938;
2425288461.5396409;-85.530097961425781;
2425448717.9498973;-85.515266418457031;
2425608974.3601537;-85.525825500488281;
2425769230.7704101;-85.498374938964844;
2425929487.1806664;-85.481437683105469;
2426089743.5909228;-85.456283569335937;
2426250000.0011792;-85.430992126464844;
2426410256.4114356;-85.435333251953125;
2426570512.8216925;-85.353843688964844;
2426730769.2319489;-85.399497985839844;
2426891025.6422052;-85.170867919921875;
2427051282.0524616;-85.069503784179688;
2427211538.462718;-84.816062927246094;
2427371794.8729744;-84.566482543945313;
2427532051.2832308;-84.535888671875;
2427692307.6934872;-83.271270751953125;
2427852564.1037436;-83.67645263671875;
2428012820.5139999;-80.983879089355469;
2428173076.9242563;-81.728103637695312;
2428333333.3345127;-78.523406982421875;
2428493589.7447691;-77.179412841796875;
2428653846.1550255;-75.47967529296875;
2428814102.5652819;-72.976699829101563;
2428974358.9755383;-72.293869018554687;
2429134615.3857946;-68.049903869628906;
2429294871.796051;-67.282646179199219;
2429455128.2063074;-63.892097473144531;
2429615384.6165643;-63.409336090087891;
2429775641.0268207;-60.521354675292969;
2429935897.437077;-58.689617156982422;
2430096153.8473334;-56.591407775878906;
2430256410.2575898;-54.517890930175781;
2430416666.6678462;-53.925987243652344;
2430576923.0781026;-51.322402954101563;
2430737179.488359;-50.5614013671875;
2430897435.8986154;-47.281032562255859;
2431057692.3088717;-47.085803985595703;
2431217948.7191281;-44.538837432861328;
2431378205.1293845;-43.818233489990234;
2431538461.5396409;-41.757797241210937;
2431698717.9498973;-39.809761047363281;
2431858974.3601537;-39.162502288818359;
2432019230.7704101;-37.081504821777344;
2432179487.1806664;-36.713687896728516;
2432339743.5909228;-34.047275543212891;
2432500000.0011792;-33.214488983154297;
2432660256.4114356;-31.809150695800781;
2432820512.8216925;-30.797088623046875;
2432980769.2319489;-29.887605667114258;
2433141025.6422052;-28.344623565673828;
2433301282.0524616;-27.510042190551758;
2433461538.462718;-26.699714660644531;
2433621794.8729744;-26.161336898803711;
2433782051.2832308;-25.545379638671875;
2433942307.6934872;-24.824508666992188;
2434102564.1037436;-24.56439208984375;
2434262820.5139999;-24.336830139160156;
2434423076.9242563;-24.379138946533203;
2434583333.3345127;-24.396139144897461;
2434743589.7447691;-24.636833190917969;
2434903846.1550255;-25.158832550048828;
2435064102.5652819;-25.566987991333008;
2435224358.9755383;-26.400810241699219;
2435384615.3857946;-26.793392181396484;
2435544871.796051;-28.199172973632813;
2435705128.2063074;-29.115913391113281;
2435865384.6165643;-30.182626724243164;
2436025641.0268207;-31.166954040527344;
2436185897.437077;-32.095314025878906;
2436346153.8473334;-33.834075927734375;
2436506410.2575898;-35.075874328613281;
2436666666.6678462;-36.424102783203125;
2436826923.0781026;-37.300731658935547;
2436987179.488359;-38.800945281982422;
2437147435.8986154;-40.333225250244141;
2437307692.3088717;-41.948062896728516;
2437467948.7191281;-42.946361541748047;
2437628205.1293845;-44.084140777587891;
2437788461.5396409;-45.367305755615234;
2437948717.9498973;-47.045909881591797;
2438108974.3601537;-48.774829864501953;
2438269230.7704101;-49.586593627929687;
2438429487.1806664;-51.091590881347656;
2438589743.5909228;-51.993034362792969;
2438750000.0011792;-53.974277496337891;
2438910256.4114356;-55.4271240234375;
2439070512.8216925;-56.493503570556641;
2439230769.2319489;-57.762397766113281;
2439391025.6422052;-58.716999053955078;
2439551282.0524616;-60.77801513671875;
2439711538.462718;-62.405879974365234;
2439871794.8729744;-64.057876586914063;
2440032051.2832308;-65.154899597167969;
2440192307.6934872;-67.021614074707031;
2440352564.1037436;-69.04473876953125;
2440512820.5139999;-71.486427307128906;
2440673076.9242563;-72.847648620605469;
2440833333.3345127;-74.611419677734375;
2440993589.7447691;-76.220268249511719;
2441153846.1550255;-78.685478210449219;
2441314102.5652819;-80.737617492675781;
2441474358.9755383;-81.675048828125;
2441634615.3857946;-82.837974548339844;
2441794871.796051;-83.5040283203125;
2441955128.2063074;-84.379249572753906;
2442115384.6165643;-84.816696166992188;
2442275641.0268207;-85.084136962890625;
2442435897.437077;-85.132736206054687;
2442596153.8473334;-85.326866149902344;
2442756410.2575898;-85.435333251953125;
2442916666.6678462;-85.445808410644531;
2443076923.0781026;-85.441596984863281;
2443237179.488359;-85.429054260253906;
2443397435.8986154;-85.496223449707031;
2443557692.3088717;-85.527976989746094;
2443717948.7191281;-85.542800903320312;
2443878205.1293845;-85.494026184082031;
2444038461.5396409;-85.500480651855469;
2444198717.9498973;-85.483604431152344;
2444358974.3601537;-85.508956909179688;
2444519230.7704101;-85.470970153808594;
2444679487.1806664;-85.523727416992188;
2444839743.5909228;-85.477325439453125;
2445000000.0011792;-85.525840759277344;
2445160256.4114356;-85.523735046386719;
2445320512.8216925;-85.485664367675781;
2445480769.2319489;-85.517379760742188;
2445641025.6422052;-85.519508361816406;
2445801282.0524616;-85.530082702636719;
2445961538.462718;-85.473114013671875;
2446121794.8729744;-85.431060791015625;
2446282051.2832308;-85.428955078125;
2446442307.6934872;-85.433212280273437;
2446602564.1037436;-85.540496826171875;
2446762820.5139999;-85.574600219726563;
2446923076.9242563;-85.542808532714844;
2447083333.3345127;-85.528274536132813;
2447243589.7447691;-85.547050476074219;
2447403846.1550255;-85.530059814453125;
2447564102.5652819;-85.515251159667969;
2447724358.9755383;-85.441604614257813;
2447884615.3857946;-85.41229248046875;
2448044871.796051;-85.424827575683594;
2448205128.2063074;-85.445785522460938;
2448365384.6165643;-85.443710327148438;
2448525641.0268207;-85.441619873046875;
2448685897.437077;-84.194679260253906;
2448846153.8473334;-85.052635192871094;
2449006410.2575898;-85.399757385253906;
2449166666.6678462;-85.523635864257813;
2449326923.0781026;-85.578903198242188;
2449487179.488359;-85.542816162109375;
2449647435.8986154;-85.551277160644531;
2449807692.3088717;-85.513252258300781;
2449967948.7191281;-84.409706115722656;
2450128205.1293845;-85.293106079101562;
2450288461.5396409;-85.504631042480469;
2450448717.9498973;-85.610923767089844;
2450608974.3601537;-84.205574035644531;
2450769230.7704101;-85.026710510253906;
2450929487.1806664;-85.439323425292969;
2451089743.5909228;-85.527969360351563;
2451250000.0011792;-85.549171447753906;
2451410256.4114356;-85.553413391113281;
2451570512.8216925;-85.547012329101563;
2451730769.2319489;-84.509857177734375;
2451891025.6422052;-84.765731811523438;
2452051282.0524616;-85.203636169433594;
2452211538.462718;-85.240615844726563;
2452371794.8729744;-85.199737548828125;
2452532051.2832308;-85.246551513671875;
2452692307.6934872;-85.395614624023438;
2452852564.1037436;-85.3726806640625;
2453012820.5139999;-85.53216552734375;
2453173076.9242563;-85.534309387207031;
2453333333.3345127;-85.551239013671875;
2453493589.7447691;-85.408058166503906;
2453653846.1550255;-85.030784606933594;
2453814102.5652819;-84.633522033691406;
2453974358.9755383;-84.637466430664062;
2454134615.3857946;-84.729034423828125;
2454294871.796051;-84.610565185546875;
2454455128.2063074;-84.714164733886719;
2454615384.6165643;-84.692924499511719;
2454775641.0268207;-84.708015441894531;
2454935897.437077;-84.474029541015625;
2455096153.8473334;-84.457672119140625;
2455256410.2575898;-84.557518005371094;
2455416666.6678462;-84.453910827636719;
2455576923.0781026;-84.585678100585937;
2455737179.488359;-84.601142883300781;
2455897435.8986154;-84.581871032714844;
2456057692.3088717;-84.8477783203125;
2456217948.7191281;-84.857658386230469;
2456378205.1293845;-84.791572570800781;
2456538461.5396409;-84.803237915039063;
2456698717.9498973;-84.818809509277344;
2456858974.3601537;-84.889328002929687;
2457019230.7704101;-85.076141357421875;
2457179487.1806664;-84.934539794921875;
2457339743.5909228;-85.016212463378906;
2457500000.0011792;-85.067977905273437;
2457660256.4114356;-85.205772399902344;
2457820512.8216925;-85.256942749023438;
2457980769.2319489;-85.318611145019531;
2458141025.6422052;-85.393333435058594;
2458301282.0524616;-85.366317749023438;
2458461538.462718;-85.449981689453125;
2458621794.8729744;-85.360069274902344;
2458782051.2832308;-85.422714233398437;
2458942307.6934872;-85.4246826171875;
2459102564.1037436;-85.422630310058594;
2459262820.5139999;-85.502548217773438;
2459423076.9242563;-85.527778625488281;
2459583333.3345127;-85.606536865234375;
2459743589.7447691;-85.568153381347656;
2459903846.1550255;-85.6365966796875;
2460064102.5652819;-85.5745849609375;
2460224358.9755383;-85.644981384277344;
2460384615.3857946;-85.608566284179688;
2460544871.796051;-85.608543395996094;
2460705128.2063074;-85.651473999023438;
2460865384.6165643;-85.618980407714844;
2461025641.0268207;-85.647293090820313;
2461185897.437077;-85.642822265625;
2461346153.8473334;-85.759605407714844;
2461506410.2575898;-85.664421081542969;
2461666666.6678462;-85.711578369140625;
2461826923.0781026;-85.629997253417969;
2461987179.488359;-85.679428100585938;
2462147435.8986154;-85.742233276367188;
2462307692.3088717;-85.685791015625;
2462467948.7191281;-85.720573425292969;
2462628205.1293845;-85.675094604492188;
2462788461.5396409;-85.748748779296875;
2462948717.9498973;-85.679397583007813;
2463108974.3601537;-85.713844299316406;
2463269230.7704101;-85.662300109863281;
2463429487.1806664;-85.674911499023438;
2463589743.5909228;-85.705436706542969;
2463750000.0011792;-85.672882080078125;
2463910256.4114356;-85.724922180175781;
2464070512.8216925;-85.690200805664063;
2464230769.2319489;-85.755302429199219;
2464391025.6422052;-85.666427612304688;
2464551282.0524616;-85.724647521972656;
2464711538.462718;-85.683746337890625;
2464871794.8729744;-85.7030029296875;
2465032051.2832308;-85.709564208984375;
2465192307.6934872;-85.705314636230469;
2465352564.1037436;-85.746620178222656;
2465512820.5139999;-85.668586730957031;
2465673076.9242563;-85.783599853515625;
2465833333.3345127;-85.685890197753906;
2465993589.7447691;-85.74658203125;
2466153846.1550255;-85.655838012695313;
2466314102.5652819;-85.720481872558594;
2466474358.9755383;-85.686012268066406;
2466634615.3857946;-85.692298889160156;
2466794871.796051;-85.692535400390625;
2466955128.2063074;-85.640571594238281;
2467115384.6165643;-85.716224670410156;
2467275641.0268207;-85.647163391113281;
2467435897.437077;-85.768325805664062;
2467596153.8473334;-85.655891418457031;
2467756410.2575898;-85.655586242675781;
2467916666.6678462;-85.632057189941406;
2468076923.0781026;-85.694404602050781;
2468237179.488359;-85.668830871582031;
2468397435.8986154;-85.60198974609375;
2468557692.3088717;-85.724822998046875;
2468717948.7191281;-85.64276123046875;
2468878205.1293845;-85.76177978515625;
2469038461.5396409;-85.587287902832031;
2469198717.9498973;-85.644477844238281;
2469358974.3601537;-85.572273254394531;
2469519230.7704101;-85.597160339355469;
2469679487.1806664;-85.617019653320313;
2469839743.5909228;-85.581947326660156;
2470000000.0011792;-85.621467590332031;
2470160256.4114356;-85.507987976074219;
2470320512.8216925;-85.664436340332031;
2470480769.2319489;-85.497451782226563;
2470641025.6422052;-85.720558166503906;
2470801282.0524616;-85.49981689453125;
2470961538.462718;-85.644058227539062;
2471121794.8729744;-85.489295959472656;
2471282051.2832308;-85.514015197753906;
2471442307.6934872;-85.459892272949219;
2471602564.1037436;-85.370048522949219;
2471762820.5139999;-85.572181701660156;
2471923076.9242563;-85.235847473144531;
2472083333.3345127;-85.572227478027344;
2472243589.7447691;-85.160636901855469;
2472403846.1550255;-85.387542724609375;
2472564102.5652819;-85.131317138671875;
2472724358.9755383;-85.306526184082031;
2472884615.3857946;-85.124595642089844;
2473044871.796051;-85.09332275390625;
2473205128.2063074;-85.141632080078125;
2473365384.6165643;-84.862617492675781;
2473525641.0268207;-85.252578735351562;
2473685897.437077;-84.702056884765625;
2473846153.8473334;-85.3182373046875;
2474006410.2575898;-84.724807739257813;
2474166666.6678462;-85.095619201660156;
2474326923.0781026;-85.013572692871094;
2474487179.488359;-84.987823486328125;
2474647435.8986154;-85.237533569335938;
2474807692.3088717;-85.014213562011719;
2474967948.7191281;-85.396308898925781;
2475128205.1293845;-85.028732299804688;
2475288461.5396409;-85.379409790039063;
2475448717.9498973;-85.188949584960938;
2475608974.3601537;-85.329246520996094;
2475769230.7704101;-85.417335510253906;
2475929487.1806664;-85.334487915039063;
2476089743.5909228;-85.58697509765625;
2476250000.0011792;-85.383872985839844;
2476410256.4114356;-85.618965148925781;
2476570512.8216925;-85.510528564453125;
2476730769.2319489;-85.583992004394531;
2476891025.6422052;-85.51080322265625;
2477051282.0524616;-85.527206420898438;
2477211538.462718;-85.68798828125;
2477371794.8729744;-85.6041259765625;
2477532051.2832308;-85.701095581054687;
2477692307.6934872;-85.597930908203125;
2477852564.1037436;-85.707351684570313;
2478012820.5139999;-85.634376525878906;
2478173076.9242563;-85.631935119628906;
2478333333.3345127;-85.67095947265625;
2478493589.7447691;-85.642601013183594;
2478653846.1550255;-85.721794128417969;
2478814102.5652819;-85.640220642089844;
2478974358.9755383;-85.729248046875;
2479134615.3857946;-85.686050415039063;
2479294871.796051;-85.737884521484375;
2479455128.2063074;-85.740089416503906;
2479615384.6165643;-85.746490478515625;
2479775641.0268207;-85.753143310546875;
2479935897.437077;-85.722709655761719;
2480096153.8473334;-85.753143310546875;
2480256410.2575898;-85.711891174316406;
2480416666.6678462;-85.787979125976562;
2480576923.0781026;-85.7618408203125;
2480737179.488359;-85.740081787109375;
2480897435.8986154;-85.744438171386719;
2481057692.3088717;-85.7552490234375;
2481217948.7191281;-85.766189575195313;
2481378205.1293845;-85.720573425292969;
2481538461.5396409;-85.772727966308594;
2481698717.9498973;-85.772712707519531;
2481858974.3601537;-85.777061462402344;
2482019230.7704101;-85.75531005859375;
2482179487.1806664;-85.766197204589844;
2482339743.5909228;-85.790130615234375;
2482500000.0011792;-85.801017761230469;
2482660256.4114356;-85.816375732421875;
2482820512.8216925;-85.790153503417969;
2482980769.2319489;-85.779251098632813;
2483141025.6422052;-85.783599853515625;
2483301282.0524616;-85.766197204589844;
2483461538.462718;-85.7596435546875;
2483621794.8729744;-85.770553588867188;
2483782051.2832308;-85.770553588867188;
2483942307.6934872;-85.76837158203125;
2484102564.1037436;-85.76837158203125;
2484262820.5139999;-85.766197204589844;
