Type;ESU;
Version;4.43;
Date;03.Jun 16;
Mode;ANALYZER;
Center Freq;2434262820.514000;Hz
Freq Offset;0.000000;Hz
Span;100000000.000000;Hz
x-Axis;LIN;
Start;2384262820.514000;Hz
Stop;2484262820.514000;Hz
Ref Level;-9.000000;dBm
Level Offset;0.000000;dB
Ref Position;100.000000;%
y-Axis;LOG;
Level Range;100.000000;dB
Rf Att;5.000000;dB
RBW;2000000.000000;Hz
VBW;50.000000;Hz
SWT;2.500000;s
Trace Mode;CLR/WRITE;
Detector;RMS;
Sweep Count;0;
Trace 1:;;
x-Unit;Hz;
y-Unit;dBm;
Values;625;
2384262820.5139999;-85.716636657714844;
2384423076.9242563;-85.743125915527344;
2384583333.3345127;-85.706474304199219;
2384743589.7447691;-85.70648193359375;
2384903846.1550255;-85.710334777832031;
2385064102.5652819;-85.710334777832031;
2385224358.9755383;-85.716102600097656;
2385384615.3857946;-85.766372680664063;
2385544871.796051;-85.708412170410156;
2385705128.2063074;-85.710334777832031;
2385865384.6165643;-85.702629089355469;
2386025641.0268207;-85.708412170410156;
2386185897.437077;-85.7103271484375;
2386346153.8473334;-85.70648193359375;
2386506410.2575898;-85.70648193359375;
2386666666.6678462;-85.70648193359375;
2386826923.0781026;-85.714179992675781;
2386987179.488359;-85.700698852539063;
2387147435.8986154;-85.733451843261719;
2387307692.3088717;-85.805259704589844;
2387467948.7191281;-85.793563842773438;
2387628205.1293845;-85.725746154785156;
2387788461.5396409;-85.702629089355469;
2387948717.9498973;-85.706474304199219;
2388108974.3601537;-85.716102600097656;
2388269230.7704101;-85.718017578125;
2388429487.1806664;-85.7296142578125;
2388589743.5909228;-85.706474304199219;
2388750000.0011792;-85.685317993164063;
2388910256.4114356;-85.708396911621094;
2389070512.8216925;-85.689163208007813;
2389230769.2319489;-85.727684020996094;
2389391025.6422052;-85.698783874511719;
2389551282.0524616;-85.687225341796875;
2389711538.462718;-85.700698852539063;
2389871794.8729744;-85.712249755859375;
2390032051.2832308;-85.656539916992188;
2390192307.6934872;-85.677581787109375;
2390352564.1037436;-85.681480407714844;
2390512820.5139999;-85.692985534667969;
2390673076.9242563;-85.654563903808594;
2390833333.3345127;-85.648872375488281;
2390993589.7447691;-85.687248229980469;
2391153846.1550255;-85.696853637695313;
2391314102.5652819;-85.681472778320312;
2391474358.9755383;-85.704551696777344;
2391634615.3857946;-85.714187622070313;
2391794871.796051;-85.691032409667969;
2391955128.2063074;-85.622154235839844;
2392115384.6165643;-85.629776000976563;
2392275641.0268207;-85.702621459960937;
2392435897.437077;-85.70263671875;
2392596153.8473334;-85.702629089355469;
2392756410.2575898;-85.710334777832031;
2392916666.6678462;-85.669906616210937;
2393076923.0781026;-85.62786865234375;
2393237179.488359;-85.658447265625;
2393397435.8986154;-85.625961303710938;
2393557692.3088717;-85.608779907226562;
2393717948.7191281;-85.622146606445313;
2393878205.1293845;-85.631683349609375;
2394038461.5396409;-85.646980285644531;
2394198717.9498973;-85.648849487304688;
2394358974.3601537;-85.679557800292969;
2394519230.7704101;-85.67572021484375;
2394679487.1806664;-85.681480407714844;
2394839743.5909228;-85.693000793457031;
2395000000.0011792;-85.700706481933594;
2395160256.4114356;-85.679557800292969;
2395320512.8216925;-85.625961303710938;
2395480769.2319489;-85.658454895019531;
2395641025.6422052;-85.646957397460938;
2395801282.0524616;-85.612617492675781;
2395961538.462718;-85.639335632324219;
2396121794.8729744;-85.662300109863281;
2396282051.2832308;-85.637420654296875;
2396442307.6934872;-85.622154235839844;
2396602564.1037436;-85.646965026855469;
2396762820.5139999;-85.668045043945313;
2396923076.9242563;-85.629768371582031;
2397083333.3345127;-85.6202392578125;
2397243589.7447691;-85.662269592285156;
2397403846.1550255;-85.646965026855469;
2397564102.5652819;-85.648895263671875;
2397724358.9755383;-85.62786865234375;
2397884615.3857946;-85.6107177734375;
2398044871.796051;-85.624053955078125;
2398205128.2063074;-85.62786865234375;
2398365384.6165643;-85.637420654296875;
2398525641.0268207;-85.62786865234375;
2398685897.437077;-85.624061584472656;
2398846153.8473334;-85.631683349609375;
2399006410.2575898;-85.635513305664063;
2399166666.6678462;-85.6202392578125;
2399326923.0781026;-85.622146606445313;
2399487179.488359;-85.599273681640625;
2399647435.8986154;-85.595474243164063;
2399807692.3088717;-85.641227722167969;
2399967948.7191281;-85.666755676269531;
2400128205.1293845;-85.704833984375;
2400288461.5396409;-85.689140319824219;
2400448717.9498973;-85.635467529296875;
2400608974.3601537;-85.627861022949219;
2400769230.7704101;-85.605003356933594;
2400929487.1806664;-85.597381591796875;
2401089743.5909228;-85.625953674316406;
2401250000.0011792;-85.616424560546875;
2401410256.4114356;-85.612625122070313;
2401570512.8216925;-85.614524841308594;
2401730769.2319489;-85.605003356933594;
2401891025.6422052;-85.625961303710938;
2402051282.0524616;-85.616432189941406;
2402211538.462718;-85.610710144042969;
2402371794.8729744;-85.627861022949219;
2402532051.2832308;-85.618278503417969;
2402692307.6934872;-85.608802795410156;
2402852564.1037436;-85.606887817382812;
2403012820.5139999;-85.6202392578125;
2403173076.9242563;-85.641250610351563;
2403333333.3345127;-85.620231628417969;
2403493589.7447691;-85.620246887207031;
2403653846.1550255;-85.616432189941406;
2403814102.5652819;-85.616432189941406;
2403974358.9755383;-85.631683349609375;
2404134615.3857946;-85.666130065917969;
2404294871.796051;-85.641250610351563;
2404455128.2063074;-85.622146606445313;
2404615384.6165643;-85.624053955078125;
2404775641.0268207;-85.595489501953125;
2404935897.437077;-85.618339538574219;
2405096153.8473334;-85.622146606445313;
2405256410.2575898;-85.627876281738281;
2405416666.6678462;-85.625961303710938;
2405576923.0781026;-85.620231628417969;
2405737179.488359;-85.633590698242188;
2405897435.8986154;-85.6429443359375;
2406057692.3088717;-85.641242980957031;
2406217948.7191281;-85.683403015136719;
2406378205.1293845;-85.641181945800781;
2406538461.5396409;-85.625953674316406;
2406698717.9498973;-85.616432189941406;
2406858974.3601537;-85.625968933105469;
2407019230.7704101;-85.63360595703125;
2407179487.1806664;-85.612617492675781;
2407339743.5909228;-85.624061584472656;
2407500000.0011792;-85.606880187988281;
2407660256.4114356;-85.593551635742187;
2407820512.8216925;-85.625961303710938;
2407980769.2319489;-85.616416931152344;
2408141025.6422052;-85.633590698242188;
2408301282.0524616;-85.622154235839844;
2408461538.462718;-85.635498046875;
2408621794.8729744;-85.646980285644531;
2408782051.2832308;-85.639305114746094;
2408942307.6934872;-85.622154235839844;
2409102564.1037436;-85.622146606445313;
2409262820.5139999;-85.641250610351563;
2409423076.9242563;-85.627876281738281;
2409583333.3345127;-85.654632568359375;
2409743589.7447691;-85.625968933105469;
2409903846.1550255;-85.631690979003906;
2410064102.5652819;-85.629776000976563;
2410224358.9755383;-85.656532287597656;
2410384615.3857946;-85.698776245117188;
2410544871.796051;-85.668037414550781;
2410705128.2063074;-85.671867370605469;
2410865384.6165643;-85.685317993164063;
2411025641.0268207;-85.679557800292969;
2411185897.437077;-85.685272216796875;
2411346153.8473334;-85.633598327636719;
2411506410.2575898;-85.673408508300781;
2411666666.6678462;-85.683403015136719;
2411826923.0781026;-85.677635192871094;
2411987179.488359;-85.712265014648437;
2412147435.8986154;-85.727684020996094;
2412307692.3088717;-85.700698852539063;
2412467948.7191281;-85.702629089355469;
2412628205.1293845;-85.700698852539063;
2412788461.5396409;-85.671859741210938;
2412948717.9498973;-85.629768371582031;
2413108974.3601537;-85.679519653320313;
2413269230.7704101;-85.710334777832031;
2413429487.1806664;-85.702629089355469;
2413589743.5909228;-85.708412170410156;
2413750000.0011792;-85.713638305664063;
2413910256.4114356;-85.70648193359375;
2414070512.8216925;-85.708412170410156;
2414230769.2319489;-85.698768615722656;
2414391025.6422052;-85.725746154785156;
2414551282.0524616;-85.677635192871094;
2414711538.462718;-85.694931030273438;
2414871794.8729744;-85.694931030273438;
2415032051.2832308;-85.694931030273438;
2415192307.6934872;-85.691078186035156;
2415352564.1037436;-85.696853637695313;
2415512820.5139999;-85.666130065917969;
2415673076.9242563;-85.702629089355469;
2415833333.3345127;-85.704559326171875;
2415993589.7447691;-85.70648193359375;
2416153846.1550255;-85.674041748046875;
2416314102.5652819;-85.646980285644531;
2416474358.9755383;-85.681480407714844;
2416634615.3857946;-85.702629089355469;
2416794871.796051;-85.693008422851562;
2416955128.2063074;-85.700698852539063;
2417115384.6165643;-85.70648193359375;
2417275641.0268207;-85.685317993164063;
2417435897.437077;-85.683380126953125;
2417596153.8473334;-85.6929931640625;
2417756410.2575898;-85.646980285644531;
2417916666.6678462;-85.685310363769531;
2418076923.0781026;-85.696853637695313;
2418237179.488359;-85.708404541015625;
2418397435.8986154;-85.643135070800781;
2418557692.3088717;-85.711433410644531;
2418717948.7191281;-85.704559326171875;
2418878205.1293845;-85.698776245117188;
2419038461.5396409;-85.698745727539063;
2419198717.9498973;-85.708412170410156;
2419358974.3601537;-85.710334777832031;
2419519230.7704101;-85.669967651367188;
2419679487.1806664;-85.702629089355469;
2419839743.5909228;-85.67572021484375;
2420000000.0011792;-85.658470153808594;
2420160256.4114356;-85.683387756347656;
2420320512.8216925;-85.702606201171875;
2420480769.2319489;-85.706451416015625;
2420641025.6422052;-85.656547546386719;
2420801282.0524616;-85.700698852539063;
2420961538.462718;-85.679557800292969;
2421121794.8729744;-85.675689697265625;
2421282051.2832308;-85.687248229980469;
2421442307.6934872;-85.666130065917969;
2421602564.1037436;-85.616424560546875;
2421762820.5139999;-85.652671813964844;
2421923076.9242563;-85.704551696777344;
2422083333.3345127;-85.683395385742188;
2422243589.7447691;-85.689155578613281;
2422403846.1550255;-85.694923400878906;
2422564102.5652819;-85.669692993164063;
2422724358.9755383;-85.671890258789063;
2422884615.3857946;-85.671882629394531;
2423044871.796051;-85.698776245117188;
2423205128.2063074;-85.693008422851562;
2423365384.6165643;-85.704551696777344;
2423525641.0268207;-85.69683837890625;
2423685897.437077;-85.70648193359375;
2423846153.8473334;-85.700698852539063;
2424006410.2575898;-85.696846008300781;
2424166666.6678462;-85.689163208007813;
2424326923.0781026;-85.704559326171875;
2424487179.488359;-85.693000793457031;
2424647435.8986154;-85.656539916992188;
2424807692.3088717;-85.620246887207031;
2424967948.7191281;-85.635513305664063;
2425128205.1293845;-85.664207458496094;
2425288461.5396409;-85.708412170410156;
2425448717.9498973;-85.70648193359375;
2425608974.3601537;-85.693000793457031;
2425769230.7704101;-85.708404541015625;
2425929487.1806664;-85.735420227050781;
2426089743.5909228;-85.718040466308594;
2426250000.0011792;-85.714179992675781;
2426410256.4114356;-85.698768615722656;
2426570512.8216925;-85.698776245117188;
2426730769.2319489;-85.668045043945313;
2426891025.6422052;-85.698776245117188;
2427051282.0524616;-85.712257385253906;
2427211538.462718;-85.708412170410156;
2427371794.8729744;-85.708412170410156;
2427532051.2832308;-85.675689697265625;
2427692307.6934872;-85.671890258789063;
2427852564.1037436;-85.664138793945313;
2428012820.5139999;-85.677597045898438;
2428173076.9242563;-85.573562622070313;
2428333333.3345127;-85.57830810546875;
2428493589.7447691;-85.343231201171875;
2428653846.1550255;-85.268310546875;
2428814102.5652819;-84.800537109375;
2428974358.9755383;-84.797859191894531;
2429134615.3857946;-83.470726013183594;
2429294871.796051;-83.832130432128906;
2429455128.2063074;-81.873245239257813;
2429615384.6165643;-82.116340637207031;
2429775641.0268207;-78.63421630859375;
2429935897.437077;-77.992645263671875;
2430096153.8473334;-75.702003479003906;
2430256410.2575898;-74.874732971191406;
2430416666.6678462;-72.712371826171875;
2430576923.0781026;-70.727188110351563;
2430737179.488359;-68.847091674804687;
2430897435.8986154;-67.473945617675781;
2431057692.3088717;-66.013900756835938;
2431217948.7191281;-64.484939575195313;
2431378205.1293845;-62.418857574462891;
2431538461.5396409;-61.068107604980469;
2431698717.9498973;-59.276145935058594;
2431858974.3601537;-58.936698913574219;
2432019230.7704101;-56.442119598388672;
2432179487.1806664;-54.932819366455078;
2432339743.5909228;-53.380687713623047;
2432500000.0011792;-52.3260498046875;
2432660256.4114356;-51.164459228515625;
2432820512.8216925;-49.656009674072266;
2432980769.2319489;-48.298088073730469;
2433141025.6422052;-46.875129699707031;
2433301282.0524616;-46.175449371337891;
2433461538.462718;-45.016197204589844;
2433621794.8729744;-44.211761474609375;
2433782051.2832308;-43.114219665527344;
2433942307.6934872;-42.538074493408203;
2434102564.1037436;-42.073207855224609;
2434262820.5139999;-41.658836364746094;
2434423076.9242563;-41.376777648925781;
2434583333.3345127;-41.090866088867188;
2434743589.7447691;-41.538600921630859;
2434903846.1550255;-41.448863983154297;
2435064102.5652819;-42.051559448242187;
2435224358.9755383;-42.201000213623047;
2435384615.3857946;-43.481044769287109;
2435544871.796051;-43.814167022705078;
2435705128.2063074;-44.994586944580078;
2435865384.6165643;-45.411140441894531;
2436025641.0268207;-46.839653015136719;
2436185897.437077;-48.137104034423828;
2436346153.8473334;-49.5430908203125;
2436506410.2575898;-50.372055053710937;
2436666666.6678462;-51.510894775390625;
2436826923.0781026;-52.811229705810547;
2436987179.488359;-54.718650817871094;
2437147435.8986154;-55.927471160888672;
2437307692.3088717;-56.926036834716797;
2437467948.7191281;-58.310127258300781;
2437628205.1293845;-59.495841979980469;
2437788461.5396409;-61.623184204101563;
2437948717.9498973;-62.518672943115234;
2438108974.3601537;-63.865005493164062;
2438269230.7704101;-64.761528015136719;
2438429487.1806664;-66.495140075683594;
2438589743.5909228;-68.102653503417969;
2438750000.0011792;-69.536788940429687;
2438910256.4114356;-70.287361145019531;
2439070512.8216925;-71.678253173828125;
2439230769.2319489;-72.675994873046875;
2439391025.6422052;-75.004585266113281;
2439551282.0524616;-75.936317443847656;
2439711538.462718;-77.392539978027344;
2439871794.8729744;-78.392311096191406;
2440032051.2832308;-79.853759765625;
2440192307.6934872;-81.61187744140625;
2440352564.1037436;-82.524154663085938;
2440512820.5139999;-83.347946166992188;
2440673076.9242563;-83.934860229492188;
2440833333.3345127;-84.596183776855469;
2440993589.7447691;-85.114173889160156;
2441153846.1550255;-85.316596984863281;
2441314102.5652819;-85.401771545410156;
2441474358.9755383;-85.5084228515625;
2441634615.3857946;-85.510337829589844;
2441794871.796051;-85.582160949707031;
2441955128.2063074;-85.627876281738281;
2442115384.6165643;-85.650794982910156;
2442275641.0268207;-85.614089965820313;
2442435897.437077;-85.465065002441406;
2442596153.8473334;-85.584091186523438;
2442756410.2575898;-85.536705017089844;
2442916666.6678462;-85.504692077636719;
2443076923.0781026;-85.514053344726563;
2443237179.488359;-85.682746887207031;
2443397435.8986154;-85.776084899902344;
2443557692.3088717;-85.842330932617187;
2443717948.7191281;-85.828651428222656;
2443878205.1293845;-85.791633605957031;
2444038461.5396409;-85.830581665039063;
2444198717.9498973;-85.797447204589844;
2444358974.3601537;-85.799392700195313;
2444519230.7704101;-85.714149475097656;
2444679487.1806664;-85.683380126953125;
2444839743.5909228;-85.764297485351563;
2445000000.0011792;-85.81890869140625;
2445160256.4114356;-85.739082336425781;
2445320512.8216925;-85.616348266601563;
2445480769.2319489;-85.551856994628906;
2445641025.6422052;-85.521629333496094;
2445801282.0524616;-85.323722839355469;
2445961538.462718;-84.203910827636719;
2446121794.8729744;-83.954231262207031;
2446282051.2832308;-83.796760559082031;
2446442307.6934872;-83.648895263671875;
2446602564.1037436;-83.51226806640625;
2446762820.5139999;-83.554588317871094;
2446923076.9242563;-83.022659301757813;
2447083333.3345127;-82.723175048828125;
2447243589.7447691;-82.245079040527344;
2447403846.1550255;-82.703132629394531;
2447564102.5652819;-84.858444213867188;
2447724358.9755383;-85.583587646484375;
2447884615.3857946;-85.719978332519531;
2448044871.796051;-85.739288330078125;
2448205128.2063074;-85.737274169921875;
2448365384.6165643;-85.706451416015625;
2448525641.0268207;-85.745063781738281;
2448685897.437077;-85.80328369140625;
2448846153.8473334;-85.816299438476562;
2449006410.2575898;-85.788833618164062;
2449166666.6678462;-85.814552307128906;
2449326923.0781026;-85.807205200195313;
2449487179.488359;-85.799385070800781;
2449647435.8986154;-85.801345825195313;
2449807692.3088717;-84.0335693359375;
2449967948.7191281;-77.890220642089844;
2450128205.1293845;-75.728195190429688;
2450288461.5396409;-75.07904052734375;
2450448717.9498973;-74.619903564453125;
2450608974.3601537;-76.662086486816406;
2450769230.7704101;-74.750946044921875;
2450929487.1806664;-73.902572631835938;
2451089743.5909228;-73.534339904785156;
2451250000.0011792;-74.3148193359375;
2451410256.4114356;-80.215667724609375;
2451570512.8216925;-83.990379333496094;
2451730769.2319489;-85.137405395507813;
2451891025.6422052;-85.114540100097656;
2452051282.0524616;-85.365097045898438;
2452211538.462718;-85.470474243164063;
2452371794.8729744;-85.366828918457031;
2452532051.2832308;-85.708168029785156;
2452692307.6934872;-85.807174682617188;
2452852564.1037436;-85.82086181640625;
2453012820.5139999;-85.842338562011719;
2453173076.9242563;-85.826713562011719;
2453333333.3345127;-85.81500244140625;
2453493589.7447691;-85.670417785644531;
2453653846.1550255;-85.665962219238281;
2453814102.5652819;-85.801353454589844;
2453974358.9755383;-85.811103820800781;
2454134615.3857946;-85.77020263671875;
2454294871.796051;-85.779899597167969;
2454455128.2063074;-85.854072570800781;
2454615384.6165643;-85.840400695800781;
2454775641.0268207;-85.815010070800781;
2454935897.437077;-85.803207397460938;
2455096153.8473334;-85.66400146484375;
2455256410.2575898;-85.7547607421875;
2455416666.6678462;-85.762489318847656;
2455576923.0781026;-85.826705932617188;
2455737179.488359;-85.82086181640625;
2455897435.8986154;-85.81890869140625;
2456057692.3088717;-85.82086181640625;
2456217948.7191281;-85.81500244140625;
2456378205.1293845;-85.779975891113281;
2456538461.5396409;-85.834396362304688;
2456698717.9498973;-85.867820739746094;
2456858974.3601537;-85.840385437011719;
2457019230.7704101;-85.820838928222656;
2457179487.1806664;-85.848228454589844;
2457339743.5909228;-85.905174255371094;
2457500000.0011792;-85.852134704589844;
2457660256.4114356;-85.830619812011719;
2457820512.8216925;-85.836463928222656;
2457980769.2319489;-81.782020568847656;
2458141025.6422052;-79.085540771484375;
2458301282.0524616;-78.769645690917969;
2458461538.462718;-79.128211975097656;
2458621794.8729744;-79.716079711914063;
2458782051.2832308;-83.025863647460938;
2458942307.6934872;-85.062995910644531;
2459102564.1037436;-85.65625;
2459262820.5139999;-85.791572570800781;
2459423076.9242563;-85.81695556640625;
2459583333.3345127;-85.83453369140625;
2459743589.7447691;-85.8697509765625;
2459903846.1550255;-85.887451171875;
2460064102.5652819;-85.897300720214844;
2460224358.9755383;-85.903190612792969;
2460384615.3857946;-85.672943115234375;
2460544871.796051;-83.463508605957031;
2460705128.2063074;-84.226066589355469;
2460865384.6165643;-84.675697326660156;
2461025641.0268207;-84.904891967773438;
2461185897.437077;-85.230148315429688;
2461346153.8473334;-85.707954406738281;
2461506410.2575898;-85.83648681640625;
2461666666.6678462;-85.850181579589844;
2461826923.0781026;-85.905174255371094;
2461987179.488359;-85.90911865234375;
2462147435.8986154;-85.903205871582031;
2462307692.3088717;-85.907150268554688;
2462467948.7191281;-85.911087036132812;
2462628205.1293845;-85.917007446289062;
2462788461.5396409;-85.913063049316406;
2462948717.9498973;-85.9150390625;
2463108974.3601537;-85.899261474609375;
2463269230.7704101;-85.903213500976563;
2463429487.1806664;-85.903205871582031;
2463589743.5909228;-85.905166625976563;
2463750000.0011792;-85.881568908691406;
2463910256.4114356;-85.869781494140625;
2464070512.8216925;-85.863899230957031;
2464230769.2319489;-85.891395568847656;
2464391025.6422052;-85.918983459472656;
2464551282.0524616;-85.881561279296875;
2464711538.462718;-85.84429931640625;
2464871794.8729744;-85.8638916015625;
2465032051.2832308;-85.83258056640625;
2465192307.6934872;-85.828666687011719;
2465352564.1037436;-85.842338562011719;
2465512820.5139999;-85.889389038085938;
2465673076.9242563;-85.9268798828125;
2465833333.3345127;-85.913055419921875;
2465993589.7447691;-85.885490417480469;
2466153846.1550255;-85.922920227050781;
2466314102.5652819;-85.907150268554688;
2466474358.9755383;-85.909126281738281;
2466634615.3857946;-85.887443542480469;
2466794871.796051;-85.907142639160156;
2466955128.2063074;-85.907150268554688;
2467115384.6165643;-85.895317077636719;
2467275641.0268207;-85.840385437011719;
2467435897.437077;-85.854095458984375;
2467596153.8473334;-85.897285461425781;
2467756410.2575898;-85.905174255371094;
2467916666.6678462;-85.917015075683594;
2468076923.0781026;-85.907150268554688;
2468237179.488359;-85.909126281738281;
2468397435.8986154;-85.887451171875;
2468557692.3088717;-85.913063049316406;
2468717948.7191281;-85.895317077636719;
2468878205.1293845;-85.905181884765625;
2469038461.5396409;-85.9031982421875;
2469198717.9498973;-85.895317077636719;
2469358974.3601537;-85.92095947265625;
2469519230.7704101;-85.895332336425781;
2469679487.1806664;-85.905174255371094;
2469839743.5909228;-85.905174255371094;
2470000000.0011792;-85.905166625976563;
2470160256.4114356;-85.917015075683594;
2470320512.8216925;-85.909126281738281;
2470480769.2319489;-85.9150390625;
2470641025.6422052;-85.938735961914063;
2470801282.0524616;-85.9189453125;
2470961538.462718;-85.909126281738281;
2471121794.8729744;-85.905174255371094;
2471282051.2832308;-85.918983459472656;
2471442307.6934872;-85.917015075683594;
2471602564.1037436;-85.871734619140625;
2471762820.5139999;-85.90911865234375;
2471923076.9242563;-85.879570007324219;
2472083333.3345127;-85.913063049316406;
2472243589.7447691;-85.918983459472656;
2472403846.1550255;-85.92095947265625;
2472564102.5652819;-85.887451171875;
2472724358.9755383;-85.905174255371094;
2472884615.3857946;-85.913063049316406;
2473044871.796051;-85.903205871582031;
2473205128.2063074;-85.891387939453125;
2473365384.6165643;-85.899269104003906;
2473525641.0268207;-85.911094665527344;
2473685897.437077;-85.901237487792969;
2473846153.8473334;-85.898429870605469;
2474006410.2575898;-85.906936645507813;
2474166666.6678462;-85.907432556152344;
2474326923.0781026;-85.913063049316406;
2474487179.488359;-85.909126281738281;
2474647435.8986154;-85.90911865234375;
2474807692.3088717;-85.901237487792969;
2474967948.7191281;-85.92095947265625;
2475128205.1293845;-85.875656127929688;
2475288461.5396409;-85.844314575195313;
2475448717.9498973;-85.899246215820313;
2475608974.3601537;-85.889427185058594;
2475769230.7704101;-85.889419555664063;
2475929487.1806664;-85.828659057617188;
2476089743.5909228;-85.826713562011719;
2476250000.0011792;-85.82476806640625;
2476410256.4114356;-85.82086181640625;
2476570512.8216925;-85.82086181640625;
2476730769.2319489;-85.795524597167969;
2476891025.6422052;-85.815010070800781;
2477051282.0524616;-85.811103820800781;
2477211538.462718;-85.809150695800781;
2477371794.8729744;-85.779983520507813;
2477532051.2832308;-85.772209167480469;
2477692307.6934872;-85.779975891113281;
2477852564.1037436;-85.756690979003906;
2478012820.5139999;-85.721847534179688;
2478173076.9242563;-85.741203308105469;
2478333333.3345127;-85.718040466308594;
2478493589.7447691;-85.747016906738281;
2478653846.1550255;-85.73345947265625;
2478814102.5652819;-85.779975891113281;
2478974358.9755383;-85.814994812011719;
2479134615.3857946;-85.815010070800781;
2479294871.796051;-85.81890869140625;
2479455128.2063074;-85.815567016601563;
2479615384.6165643;-85.805259704589844;
2479775641.0268207;-85.836479187011719;
2479935897.437077;-85.826713562011719;
2480096153.8473334;-85.826713562011719;
2480256410.2575898;-85.822807312011719;
2480416666.6678462;-85.813056945800781;
2480576923.0781026;-85.83258056640625;
2480737179.488359;-85.87957763671875;
2480897435.8986154;-85.863899230957031;
2481057692.3088717;-85.83843994140625;
2481217948.7191281;-85.891395568847656;
2481378205.1293845;-85.918983459472656;
2481538461.5396409;-85.911079406738281;
2481698717.9498973;-85.899269104003906;
2481858974.3601537;-85.905174255371094;
2482019230.7704101;-85.911094665527344;
2482179487.1806664;-85.907150268554688;
2482339743.5909228;-85.918960571289063;
2482500000.0011792;-85.920944213867188;
2482660256.4114356;-85.867759704589844;
2482820512.8216925;-85.865821838378906;
2482980769.2319489;-85.911094665527344;
2483141025.6422052;-85.942649841308594;
2483301282.0524616;-85.929962158203125;
2483461538.462718;-85.9150390625;
2483621794.8729744;-85.909095764160156;
2483782051.2832308;-85.907142639160156;
2483942307.6934872;-85.922927856445312;
2484102564.1037436;-85.90911865234375;
2484262820.5139999;-85.9150390625;
