Type;ESU;
Version;4.43;
Date;03.Jun 16;
Mode;ANALYZER;
Center Freq;2434262820.514000;Hz
Freq Offset;0.000000;Hz
Span;100000000.000000;Hz
x-Axis;LIN;
Start;2384262820.514000;Hz
Stop;2484262820.514000;Hz
Ref Level;-9.000000;dBm
Level Offset;0.000000;dB
Ref Position;100.000000;%
y-Axis;LOG;
Level Range;100.000000;dB
Rf Att;5.000000;dB
RBW;2000000.000000;Hz
VBW;50.000000;Hz
SWT;2.500000;s
Trace Mode;CLR/WRITE;
Detector;RMS;
Sweep Count;0;
Trace 1:;;
x-Unit;Hz;
y-Unit;dBm;
Values;625;
2384262820.5139999;-85.79693603515625;
2384423076.9242563;-85.774139404296875;
2384583333.3345127;-85.758636474609375;
2384743589.7447691;-85.716110229492188;
2384903846.1550255;-85.721893310546875;
2385064102.5652819;-85.712257385253906;
2385224358.9755383;-85.721900939941406;
2385384615.3857946;-85.719970703125;
2385544871.796051;-85.721900939941406;
2385705128.2063074;-85.721893310546875;
2385865384.6165643;-85.737335205078125;
2386025641.0268207;-85.721885681152344;
2386185897.437077;-85.723808288574219;
2386346153.8473334;-85.718040466308594;
2386506410.2575898;-85.721893310546875;
2386666666.6678462;-85.719963073730469;
2386826923.0781026;-85.706466674804688;
2386987179.488359;-85.714187622070313;
2387147435.8986154;-85.716072082519531;
2387307692.3088717;-85.752822875976563;
2387467948.7191281;-85.74700927734375;
2387628205.1293845;-85.729598999023438;
2387788461.5396409;-85.747024536132813;
2387948717.9498973;-85.717987060546875;
2388108974.3601537;-85.708404541015625;
2388269230.7704101;-85.6910400390625;
2388429487.1806664;-85.679550170898437;
2388589743.5909228;-85.669944763183594;
2388750000.0011792;-85.716117858886719;
2388910256.4114356;-85.631660461425781;
2389070512.8216925;-85.658370971679688;
2389230769.2319489;-85.700660705566406;
2389391025.6422052;-85.673553466796875;
2389551282.0524616;-85.673713684082031;
2389711538.462718;-85.644569396972656;
2389871794.8729744;-85.696807861328125;
2390032051.2832308;-85.572311401367188;
2390192307.6934872;-85.694877624511719;
2390352564.1037436;-85.56298828125;
2390512820.5139999;-85.673446655273437;
2390673076.9242563;-85.513557434082031;
2390833333.3345127;-85.555885314941406;
2390993589.7447691;-85.540138244628906;
2391153846.1550255;-85.608634948730469;
2391314102.5652819;-85.666107177734375;
2391474358.9755383;-85.393875122070313;
2391634615.3857946;-85.543937683105469;
2391794871.796051;-85.306503295898438;
2391955128.2063074;-85.510406494140625;
2392115384.6165643;-85.313545227050781;
2392275641.0268207;-85.356101989746094;
2392435897.437077;-85.388168334960938;
2392596153.8473334;-85.249710083007813;
2392756410.2575898;-85.477989196777344;
2392916666.6678462;-85.209312438964844;
2393076923.0781026;-85.487228393554688;
2393237179.488359;-85.254409790039063;
2393397435.8986154;-85.440742492675781;
2393557692.3088717;-85.360076904296875;
2393717948.7191281;-85.46002197265625;
2393878205.1293845;-85.521034240722656;
2394038461.5396409;-85.469917297363281;
2394198717.9498973;-85.585853576660156;
2394358974.3601537;-85.436676025390625;
2394519230.7704101;-85.574462890625;
2394679487.1806664;-85.477958679199219;
2394839743.5909228;-85.627410888671875;
2395000000.0011792;-85.564994812011719;
2395160256.4114356;-85.583526611328125;
2395320512.8216925;-85.599136352539063;
2395480769.2319489;-85.587615966796875;
2395641025.6422052;-85.629776000976563;
2395801282.0524616;-85.566864013671875;
2395961538.462718;-85.685287475585937;
2396121794.8729744;-85.574501037597656;
2396282051.2832308;-85.637260437011719;
2396442307.6934872;-85.587684631347656;
2396602564.1037436;-85.618194580078125;
2396762820.5139999;-85.60302734375;
2396923076.9242563;-85.595344543457031;
2397083333.3345127;-85.620201110839844;
2397243589.7447691;-85.585914611816406;
2397403846.1550255;-85.641220092773438;
2397564102.5652819;-85.614486694335938;
2397724358.9755383;-85.604934692382813;
2397884615.3857946;-85.549934387207031;
2398044871.796051;-85.604827880859375;
2398205128.2063074;-85.589729309082031;
2398365384.6165643;-85.601043701171875;
2398525641.0268207;-85.6202392578125;
2398685897.437077;-85.591590881347656;
2398846153.8473334;-85.624061584472656;
2399006410.2575898;-85.610618591308594;
2399166666.6678462;-85.652641296386719;
2399326923.0781026;-85.618316650390625;
2399487179.488359;-85.593521118164062;
2399647435.8986154;-85.620223999023437;
2399807692.3088717;-85.616401672363281;
2399967948.7191281;-85.656547546386719;
2400128205.1293845;-85.631690979003906;
2400288461.5396409;-85.620231628417969;
2400448717.9498973;-85.624053955078125;
2400608974.3601537;-85.599761962890625;
2400769230.7704101;-85.581901550292969;
2400929487.1806664;-85.636871337890625;
2401089743.5909228;-85.659957885742188;
2401250000.0011792;-85.630302429199219;
2401410256.4114356;-85.629325866699219;
2401570512.8216925;-85.588958740234375;
2401730769.2319489;-85.610710144042969;
2401891025.6422052;-85.625953674316406;
2402051282.0524616;-85.631607055664063;
2402211538.462718;-85.620231628417969;
2402371794.8729744;-85.59735107421875;
2402532051.2832308;-85.624053955078125;
2402692307.6934872;-85.553688049316406;
2402852564.1037436;-85.616432189941406;
2403012820.5139999;-85.603034973144531;
2403173076.9242563;-85.650779724121094;
2403333333.3345127;-85.633598327636719;
2403493589.7447691;-85.625907897949219;
2403653846.1550255;-85.660308837890625;
2403814102.5652819;-85.656379699707031;
2403974358.9755383;-85.631690979003906;
2404134615.3857946;-85.591659545898438;
2404294871.796051;-85.614524841308594;
2404455128.2063074;-85.595413208007813;
2404615384.6165643;-85.639320373535156;
2404775641.0268207;-85.658363342285156;
2404935897.437077;-85.679374694824219;
2405096153.8473334;-85.629318237304688;
2405256410.2575898;-85.612541198730469;
2405416666.6678462;-85.641227722167969;
2405576923.0781026;-85.585212707519531;
2405737179.488359;-85.637420654296875;
2405897435.8986154;-85.610702514648437;
2406057692.3088717;-85.620216369628906;
2406217948.7191281;-85.597312927246094;
2406378205.1293845;-85.641212463378906;
2406538461.5396409;-85.679557800292969;
2406698717.9498973;-85.629631042480469;
2406858974.3601537;-85.624053955078125;
2407019230.7704101;-85.610626220703125;
2407179487.1806664;-85.6412353515625;
2407339743.5909228;-85.631660461425781;
2407500000.0011792;-85.656524658203125;
2407660256.4114356;-85.608779907226562;
2407820512.8216925;-85.641181945800781;
2407980769.2319489;-85.646865844726563;
2408141025.6422052;-85.662101745605469;
2408301282.0524616;-85.658462524414062;
2408461538.462718;-85.646751403808594;
2408621794.8729744;-85.700691223144531;
2408782051.2832308;-85.646934509277344;
2408942307.6934872;-85.685287475585937;
2409102564.1037436;-85.625877380371094;
2409262820.5139999;-85.681404113769531;
2409423076.9242563;-85.612617492675781;
2409583333.3345127;-85.585861206054688;
2409743589.7447691;-85.60498046875;
2409903846.1550255;-85.561187744140625;
2410064102.5652819;-85.648887634277344;
2410224358.9755383;-85.622055053710938;
2410384615.3857946;-85.729583740234375;
2410544871.796051;-85.677558898925781;
2410705128.2063074;-85.658256530761719;
2410865384.6165643;-85.5821533203125;
2411025641.0268207;-85.652626037597656;
2411185897.437077;-85.685302734375;
2411346153.8473334;-85.650665283203125;
2411506410.2575898;-85.656517028808594;
2411666666.6678462;-85.635459899902344;
2411826923.0781026;-85.625946044921875;
2411987179.488359;-85.689125061035156;
2412147435.8986154;-85.671890258789063;
2412307692.3088717;-85.62017822265625;
2412467948.7191281;-85.696830749511719;
2412628205.1293845;-85.625923156738281;
2412788461.5396409;-85.658462524414062;
2412948717.9498973;-85.627861022949219;
2413108974.3601537;-85.681472778320312;
2413269230.7704101;-85.687217712402344;
2413429487.1806664;-85.702613830566406;
2413589743.5909228;-85.698783874511719;
2413750000.0011792;-85.693000793457031;
2413910256.4114356;-85.702621459960937;
2414070512.8216925;-85.709220886230469;
2414230769.2319489;-85.721893310546875;
2414391025.6422052;-85.671867370605469;
2414551282.0524616;-85.733474731445313;
2414711538.462718;-85.708412170410156;
2414871794.8729744;-85.712257385253906;
2415032051.2832308;-85.656524658203125;
2415192307.6934872;-85.719963073730469;
2415352564.1037436;-85.702606201171875;
2415512820.5139999;-85.727676391601563;
2415673076.9242563;-85.716110229492188;
2415833333.3345127;-85.691047668457031;
2415993589.7447691;-85.714179992675781;
2416153846.1550255;-85.6527099609375;
2416314102.5652819;-85.702621459960937;
2416474358.9755383;-85.700698852539063;
2416634615.3857946;-85.698226928710937;
2416794871.796051;-85.677597045898438;
2416955128.2063074;-85.696823120117187;
2417115384.6165643;-85.704498291015625;
2417275641.0268207;-85.708366394042969;
2417435897.437077;-85.731544494628906;
2417596153.8473334;-85.718032836914063;
2417756410.2575898;-85.700698852539063;
2417916666.6678462;-85.696853637695313;
2418076923.0781026;-85.750877380371094;
2418237179.488359;-85.731559753417969;
2418397435.8986154;-85.710334777832031;
2418557692.3088717;-85.714187622070313;
2418717948.7191281;-85.685226440429688;
2418878205.1293845;-85.654335021972656;
2419038461.5396409;-85.687210083007813;
2419198717.9498973;-85.68914794921875;
2419358974.3601537;-85.679557800292969;
2419519230.7704101;-85.681480407714844;
2419679487.1806664;-85.63739013671875;
2419839743.5909228;-85.627861022949219;
2420000000.0011792;-85.606895446777344;
2420160256.4114356;-85.604988098144531;
2420320512.8216925;-85.618331909179687;
2420480769.2319489;-85.66229248046875;
2420641025.6422052;-85.673805236816406;
2420801282.0524616;-85.620155334472656;
2420961538.462718;-85.619407653808594;
2421121794.8729744;-85.69683837890625;
2421282051.2832308;-85.671844482421875;
2421442307.6934872;-85.666099548339844;
2421602564.1037436;-85.708412170410156;
2421762820.5139999;-85.691078186035156;
2421923076.9242563;-85.679527282714844;
2422083333.3345127;-85.652717590332031;
2422243589.7447691;-85.691078186035156;
2422403846.1550255;-85.70648193359375;
2422564102.5652819;-85.675689697265625;
2422724358.9755383;-85.692977905273438;
2422884615.3857946;-85.635505676269531;
2423044871.796051;-85.696014404296875;
2423205128.2063074;-85.706436157226562;
2423365384.6165643;-85.689170837402344;
2423525641.0268207;-85.660346984863281;
2423685897.437077;-85.68914794921875;
2423846153.8473334;-85.624046325683594;
2424006410.2575898;-85.685264587402344;
2424166666.6678462;-85.666122436523438;
2424326923.0781026;-85.614486694335938;
2424487179.488359;-85.648887634277344;
2424647435.8986154;-85.637397766113281;
2424807692.3088717;-85.687232971191406;
2424967948.7191281;-85.650741577148438;
2425128205.1293845;-85.666084289550781;
2425288461.5396409;-85.612579345703125;
2425448717.9498973;-85.604988098144531;
2425608974.3601537;-85.566917419433594;
2425769230.7704101;-85.561042785644531;
2425929487.1806664;-85.500869750976563;
2426089743.5909228;-85.391593933105469;
2426250000.0011792;-85.397979736328125;
2426410256.4114356;-85.178619384765625;
2426570512.8216925;-85.205039978027344;
2426730769.2319489;-84.541450500488281;
2426891025.6422052;-84.853858947753906;
2427051282.0524616;-83.296310424804687;
2427211538.462718;-83.595748901367188;
2427371794.8729744;-81.830467224121094;
2427532051.2832308;-80.593017578125;
2427692307.6934872;-79.541496276855469;
2427852564.1037436;-77.250450134277344;
2428012820.5139999;-76.682197570800781;
2428173076.9242563;-72.311790466308594;
2428333333.3345127;-71.853073120117187;
2428493589.7447691;-68.199394226074219;
2428653846.1550255;-67.526504516601563;
2428814102.5652819;-64.5994873046875;
2428974358.9755383;-62.243297576904297;
2429134615.3857946;-60.392372131347656;
2429294871.796051;-58.331981658935547;
2429455128.2063074;-57.359111785888672;
2429615384.6165643;-54.898609161376953;
2429775641.0268207;-53.819061279296875;
2429935897.437077;-50.928730010986328;
2430096153.8473334;-50.371925354003906;
2430256410.2575898;-47.879421234130859;
2430416666.6678462;-46.962120056152344;
2430576923.0781026;-44.922374725341797;
2430737179.488359;-43.047527313232422;
2430897435.8986154;-42.167598724365234;
2431057692.3088717;-40.167282104492188;
2431217948.7191281;-39.563831329345703;
2431378205.1293845;-36.944751739501953;
2431538461.5396409;-36.272941589355469;
2431698717.9498973;-34.223663330078125;
2431858974.3601537;-33.622951507568359;
2432019230.7704101;-32.034709930419922;
2432179487.1806664;-30.707706451416016;
2432339743.5909228;-29.554315567016602;
2432500000.0011792;-28.635700225830078;
2432660256.4114356;-27.862478256225586;
2432820512.8216925;-26.969732284545898;
2432980769.2319489;-26.033987045288086;
2433141025.6422052;-25.552701950073242;
2433301282.0524616;-25.086959838867188;
2433461538.462718;-24.882854461669922;
2433621794.8729744;-24.591806411743164;
2433782051.2832308;-24.572660446166992;
2433942307.6934872;-24.783760070800781;
2434102564.1037436;-25.015710830688477;
2434262820.5139999;-25.580753326416016;
2434423076.9242563;-25.832170486450195;
2434583333.3345127;-26.992504119873047;
2434743589.7447691;-27.654516220092773;
2434903846.1550255;-28.708393096923828;
2435064102.5652819;-29.415229797363281;
2435224358.9755383;-30.380157470703125;
2435384615.3857946;-31.923946380615234;
2435544871.796051;-33.180320739746094;
2435705128.2063074;-34.411735534667969;
2435865384.6165643;-35.308032989501953;
2436025641.0268207;-36.800743103027344;
2436185897.437077;-38.226413726806641;
2436346153.8473334;-39.995761871337891;
2436506410.2575898;-40.915096282958984;
2436666666.6678462;-42.168601989746094;
2436826923.0781026;-43.283885955810547;
2436987179.488359;-45.028553009033203;
2437147435.8986154;-46.649627685546875;
2437307692.3088717;-47.503734588623047;
2437467948.7191281;-49.011211395263672;
2437628205.1293845;-49.926563262939453;
2437788461.5396409;-51.941951751708984;
2437948717.9498973;-53.297607421875;
2438108974.3601537;-54.416015625;
2438269230.7704101;-55.673439025878906;
2438429487.1806664;-56.693401336669922;
2438589743.5909228;-58.719963073730469;
2438750000.0011792;-60.17694091796875;
2438910256.4114356;-61.664871215820312;
2439070512.8216925;-62.637508392333984;
2439230769.2319489;-64.378570556640625;
2439391025.6422052;-66.143142700195312;
2439551282.0524616;-68.6448974609375;
2439711538.462718;-69.783424377441406;
2439871794.8729744;-71.619575500488281;
2440032051.2832308;-73.056419372558594;
2440192307.6934872;-75.615890502929687;
2440352564.1037436;-78.007453918457031;
2440512820.5139999;-79.202781677246094;
2440673076.9242563;-80.653938293457031;
2440833333.3345127;-81.760093688964844;
2440993589.7447691;-83.3939208984375;
2441153846.1550255;-84.292388916015625;
2441314102.5652819;-84.692459106445313;
2441474358.9755383;-84.874588012695313;
2441634615.3857946;-85.142822265625;
2441794871.796051;-85.410995483398437;
2441955128.2063074;-85.532966613769531;
2442115384.6165643;-85.603012084960938;
2442275641.0268207;-85.66229248046875;
2442435897.437077;-85.687210083007813;
2442596153.8473334;-85.733482360839844;
2442756410.2575898;-85.719970703125;
2442916666.6678462;-85.700691223144531;
2443076923.0781026;-85.719955444335938;
2443237179.488359;-85.715835571289063;
2443397435.8986154;-85.750862121582031;
2443557692.3088717;-85.803291320800781;
2443717948.7191281;-85.785789489746094;
2443878205.1293845;-85.756698608398437;
2444038461.5396409;-85.797454833984375;
2444198717.9498973;-85.799415588378906;
2444358974.3601537;-85.818901062011719;
2444519230.7704101;-85.795501708984375;
2444679487.1806664;-85.813056945800781;
2444839743.5909228;-85.799407958984375;
2445000000.0011792;-85.80328369140625;
2445160256.4114356;-85.807159423828125;
2445320512.8216925;-85.81500244140625;
2445480769.2319489;-85.778007507324219;
2445641025.6422052;-85.816947937011719;
2445801282.0524616;-85.848220825195313;
2445961538.462718;-85.779953002929688;
2446121794.8729744;-85.842330932617187;
2446282051.2832308;-85.818885803222656;
2446442307.6934872;-85.801368713378906;
2446602564.1037436;-85.824760437011719;
2446762820.5139999;-85.78955078125;
2446923076.9242563;-85.760566711425781;
2447083333.3345127;-85.744415283203125;
2447243589.7447691;-85.7528076171875;
2447403846.1550255;-85.750869750976562;
2447564102.5652819;-85.737342834472656;
2447724358.9755383;-85.76251220703125;
2447884615.3857946;-85.764442443847656;
2448044871.796051;-85.803306579589844;
2448205128.2063074;-85.812843322753906;
2448365384.6165643;-85.824485778808594;
2448525641.0268207;-85.849266052246094;
2448685897.437077;-85.865852355957031;
2448846153.8473334;-85.830581665039063;
2449006410.2575898;-85.82672119140625;
2449166666.6678462;-85.776054382324219;
2449326923.0781026;-85.814994812011719;
2449487179.488359;-85.814956665039062;
2449647435.8986154;-85.850181579589844;
2449807692.3088717;-85.83843994140625;
2449967948.7191281;-85.775924682617188;
2450128205.1293845;-85.756690979003906;
2450288461.5396409;-85.76251220703125;
2450448717.9498973;-85.811103820800781;
2450608974.3601537;-85.807121276855469;
2450769230.7704101;-85.706428527832031;
2450929487.1806664;-85.793548583984375;
2451089743.5909228;-85.828651428222656;
2451250000.0011792;-85.807174682617188;
2451410256.4114356;-85.842353820800781;
2451570512.8216925;-85.801345825195313;
2451730769.2319489;-85.842338562011719;
2451891025.6422052;-85.815010070800781;
2452051282.0524616;-85.844284057617188;
2452211538.462718;-85.840377807617188;
2452371794.8729744;-85.8402099609375;
2452532051.2832308;-85.750648498535156;
2452692307.6934872;-85.788841247558594;
2452852564.1037436;-85.835403442382813;
2453012820.5139999;-85.766372680664063;
2453173076.9242563;-85.830581665039063;
2453333333.3345127;-85.816940307617188;
2453493589.7447691;-85.813018798828125;
2453653846.1550255;-85.748611450195313;
2453814102.5652819;-85.60498046875;
2453974358.9755383;-85.744865417480469;
2454134615.3857946;-85.781867980957031;
2454294871.796051;-85.813056945800781;
2454455128.2063074;-85.723770141601563;
2454615384.6165643;-85.791572570800781;
2454775641.0268207;-85.754684448242187;
2454935897.437077;-85.787620544433594;
2455096153.8473334;-85.799369812011719;
2455256410.2575898;-85.773895263671875;
2455416666.6678462;-85.669944763183594;
2455576923.0781026;-85.608657836914063;
2455737179.488359;-85.652595520019531;
2455897435.8986154;-85.502716064453125;
2456057692.3088717;-85.658355712890625;
2456217948.7191281;-85.712120056152344;
2456378205.1293845;-85.78375244140625;
2456538461.5396409;-85.805191040039063;
2456698717.9498973;-85.814834594726563;
2456858974.3601537;-85.838424682617187;
2457019230.7704101;-85.764244079589844;
2457179487.1806664;-85.824676513671875;
2457339743.5909228;-85.801185607910156;
2457500000.0011792;-85.857955932617188;
2457660256.4114356;-85.816787719726563;
2457820512.8216925;-85.744705200195313;
2457980769.2319489;-85.768142700195313;
2458141025.6422052;-85.80511474609375;
2458301282.0524616;-85.818878173828125;
2458461538.462718;-85.706268310546875;
2458621794.8729744;-85.758613586425781;
2458782051.2832308;-85.797309875488281;
2458942307.6934872;-85.879592895507813;
2459102564.1037436;-85.779830932617188;
2459262820.5139999;-85.846260070800781;
2459423076.9242563;-85.7857666015625;
2459583333.3345127;-85.834465026855469;
2459743589.7447691;-85.840354919433594;
2459903846.1550255;-85.840217590332031;
2460064102.5652819;-85.840377807617188;
2460224358.9755383;-85.816818237304688;
2460384615.3857946;-85.885459899902344;
2460544871.796051;-85.848060607910156;
2460705128.2063074;-85.889411926269531;
2460865384.6165643;-85.801254272460938;
2461025641.0268207;-85.887405395507813;
2461185897.437077;-85.875633239746094;
2461346153.8473334;-85.869552612304688;
2461506410.2575898;-85.859901428222656;
2461666666.6678462;-85.846099853515625;
2461826923.0781026;-85.854103088378906;
2461987179.488359;-85.781784057617188;
2462147435.8986154;-85.842353820800781;
2462307692.3088717;-85.79730224609375;
2462467948.7191281;-85.905120849609375;
2462628205.1293845;-85.8480224609375;
2462788461.5396409;-85.867630004882813;
2462948717.9498973;-85.830589294433594;
2463108974.3601537;-85.810874938964844;
2463269230.7704101;-85.812919616699219;
2463429487.1806664;-85.832328796386719;
2463589743.5909228;-85.897209167480469;
2463750000.0011792;-85.849876403808594;
2463910256.4114356;-85.842353820800781;
2464070512.8216925;-85.733314514160156;
2464230769.2319489;-85.84228515625;
2464391025.6422052;-85.77587890625;
2464551282.0524616;-85.785369873046875;
2464711538.462718;-85.79150390625;
2464871794.8729744;-85.766143798828125;
2465032051.2832308;-85.883491516113281;
2465192307.6934872;-85.808906555175781;
2465352564.1037436;-85.90911865234375;
2465512820.5139999;-85.768280029296875;
2465673076.9242563;-85.834465026855469;
2465833333.3345127;-85.779808044433594;
2465993589.7447691;-85.838233947753906;
2466153846.1550255;-85.807121276855469;
2466314102.5652819;-85.838005065917969;
2466474358.9755383;-85.850105285644531;
2466634615.3857946;-85.781463623046875;
2466794871.796051;-85.859870910644531;
2466955128.2063074;-85.783607482910156;
2467115384.6165643;-85.915023803710938;
2467275641.0268207;-85.807044982910156;
2467435897.437077;-85.8834228515625;
2467596153.8473334;-85.787498474121094;
2467756410.2575898;-85.8477783203125;
2467916666.6678462;-85.80511474609375;
2468076923.0781026;-85.800743103027344;
2468237179.488359;-85.822593688964844;
2468397435.8986154;-85.785362243652344;
2468557692.3088717;-85.8756103515625;
2468717948.7191281;-85.746658325195313;
2468878205.1293845;-85.869735717773438;
2469038461.5396409;-85.74853515625;
2469198717.9498973;-85.80657958984375;
2469358974.3601537;-85.779647827148438;
2469519230.7704101;-85.782890319824219;
2469679487.1806664;-85.814834594726563;
2469839743.5909228;-85.680099487304688;
2470000000.0011792;-85.770103454589844;
2470160256.4114356;-85.642234802246094;
2470320512.8216925;-85.803215026855469;
2470480769.2319489;-85.604141235351563;
2470641025.6422052;-85.797554016113281;
2470801282.0524616;-85.645973205566406;
2470961538.462718;-85.64697265625;
2471121794.8729744;-85.653732299804688;
2471282051.2832308;-85.531906127929687;
2471442307.6934872;-85.584846496582031;
2471602564.1037436;-85.271797180175781;
2471762820.5139999;-85.605819702148437;
2471923076.9242563;-85.1396484375;
2472083333.3345127;-85.627273559570312;
2472243589.7447691;-85.019233703613281;
2472403846.1550255;-85.436454772949219;
2472564102.5652819;-85.113014221191406;
2472724358.9755383;-85.142471313476563;
2472884615.3857946;-85.221160888671875;
2473044871.796051;-84.979545593261719;
2473205128.2063074;-85.421707153320313;
2473365384.6165643;-84.905899047851563;
2473525641.0268207;-85.533187866210937;
2473685897.437077;-84.864265441894531;
2473846153.8473334;-85.565750122070313;
2474006410.2575898;-85.081001281738281;
2474166666.6678462;-85.47607421875;
2474326923.0781026;-85.280509948730469;
2474487179.488359;-85.307159423828125;
2474647435.8986154;-85.486038208007812;
2474807692.3088717;-85.408676147460938;
2474967948.7191281;-85.65374755859375;
2475128205.1293845;-85.406753540039063;
2475288461.5396409;-85.717750549316406;
2475448717.9498973;-85.477272033691406;
2475608974.3601537;-85.761528015136719;
2475769230.7704101;-85.634750366210937;
2475929487.1806664;-85.697647094726563;
2476089743.5909228;-85.704193115234375;
2476250000.0011792;-85.667068481445313;
2476410256.4114356;-85.750724792480469;
2476570512.8216925;-85.688491821289063;
2476730769.2319489;-85.814949035644531;
2476891025.6422052;-85.694679260253906;
2477051282.0524616;-85.789588928222656;
2477211538.462718;-85.758285522460938;
2477371794.8729744;-85.771766662597656;
2477532051.2832308;-85.756492614746094;
2477692307.6934872;-85.785591125488281;
2477852564.1037436;-85.834510803222656;
2478012820.5139999;-85.775962829589844;
2478173076.9242563;-85.887428283691406;
2478333333.3345127;-85.86572265625;
2478493589.7447691;-85.909103393554688;
2478653846.1550255;-85.871711730957031;
2478814102.5652819;-85.883399963378906;
2478974358.9755383;-85.8795166015625;
2479134615.3857946;-85.867630004882813;
2479294871.796051;-85.887405395507813;
2479455128.2063074;-85.861854553222656;
2479615384.6165643;-85.929985046386719;
2479775641.0268207;-85.867790222167969;
2479935897.437077;-85.936744689941406;
2480096153.8473334;-85.889419555664063;
2480256410.2575898;-85.901222229003906;
2480416666.6678462;-85.918937683105469;
2480576923.0781026;-85.9090576171875;
2480737179.488359;-85.913063049316406;
2480897435.8986154;-85.905143737792969;
2481057692.3088717;-85.92095947265625;
2481217948.7191281;-85.883514404296875;
2481378205.1293845;-85.930816650390625;
2481538461.5396409;-85.903205871582031;
2481698717.9498973;-85.913063049316406;
2481858974.3601537;-85.897300720214844;
2482019230.7704101;-85.920951843261719;
2482179487.1806664;-85.924903869628906;
2482339743.5909228;-85.920951843261719;
2482500000.0011792;-85.948585510253906;
2482660256.4114356;-85.944633483886719;
2482820512.8216925;-85.9169921875;
2482980769.2319489;-85.911087036132812;
2483141025.6422052;-85.917015075683594;
2483301282.0524616;-85.923210144042969;
2483461538.462718;-85.913063049316406;
2483621794.8729744;-85.913063049316406;
2483782051.2832308;-85.928848266601562;
2483942307.6934872;-85.958541870117188;
2484102564.1037436;-85.926872253417969;
2484262820.5139999;-85.918983459472656;
