Type;ESU;
Version;4.43;
Date;03.Jun 16;
Mode;ANALYZER;
Center Freq;2434262820.514000;Hz
Freq Offset;0.000000;Hz
Span;100000000.000000;Hz
x-Axis;LIN;
Start;2384262820.514000;Hz
Stop;2484262820.514000;Hz
Ref Level;-9.000000;dBm
Level Offset;0.000000;dB
Ref Position;100.000000;%
y-Axis;LOG;
Level Range;100.000000;dB
Rf Att;5.000000;dB
RBW;2000000.000000;Hz
VBW;50.000000;Hz
SWT;2.500000;s
Trace Mode;CLR/WRITE;
Detector;RMS;
Sweep Count;0;
Trace 1:;;
x-Unit;Hz;
y-Unit;dBm;
Values;625;
2384262820.5139999;-85.711021423339844;
2384423076.9242563;-85.700691223144531;
2384583333.3345127;-85.685317993164063;
2384743589.7447691;-85.718040466308594;
2384903846.1550255;-85.700904846191406;
2385064102.5652819;-85.671882629394531;
2385224358.9755383;-85.685317993164063;
2385384615.3857946;-85.680412292480469;
2385544871.796051;-85.711433410644531;
2385705128.2063074;-85.700912475585937;
2385865384.6165643;-85.704559326171875;
2386025641.0268207;-85.70703125;
2386185897.437077;-85.712890625;
2386346153.8473334;-85.724655151367188;
2386506410.2575898;-85.716323852539063;
2386666666.6678462;-85.702629089355469;
2386826923.0781026;-85.677642822265625;
2386987179.488359;-85.700698852539063;
2387147435.8986154;-85.691078186035156;
2387307692.3088717;-85.687248229980469;
2387467948.7191281;-85.677635192871094;
2387628205.1293845;-85.708412170410156;
2387788461.5396409;-85.702629089355469;
2387948717.9498973;-85.723823547363281;
2388108974.3601537;-85.681472778320312;
2388269230.7704101;-85.685287475585937;
2388429487.1806664;-85.641250610351563;
2388589743.5909228;-85.639320373535156;
2388750000.0011792;-85.666114807128906;
2388910256.4114356;-85.702629089355469;
2389070512.8216925;-85.662284851074219;
2389230769.2319489;-85.639335632324219;
2389391025.6422052;-85.693000793457031;
2389551282.0524616;-85.708404541015625;
2389711538.462718;-85.664215087890625;
2389871794.8729744;-85.691055297851563;
2390032051.2832308;-85.675697326660156;
2390192307.6934872;-85.641242980957031;
2390352564.1037436;-85.612625122070313;
2390512820.5139999;-85.629776000976563;
2390673076.9242563;-85.616424560546875;
2390833333.3345127;-85.641250610351563;
2390993589.7447691;-85.593574523925781;
2391153846.1550255;-85.622154235839844;
2391314102.5652819;-85.595458984375;
2391474358.9755383;-85.668022155761719;
2391634615.3857946;-85.614471435546875;
2391794871.796051;-85.606887817382812;
2391955128.2063074;-85.563186645507812;
2392115384.6165643;-85.604942321777344;
2392275641.0268207;-85.542350769042969;
2392435897.437077;-85.566741943359375;
2392596153.8473334;-85.544219970703125;
2392756410.2575898;-85.485458374023438;
2392916666.6678462;-85.470756530761719;
2393076923.0781026;-85.445892333984375;
2393237179.488359;-85.547988891601563;
2393397435.8986154;-85.415725708007813;
2393557692.3088717;-85.53094482421875;
2393717948.7191281;-85.369590759277344;
2393878205.1293845;-85.565071105957031;
2394038461.5396409;-85.332626342773438;
2394198717.9498973;-85.431808471679688;
2394358974.3601537;-85.323631286621094;
2394519230.7704101;-85.368843078613281;
2394679487.1806664;-85.397689819335938;
2394839743.5909228;-85.340873718261719;
2395000000.0011792;-85.431350708007813;
2395160256.4114356;-85.297096252441406;
2395320512.8216925;-85.457725524902344;
2395480769.2319489;-85.298965454101563;
2395641025.6422052;-85.465103149414063;
2395801282.0524616;-85.317886352539063;
2395961538.462718;-85.467109680175781;
2396121794.8729744;-85.392257690429688;
2396282051.2832308;-85.508201599121094;
2396442307.6934872;-85.534629821777344;
2396602564.1037436;-85.577812194824219;
2396762820.5139999;-85.51116943359375;
2396923076.9242563;-85.553977966308594;
2397083333.3345127;-85.565078735351563;
2397243589.7447691;-85.536819458007813;
2397403846.1550255;-85.519760131835938;
2397564102.5652819;-85.4688720703125;
2397724358.9755383;-85.525390625;
2397884615.3857946;-85.491439819335938;
2398044871.796051;-85.587867736816406;
2398205128.2063074;-85.515953063964844;
2398365384.6165643;-85.593513488769531;
2398525641.0268207;-85.566947937011719;
2398685897.437077;-85.599273681640625;
2398846153.8473334;-85.555618286132813;
2399006410.2575898;-85.563133239746094;
2399166666.6678462;-85.555625915527344;
2399326923.0781026;-85.568763732910156;
2399487179.488359;-85.546112060546875;
2399647435.8986154;-85.555549621582031;
2399807692.3088717;-85.555618286132813;
2399967948.7191281;-85.583984375;
2400128205.1293845;-85.582122802734375;
2400288461.5396409;-85.587867736816406;
2400448717.9498973;-85.587875366210938;
2400608974.3601537;-85.557518005371094;
2400769230.7704101;-85.587844848632813;
2400929487.1806664;-85.497154235839844;
2401089743.5909228;-85.525390625;
2401250000.0011792;-85.53094482421875;
2401410256.4114356;-85.593574523925781;
2401570512.8216925;-85.584075927734375;
2401730769.2319489;-85.555633544921875;
2401891025.6422052;-85.557525634765625;
2402051282.0524616;-85.591629028320312;
2402211538.462718;-85.578376770019531;
2402371794.8729744;-85.574577331542969;
2402532051.2832308;-85.540519714355469;
2402692307.6934872;-85.584068298339844;
2402852564.1037436;-85.576499938964844;
2403012820.5139999;-85.561317443847656;
2403173076.9242563;-85.578384399414063;
2403333333.3345127;-85.58978271484375;
2403493589.7447691;-85.608802795410156;
2403653846.1550255;-85.597373962402344;
2403814102.5652819;-85.60308837890625;
2403974358.9755383;-85.610710144042969;
2404134615.3857946;-85.601142883300781;
2404294871.796051;-85.56317138671875;
2404455128.2063074;-85.610671997070313;
2404615384.6165643;-85.604965209960937;
2404775641.0268207;-85.608757019042969;
2404935897.437077;-85.559425354003906;
2405096153.8473334;-85.565101623535156;
2405256410.2575898;-85.603096008300781;
2405416666.6678462;-85.625961303710938;
2405576923.0781026;-85.624053955078125;
2405737179.488359;-85.551834106445313;
2405897435.8986154;-85.618331909179687;
2406057692.3088717;-85.585983276367188;
2406217948.7191281;-85.608787536621094;
2406378205.1293845;-85.627876281738281;
2406538461.5396409;-85.625961303710938;
2406698717.9498973;-85.618339538574219;
2406858974.3601537;-85.645057678222656;
2407019230.7704101;-85.620246887207031;
2407179487.1806664;-85.620201110839844;
2407339743.5909228;-85.641181945800781;
2407500000.0011792;-85.664138793945313;
2407660256.4114356;-85.603057861328125;
2407820512.8216925;-85.656524658203125;
2407980769.2319489;-85.639328002929688;
2408141025.6422052;-85.580238342285156;
2408301282.0524616;-85.614433288574219;
2408461538.462718;-85.643119812011719;
2408621794.8729744;-85.685317993164063;
2408782051.2832308;-85.65655517578125;
2408942307.6934872;-85.6202392578125;
2409102564.1037436;-85.608795166015625;
2409262820.5139999;-85.614517211914062;
2409423076.9242563;-85.625961303710938;
2409583333.3345127;-85.629776000976563;
2409743589.7447691;-85.645050048828125;
2409903846.1550255;-85.625961303710938;
2410064102.5652819;-85.630325317382812;
2410224358.9755383;-85.622154235839844;
2410384615.3857946;-85.624267578125;
2410544871.796051;-85.621604919433594;
2410705128.2063074;-85.627876281738281;
2410865384.6165643;-85.625953674316406;
2411025641.0268207;-85.619415283203125;
2411185897.437077;-85.624061584472656;
2411346153.8473334;-85.615791320800781;
2411506410.2575898;-85.624397277832031;
2411666666.6678462;-85.635482788085937;
2411826923.0781026;-85.645065307617188;
2411987179.488359;-85.633590698242188;
2412147435.8986154;-85.62786865234375;
2412307692.3088717;-85.633583068847656;
2412467948.7191281;-85.666130065917969;
2412628205.1293845;-85.629783630371094;
2412788461.5396409;-85.631690979003906;
2412948717.9498973;-85.6434326171875;
2413108974.3601537;-85.625961303710938;
2413269230.7704101;-85.654632568359375;
2413429487.1806664;-85.641227722167969;
2413589743.5909228;-85.648895263671875;
2413750000.0011792;-85.652725219726563;
2413910256.4114356;-85.650779724121094;
2414070512.8216925;-85.625968933105469;
2414230769.2319489;-85.643157958984375;
2414391025.6422052;-85.641250610351563;
2414551282.0524616;-85.658462524414062;
2414711538.462718;-85.627876281738281;
2414871794.8729744;-85.612617492675781;
2415032051.2832308;-85.616424560546875;
2415192307.6934872;-85.675704956054688;
2415352564.1037436;-85.648872375488281;
2415512820.5139999;-85.619430541992188;
2415673076.9242563;-85.656524658203125;
2415833333.3345127;-85.694931030273438;
2415993589.7447691;-85.687248229980469;
2416153846.1550255;-85.694931030273438;
2416314102.5652819;-85.668014526367188;
2416474358.9755383;-85.66229248046875;
2416634615.3857946;-85.668052673339844;
2416794871.796051;-85.683403015136719;
2416955128.2063074;-85.650794982910156;
2417115384.6165643;-85.622154235839844;
2417275641.0268207;-85.629783630371094;
2417435897.437077;-85.616432189941406;
2417596153.8473334;-85.63360595703125;
2417756410.2575898;-85.67572021484375;
2417916666.6678462;-85.663116455078125;
2418076923.0781026;-85.668052673339844;
2418237179.488359;-85.677642822265625;
2418397435.8986154;-85.637397766113281;
2418557692.3088717;-85.641250610351563;
2418717948.7191281;-85.631690979003906;
2418878205.1293845;-85.625968933105469;
2419038461.5396409;-85.666130065917969;
2419198717.9498973;-85.664176940917969;
2419358974.3601537;-85.639328002929688;
2419519230.7704101;-85.622146606445313;
2419679487.1806664;-85.631690979003906;
2419839743.5909228;-85.612892150878906;
2420000000.0011792;-85.617485046386719;
2420160256.4114356;-85.625968933105469;
2420320512.8216925;-85.629776000976563;
2420480769.2319489;-85.64697265625;
2420641025.6422052;-85.616432189941406;
2420801282.0524616;-85.616401672363281;
2420961538.462718;-85.631690979003906;
2421121794.8729744;-85.629783630371094;
2421282051.2832308;-85.631675720214844;
2421442307.6934872;-85.660385131835938;
2421602564.1037436;-85.6412353515625;
2421762820.5139999;-85.652717590332031;
2421923076.9242563;-85.65460205078125;
2422083333.3345127;-85.643424987792969;
2422243589.7447691;-85.61260986328125;
2422403846.1550255;-85.624038696289062;
2422564102.5652819;-85.635498046875;
2422724358.9755383;-85.604995727539063;
2422884615.3857946;-85.625961303710938;
2423044871.796051;-85.618339538574219;
2423205128.2063074;-85.574569702148438;
2423365384.6165643;-85.6297607421875;
2423525641.0268207;-85.629783630371094;
2423685897.437077;-85.620246887207031;
2423846153.8473334;-85.621604919433594;
2424006410.2575898;-85.631050109863281;
2424166666.6678462;-85.629783630371094;
2424326923.0781026;-85.617233276367188;
2424487179.488359;-85.610710144042969;
2424647435.8986154;-85.612617492675781;
2424807692.3088717;-85.652717590332031;
2424967948.7191281;-85.624053955078125;
2425128205.1293845;-85.624061584472656;
2425288461.5396409;-85.642929077148438;
2425448717.9498973;-85.61260986328125;
2425608974.3601537;-85.631690979003906;
2425769230.7704101;-85.674064636230469;
2425929487.1806664;-85.698783874511719;
2426089743.5909228;-85.658462524414062;
2426250000.0011792;-85.62786865234375;
2426410256.4114356;-85.614501953125;
2426570512.8216925;-85.635490417480469;
2426730769.2319489;-85.618331909179687;
2426891025.6422052;-85.517875671386719;
2427051282.0524616;-85.491790771484375;
2427211538.462718;-85.389106750488281;
2427371794.8729744;-85.339210510253906;
2427532051.2832308;-85.10614013671875;
2427692307.6934872;-84.720558166503906;
2427852564.1037436;-84.698478698730469;
2428012820.5139999;-83.308273315429688;
2428173076.9242563;-83.447097778320312;
2428333333.3345127;-80.776908874511719;
2428493589.7447691;-81.8323974609375;
2428653846.1550255;-78.177719116210938;
2428814102.5652819;-78.191246032714844;
2428974358.9755383;-74.148727416992188;
2429134615.3857946;-74.162773132324219;
2429294871.796051;-70.820266723632812;
2429455128.2063074;-70.283088684082031;
2429615384.6165643;-66.137718200683594;
2429775641.0268207;-65.253433227539063;
2429935897.437077;-63.417549133300781;
2430096153.8473334;-61.911495208740234;
2430256410.2575898;-60.388694763183594;
2430416666.6678462;-57.683956146240234;
2430576923.0781026;-56.783958435058594;
2430737179.488359;-54.531585693359375;
2430897435.8986154;-54.106807708740234;
2431057692.3088717;-51.233772277832031;
2431217948.7191281;-50.490177154541016;
2431378205.1293845;-47.938976287841797;
2431538461.5396409;-47.520835876464844;
2431698717.9498973;-45.407886505126953;
2431858974.3601537;-44.053375244140625;
2432019230.7704101;-42.382106781005859;
2432179487.1806664;-41.046169281005859;
2432339743.5909228;-39.956016540527344;
2432500000.0011792;-38.776054382324219;
2432660256.4114356;-37.602806091308594;
2432820512.8216925;-36.120979309082031;
2432980769.2319489;-35.425403594970703;
2433141025.6422052;-34.479141235351563;
2433301282.0524616;-33.903614044189453;
2433461538.462718;-33.073814392089844;
2433621794.8729744;-32.33941650390625;
2433782051.2832308;-32.233608245849609;
2433942307.6934872;-31.889450073242187;
2434102564.1037436;-32.002456665039062;
2434262820.5139999;-31.830547332763672;
2434423076.9242563;-32.476341247558594;
2434583333.3345127;-32.605224609375;
2434743589.7447691;-33.374168395996094;
2434903846.1550255;-33.768360137939453;
2435064102.5652819;-34.766925811767578;
2435224358.9755383;-35.941532135009766;
2435384615.3857946;-36.825664520263672;
2435544871.796051;-37.791027069091797;
2435705128.2063074;-38.809391021728516;
2435865384.6165643;-40.19232177734375;
2436025641.0268207;-41.822296142578125;
2436185897.437077;-42.842308044433594;
2436346153.8473334;-44.048244476318359;
2436506410.2575898;-45.184764862060547;
2436666666.6678462;-46.799613952636719;
2436826923.0781026;-48.584136962890625;
2436987179.488359;-49.472236633300781;
2437147435.8986154;-50.765186309814453;
2437307692.3088717;-51.821697235107422;
2437467948.7191281;-53.434898376464844;
2437628205.1293845;-55.07659912109375;
2437788461.5396409;-56.405239105224609;
2437948717.9498973;-57.400276184082031;
2438108974.3601537;-58.865081787109375;
2438269230.7704101;-60.056697845458984;
2438429487.1806664;-62.209907531738281;
2438589743.5909228;-62.879901885986328;
2438750000.0011792;-64.607780456542969;
2438910256.4114356;-65.362358093261719;
2439070512.8216925;-67.487312316894531;
2439230769.2319489;-68.918357849121094;
2439391025.6422052;-70.629188537597656;
2439551282.0524616;-71.74560546875;
2439711538.462718;-73.339576721191406;
2439871794.8729744;-75.118255615234375;
2440032051.2832308;-77.496597290039063;
2440192307.6934872;-78.865280151367188;
2440352564.1037436;-80.330696105957031;
2440512820.5139999;-81.58868408203125;
2440673076.9242563;-82.973640441894531;
2440833333.3345127;-84.128448486328125;
2440993589.7447691;-84.558113098144531;
2441153846.1550255;-85.022651672363281;
2441314102.5652819;-85.204719543457031;
2441474358.9755383;-85.44256591796875;
2441634615.3857946;-85.589767456054688;
2441794871.796051;-85.619430541992188;
2441955128.2063074;-85.620246887207031;
2442115384.6165643;-85.654594421386719;
2442275641.0268207;-85.712242126464844;
2442435897.437077;-85.770271301269531;
2442596153.8473334;-85.725746154785156;
2442756410.2575898;-85.750885009765625;
2442916666.6678462;-85.719947814941406;
2443076923.0781026;-85.725753784179688;
2443237179.488359;-85.712265014648437;
2443397435.8986154;-85.710334777832031;
2443557692.3088717;-85.725753784179688;
2443717948.7191281;-85.733489990234375;
2443878205.1293845;-85.716117858886719;
2444038461.5396409;-85.748931884765625;
2444198717.9498973;-85.698776245117188;
2444358974.3601537;-85.694931030273438;
2444519230.7704101;-85.696846008300781;
2444679487.1806664;-85.646980285644531;
2444839743.5909228;-85.639305114746094;
2445000000.0011792;-85.625961303710938;
2445160256.4114356;-85.635490417480469;
2445320512.8216925;-85.637420654296875;
2445480769.2319489;-85.694900512695312;
2445641025.6422052;-85.731544494628906;
2445801282.0524616;-85.65460205078125;
2445961538.462718;-85.710334777832031;
2446121794.8729744;-85.7103271484375;
2446282051.2832308;-85.700660705566406;
2446442307.6934872;-85.617210388183594;
2446602564.1037436;-85.73345947265625;
2446762820.5139999;-85.708396911621094;
2446923076.9242563;-85.752815246582031;
2447083333.3345127;-85.743087768554688;
2447243589.7447691;-85.770217895507813;
2447403846.1550255;-85.733489990234375;
2447564102.5652819;-85.743148803710937;
2447724358.9755383;-85.725746154785156;
2447884615.3857946;-85.750885009765625;
2448044871.796051;-85.776084899902344;
2448205128.2063074;-85.799407958984375;
2448365384.6165643;-85.781906127929688;
2448525641.0268207;-85.758628845214844;
2448685897.437077;-85.752822875976563;
2448846153.8473334;-85.776504516601563;
2449006410.2575898;-85.811111450195313;
2449166666.6678462;-85.8145751953125;
2449326923.0781026;-85.799407958984375;
2449487179.488359;-85.785797119140625;
2449647435.8986154;-85.750862121582031;
2449807692.3088717;-85.634925842285156;
2449967948.7191281;-85.414337158203125;
2450128205.1293845;-85.610710144042969;
2450288461.5396409;-85.591659545898438;
2450448717.9498973;-85.614501953125;
2450608974.3601537;-85.582183837890625;
2450769230.7704101;-85.544296264648438;
2450929487.1806664;-85.553756713867187;
2451089743.5909228;-85.584068298339844;
2451250000.0011792;-85.681396484375;
2451410256.4114356;-85.805229187011719;
2451570512.8216925;-85.809158325195313;
2451730769.2319489;-85.813056945800781;
2451891025.6422052;-85.745079040527344;
2452051282.0524616;-85.766372680664063;
2452211538.462718;-85.799415588378906;
2452371794.8729744;-85.787742614746094;
2452532051.2832308;-85.719955444335938;
2452692307.6934872;-85.748947143554688;
2452852564.1037436;-85.807212829589844;
2453012820.5139999;-85.754714965820313;
2453173076.9242563;-85.712265014648437;
2453333333.3345127;-85.758598327636719;
2453493589.7447691;-85.7955322265625;
2453653846.1550255;-85.776084899902344;
2453814102.5652819;-85.774124145507813;
2453974358.9755383;-85.506843566894531;
2454134615.3857946;-85.585762023925781;
2454294871.796051;-85.712196350097656;
2454455128.2063074;-85.696762084960938;
2454615384.6165643;-85.658432006835938;
2454775641.0268207;-85.733474731445313;
2454935897.437077;-85.731735229492188;
2455096153.8473334;-85.704833984375;
2455256410.2575898;-85.680404663085937;
2455416666.6678462;-85.783851623535156;
2455576923.0781026;-85.793556213378906;
2455737179.488359;-85.807182312011719;
2455897435.8986154;-85.731475830078125;
2456057692.3088717;-85.618324279785156;
2456217948.7191281;-85.551856994628906;
2456378205.1293845;-85.529129028320313;
2456538461.5396409;-85.510231018066406;
2456698717.9498973;-85.691062927246094;
2456858974.3601537;-85.772148132324219;
2457019230.7704101;-85.822807312011719;
2457179487.1806664;-85.813056945800781;
2457339743.5909228;-85.82281494140625;
2457500000.0011792;-85.816963195800781;
2457660256.4114356;-85.834518432617188;
2457820512.8216925;-85.7877197265625;
2457980769.2319489;-85.785774230957031;
2458141025.6422052;-85.685310363769531;
2458301282.0524616;-85.72381591796875;
2458461538.462718;-85.737350463867188;
2458621794.8729744;-85.772186279296875;
2458782051.2832308;-85.818885803222656;
2458942307.6934872;-85.856056213378906;
2459102564.1037436;-85.836463928222656;
2459262820.5139999;-85.838424682617187;
2459423076.9242563;-85.83062744140625;
2459583333.3345127;-85.832572937011719;
2459743589.7447691;-85.813056945800781;
2459903846.1550255;-85.824760437011719;
2460064102.5652819;-85.852134704589844;
2460224358.9755383;-85.840377807617188;
2460384615.3857946;-85.852127075195313;
2460544871.796051;-85.836479187011719;
2460705128.2063074;-85.887405395507813;
2460865384.6165643;-85.897300720214844;
2461025641.0268207;-85.897300720214844;
2461185897.437077;-85.897285461425781;
2461346153.8473334;-85.913063049316406;
2461506410.2575898;-85.856033325195313;
2461666666.6678462;-85.824760437011719;
2461826923.0781026;-85.824737548828125;
2461987179.488359;-85.850181579589844;
2462147435.8986154;-85.81890869140625;
2462307692.3088717;-85.844314575195313;
2462467948.7191281;-85.84429931640625;
2462628205.1293845;-85.842338562011719;
2462788461.5396409;-85.87762451171875;
2462948717.9498973;-85.824729919433594;
2463108974.3601537;-85.797462463378906;
2463269230.7704101;-85.836479187011719;
2463429487.1806664;-85.846267700195313;
2463589743.5909228;-85.840377807617188;
2463750000.0011792;-85.857994079589844;
2463910256.4114356;-85.881538391113281;
2464070512.8216925;-85.881561279296875;
2464230769.2319489;-85.867820739746094;
2464391025.6422052;-85.899261474609375;
2464551282.0524616;-85.883522033691406;
2464711538.462718;-85.867820739746094;
2464871794.8729744;-85.828666687011719;
2465032051.2832308;-85.830612182617188;
2465192307.6934872;-85.834518432617188;
2465352564.1037436;-85.850151062011719;
2465512820.5139999;-85.838409423828125;
2465673076.9242563;-85.828651428222656;
2465833333.3345127;-85.83062744140625;
2465993589.7447691;-85.811103820800781;
2466153846.1550255;-85.81304931640625;
2466314102.5652819;-85.7896728515625;
2466474358.9755383;-85.83258056640625;
2466634615.3857946;-85.816932678222656;
2466794871.796051;-85.818901062011719;
2466955128.2063074;-85.814956665039062;
2467115384.6165643;-85.793502807617187;
2467275641.0268207;-85.813034057617188;
2467435897.437077;-85.8109130859375;
2467596153.8473334;-85.801284790039063;
2467756410.2575898;-85.791473388671875;
2467916666.6678462;-85.84033203125;
2468076923.0781026;-85.826553344726563;
2468237179.488359;-85.859939575195313;
2468397435.8986154;-85.803085327148438;
2468557692.3088717;-85.838424682617187;
2468717948.7191281;-85.746917724609375;
2468878205.1293845;-85.844276428222656;
2469038461.5396409;-85.762420654296875;
2469198717.9498973;-85.834518432617188;
2469358974.3601537;-85.744972229003906;
2469519230.7704101;-85.791252136230469;
2469679487.1806664;-85.723648071289063;
2469839743.5909228;-85.71734619140625;
2470000000.0011792;-85.741134643554688;
2470160256.4114356;-85.665191650390625;
2470320512.8216925;-85.723800659179687;
2470480769.2319489;-85.602554321289063;
2470641025.6422052;-85.803245544433594;
2470801282.0524616;-85.528564453125;
2470961538.462718;-85.719490051269531;
2471121794.8729744;-85.551071166992188;
2471282051.2832308;-85.643402099609375;
2471442307.6934872;-85.56634521484375;
2471602564.1037436;-85.666061401367188;
2471762820.5139999;-85.562629699707031;
2471923076.9242563;-85.551643371582031;
2472083333.3345127;-85.593055725097656;
2472243589.7447691;-85.59576416015625;
2472403846.1550255;-85.650520324707031;
2472564102.5652819;-85.567977905273437;
2472724358.9755383;-85.764228820800781;
2472884615.3857946;-85.625221252441406;
2473044871.796051;-85.733489990234375;
2473205128.2063074;-85.61968994140625;
2473365384.6165643;-85.807037353515625;
2473525641.0268207;-85.723503112792969;
2473685897.437077;-85.791084289550781;
2473846153.8473334;-85.735313415527344;
2474006410.2575898;-85.719718933105469;
2474166666.6678462;-85.78961181640625;
2474326923.0781026;-85.748794555664063;
2474487179.488359;-85.789634704589844;
2474647435.8986154;-85.76434326171875;
2474807692.3088717;-85.836479187011719;
2474967948.7191281;-85.77020263671875;
2475128205.1293845;-85.852088928222656;
2475288461.5396409;-85.834396362304688;
2475448717.9498973;-85.873611450195312;
2475608974.3601537;-85.82086181640625;
2475769230.7704101;-85.826705932617188;
2475929487.1806664;-85.82281494140625;
2476089743.5909228;-85.793540954589844;
2476250000.0011792;-85.82672119140625;
2476410256.4114356;-85.807205200195313;
2476570512.8216925;-85.842330932617187;
2476730769.2319489;-85.844291687011719;
2476891025.6422052;-85.891403198242188;
2477051282.0524616;-85.854103088378906;
2477211538.462718;-85.861923217773438;
2477371794.8729744;-85.846267700195313;
2477532051.2832308;-85.822799682617188;
2477692307.6934872;-85.82281494140625;
2477852564.1037436;-85.831161499023438;
2478012820.5139999;-85.84429931640625;
2478173076.9242563;-85.859962463378906;
2478333333.3345127;-85.859893798828125;
2478493589.7447691;-85.877609252929688;
2478653846.1550255;-85.858024597167969;
2478814102.5652819;-85.859977722167969;
2478974358.9755383;-85.873695373535156;
2479134615.3857946;-85.867820739746094;
2479294871.796051;-85.881546020507813;
2479455128.2063074;-85.826713562011719;
2479615384.6165643;-85.867813110351563;
2479775641.0268207;-85.850181579589844;
2479935897.437077;-85.824752807617188;
2480096153.8473334;-85.846267700195313;
2480256410.2575898;-85.818893432617188;
2480416666.6678462;-85.828666687011719;
2480576923.0781026;-85.826713562011719;
2480737179.488359;-85.838409423828125;
2480897435.8986154;-85.84039306640625;
2481057692.3088717;-85.887428283691406;
2481217948.7191281;-85.873695373535156;
2481378205.1293845;-85.918983459472656;
2481538461.5396409;-85.9012451171875;
2481698717.9498973;-85.905174255371094;
2481858974.3601537;-85.905181884765625;
2482019230.7704101;-85.899925231933594;
2482179487.1806664;-85.866973876953125;
2482339743.5909228;-85.903205871582031;
2482500000.0011792;-85.913063049316406;
2482660256.4114356;-85.9150390625;
2482820512.8216925;-85.917007446289062;
2482980769.2319489;-85.897300720214844;
2483141025.6422052;-85.911094665527344;
2483301282.0524616;-85.89727783203125;
2483461538.462718;-85.887458801269531;
2483621794.8729744;-85.909126281738281;
2483782051.2832308;-85.915031433105469;
2483942307.6934872;-85.913063049316406;
2484102564.1037436;-85.88543701171875;
2484262820.5139999;-85.871681213378906;
