Type;ESU;
Version;4.43;
Date;03.Jun 16;
Mode;ANALYZER;
Center Freq;2434262820.514000;Hz
Freq Offset;0.000000;Hz
Span;100000000.000000;Hz
x-Axis;LIN;
Start;2384262820.514000;Hz
Stop;2484262820.514000;Hz
Ref Level;-9.000000;dBm
Level Offset;0.000000;dB
Ref Position;100.000000;%
y-Axis;LOG;
Level Range;100.000000;dB
Rf Att;5.000000;dB
RBW;2000000.000000;Hz
VBW;50.000000;Hz
SWT;2.500000;s
Trace Mode;CLR/WRITE;
Detector;RMS;
Sweep Count;0;
Trace 1:;;
x-Unit;Hz;
y-Unit;dBm;
Values;625;
2384262820.5139999;-85.767234802246094;
2384423076.9242563;-85.721893310546875;
2384583333.3345127;-85.756690979003906;
2384743589.7447691;-85.783859252929688;
2384903846.1550255;-85.735397338867188;
2385064102.5652819;-85.725761413574219;
2385224358.9755383;-85.7412109375;
2385384615.3857946;-85.714187622070313;
2385544871.796051;-85.718040466308594;
2385705128.2063074;-85.706466674804688;
2385865384.6165643;-85.662284851074219;
2386025641.0268207;-85.7333984375;
2386185897.437077;-85.748916625976563;
2386346153.8473334;-85.760566711425781;
2386506410.2575898;-85.712249755859375;
2386666666.6678462;-85.718048095703125;
2386826923.0781026;-85.71417236328125;
2386987179.488359;-85.735382080078125;
2387147435.8986154;-85.683403015136719;
2387307692.3088717;-85.698745727539063;
2387467948.7191281;-85.70452880859375;
2387628205.1293845;-85.695755004882812;
2387788461.5396409;-85.70703125;
2387948717.9498973;-85.689132690429688;
2388108974.3601537;-85.702629089355469;
2388269230.7704101;-85.679519653320313;
2388429487.1806664;-85.736885070800781;
2388589743.5909228;-85.718040466308594;
2388750000.0011792;-85.690582275390625;
2388910256.4114356;-85.691635131835938;
2389070512.8216925;-85.656471252441406;
2389230769.2319489;-85.687187194824219;
2389391025.6422052;-85.606246948242188;
2389551282.0524616;-85.648040771484375;
2389711538.462718;-85.55853271484375;
2389871794.8729744;-85.632537841796875;
2390032051.2832308;-85.612602233886719;
2390192307.6934872;-85.536415100097656;
2390352564.1037436;-85.598602294921875;
2390512820.5139999;-85.540351867675781;
2390673076.9242563;-85.615646362304688;
2390833333.3345127;-85.472015380859375;
2390993589.7447691;-85.6488037109375;
2391153846.1550255;-85.4068603515625;
2391314102.5652819;-85.599784851074219;
2391474358.9755383;-85.407402038574219;
2391634615.3857946;-85.494293212890625;
2391794871.796051;-85.404365539550781;
2391955128.2063074;-85.398223876953125;
2392115384.6165643;-85.463592529296875;
2392275641.0268207;-85.373092651367188;
2392435897.437077;-85.517326354980469;
2392596153.8473334;-85.397361755371094;
2392756410.2575898;-85.580215454101563;
2392916666.6678462;-85.386199951171875;
2393076923.0781026;-85.562278747558594;
2393237179.488359;-85.504325866699219;
2393397435.8986154;-85.506729125976562;
2393557692.3088717;-85.541030883789063;
2393717948.7191281;-85.53594970703125;
2393878205.1293845;-85.669601440429688;
2394038461.5396409;-85.536163330078125;
2394198717.9498973;-85.6390380859375;
2394358974.3601537;-85.536643981933594;
2394519230.7704101;-85.644866943359375;
2394679487.1806664;-85.521469116210938;
2394839743.5909228;-85.623947143554687;
2395000000.0011792;-85.620216369628906;
2395160256.4114356;-85.666709899902344;
2395320512.8216925;-85.693824768066406;
2395480769.2319489;-85.620140075683594;
2395641025.6422052;-85.648857116699219;
2395801282.0524616;-85.639305114746094;
2395961538.462718;-85.673774719238281;
2396121794.8729744;-85.631690979003906;
2396282051.2832308;-85.664154052734375;
2396442307.6934872;-85.61260986328125;
2396602564.1037436;-85.656494140625;
2396762820.5139999;-85.693000793457031;
2396923076.9242563;-85.639259338378906;
2397083333.3345127;-85.671875;
2397243589.7447691;-85.62591552734375;
2397403846.1550255;-85.694900512695312;
2397564102.5652819;-85.6202392578125;
2397724358.9755383;-85.624031066894531;
2397884615.3857946;-85.633583068847656;
2398044871.796051;-85.627838134765625;
2398205128.2063074;-85.6202392578125;
2398365384.6165643;-85.620208740234375;
2398525641.0268207;-85.66229248046875;
2398685897.437077;-85.639297485351562;
2398846153.8473334;-85.635475158691406;
2399006410.2575898;-85.629737854003906;
2399166666.6678462;-85.662277221679688;
2399326923.0781026;-85.6412353515625;
2399487179.488359;-85.687232971191406;
2399647435.8986154;-85.693000793457031;
2399807692.3088717;-85.692947387695313;
2399967948.7191281;-85.671882629394531;
2400128205.1293845;-85.669952392578125;
2400288461.5396409;-85.664215087890625;
2400448717.9498973;-85.633560180664063;
2400608974.3601537;-85.635513305664063;
2400769230.7704101;-85.60308837890625;
2400929487.1806664;-85.622146606445313;
2401089743.5909228;-85.604988098144531;
2401250000.0011792;-85.620231628417969;
2401410256.4114356;-85.622154235839844;
2401570512.8216925;-85.606895446777344;
2401730769.2319489;-85.658447265625;
2401891025.6422052;-85.650794982910156;
2402051282.0524616;-85.683380126953125;
2402211538.462718;-85.648872375488281;
2402371794.8729744;-85.648887634277344;
2402532051.2832308;-85.64697265625;
2402692307.6934872;-85.625923156738281;
2402852564.1037436;-85.578399658203125;
2403012820.5139999;-85.580284118652344;
2403173076.9242563;-85.612876892089844;
2403333333.3345127;-85.634437561035156;
2403493589.7447691;-85.633590698242188;
2403653846.1550255;-85.608795166015625;
2403814102.5652819;-85.624053955078125;
2403974358.9755383;-85.635498046875;
2404134615.3857946;-85.687225341796875;
2404294871.796051;-85.67572021484375;
2404455128.2063074;-85.660362243652344;
2404615384.6165643;-85.696846008300781;
2404775641.0268207;-85.68145751953125;
2404935897.437077;-85.710334777832031;
2405096153.8473334;-85.685302734375;
2405256410.2575898;-85.696846008300781;
2405416666.6678462;-85.706459045410156;
2405576923.0781026;-85.652694702148438;
2405737179.488359;-85.658454895019531;
2405897435.8986154;-85.658432006835938;
2406057692.3088717;-85.710334777832031;
2406217948.7191281;-85.66802978515625;
2406378205.1293845;-85.712226867675781;
2406538461.5396409;-85.696846008300781;
2406698717.9498973;-85.700645446777344;
2406858974.3601537;-85.664146423339844;
2407019230.7704101;-85.677543640136719;
2407179487.1806664;-85.685295104980469;
2407339743.5909228;-85.66412353515625;
2407500000.0011792;-85.64886474609375;
2407660256.4114356;-85.637367248535156;
2407820512.8216925;-85.685302734375;
2407980769.2319489;-85.675682067871094;
2408141025.6422052;-85.681350708007812;
2408301282.0524616;-85.627861022949219;
2408461538.462718;-85.637420654296875;
2408621794.8729744;-85.671875;
2408782051.2832308;-85.658393859863281;
2408942307.6934872;-85.635513305664063;
2409102564.1037436;-85.627838134765625;
2409262820.5139999;-85.679557800292969;
2409423076.9242563;-85.614509582519531;
2409583333.3345127;-85.629707336425781;
2409743589.7447691;-85.629783630371094;
2409903846.1550255;-85.616371154785156;
2410064102.5652819;-85.629776000976563;
2410224358.9755383;-85.614479064941406;
2410384615.3857946;-85.685295104980469;
2410544871.796051;-85.656494140625;
2410705128.2063074;-85.696830749511719;
2410865384.6165643;-85.646980285644531;
2411025641.0268207;-85.671829223632812;
2411185897.437077;-85.660385131835938;
2411346153.8473334;-85.641204833984375;
2411506410.2575898;-85.627494812011719;
2411666666.6678462;-85.687232971191406;
2411826923.0781026;-85.683395385742188;
2411987179.488359;-85.694892883300781;
2412147435.8986154;-85.683372497558594;
2412307692.3088717;-85.683341979980469;
2412467948.7191281;-85.687217712402344;
2412628205.1293845;-85.673721313476562;
2412788461.5396409;-85.643150329589844;
2412948717.9498973;-85.641212463378906;
2413108974.3601537;-85.63739013671875;
2413269230.7704101;-85.681480407714844;
2413429487.1806664;-85.723823547363281;
2413589743.5909228;-85.685317993164063;
2413750000.0011792;-85.725746154785156;
2413910256.4114356;-85.729621887207031;
2414070512.8216925;-85.700698852539063;
2414230769.2319489;-85.708396911621094;
2414391025.6422052;-85.691032409667969;
2414551282.0524616;-85.675697326660156;
2414711538.462718;-85.694923400878906;
2414871794.8729744;-85.70703125;
2415032051.2832308;-85.695793151855469;
2415192307.6934872;-85.702629089355469;
2415352564.1037436;-85.645057678222656;
2415512820.5139999;-85.658462524414062;
2415673076.9242563;-85.654609680175781;
2415833333.3345127;-85.664207458496094;
2415993589.7447691;-85.658470153808594;
2416153846.1550255;-85.694931030273438;
2416314102.5652819;-85.700675964355469;
2416474358.9755383;-85.685310363769531;
2416634615.3857946;-85.708404541015625;
2416794871.796051;-85.696853637695313;
2416955128.2063074;-85.706474304199219;
2417115384.6165643;-85.635498046875;
2417275641.0268207;-85.687232971191406;
2417435897.437077;-85.652175903320312;
2417596153.8473334;-85.693000793457031;
2417756410.2575898;-85.68145751953125;
2417916666.6678462;-85.687171936035156;
2418076923.0781026;-85.675712585449219;
2418237179.488359;-85.6929931640625;
2418397435.8986154;-85.729545593261719;
2418557692.3088717;-85.691070556640625;
2418717948.7191281;-85.68145751953125;
2418878205.1293845;-85.652679443359375;
2419038461.5396409;-85.675712585449219;
2419198717.9498973;-85.641242980957031;
2419358974.3601537;-85.669952392578125;
2419519230.7704101;-85.685302734375;
2419679487.1806664;-85.665267944335938;
2419839743.5909228;-85.631690979003906;
2420000000.0011792;-85.6297607421875;
2420160256.4114356;-85.689163208007813;
2420320512.8216925;-85.731536865234375;
2420480769.2319489;-85.72381591796875;
2420641025.6422052;-85.669921875;
2420801282.0524616;-85.668037414550781;
2420961538.462718;-85.635513305664063;
2421121794.8729744;-85.639328002929688;
2421282051.2832308;-85.664215087890625;
2421442307.6934872;-85.643157958984375;
2421602564.1037436;-85.669692993164063;
2421762820.5139999;-85.652679443359375;
2421923076.9242563;-85.645065307617188;
2422083333.3345127;-85.639328002929688;
2422243589.7447691;-85.679557800292969;
2422403846.1550255;-85.635498046875;
2422564102.5652819;-85.669921875;
2422724358.9755383;-85.673683166503906;
2422884615.3857946;-85.685295104980469;
2423044871.796051;-85.668022155761719;
2423205128.2063074;-85.685295104980469;
2423365384.6165643;-85.633583068847656;
2423525641.0268207;-85.612586975097656;
2423685897.437077;-85.636878967285156;
2423846153.8473334;-85.625938415527344;
2424006410.2575898;-85.616424560546875;
2424166666.6678462;-85.614524841308594;
2424326923.0781026;-85.624046325683594;
2424487179.488359;-85.622108459472656;
2424647435.8986154;-85.635231018066406;
2424807692.3088717;-85.578330993652344;
2424967948.7191281;-85.582122802734375;
2425128205.1293845;-85.625885009765625;
2425288461.5396409;-85.585884094238281;
2425448717.9498973;-85.567008972167969;
2425608974.3601537;-85.51971435546875;
2425769230.7704101;-85.534805297851563;
2425929487.1806664;-85.429458618164063;
2426089743.5909228;-85.411369323730469;
2426250000.0011792;-85.232215881347656;
2426410256.4114356;-84.895622253417969;
2426570512.8216925;-84.936241149902344;
2426730769.2319489;-84.319435119628906;
2426891025.6422052;-84.612960815429687;
2427051282.0524616;-82.618942260742187;
2427211538.462718;-83.050758361816406;
2427371794.8729744;-80.712852478027344;
2427532051.2832308;-80.284858703613281;
2427692307.6934872;-78.636940002441406;
2427852564.1037436;-75.407814025878906;
2428012820.5139999;-74.810142517089844;
2428173076.9242563;-71.058303833007812;
2428333333.3345127;-71.180427551269531;
2428493589.7447691;-67.14886474609375;
2428653846.1550255;-65.7935791015625;
2428814102.5652819;-63.193721771240234;
2428974358.9755383;-61.467449188232422;
2429134615.3857946;-60.118843078613281;
2429294871.796051;-57.663528442382813;
2429455128.2063074;-56.401706695556641;
2429615384.6165643;-53.808094024658203;
2429775641.0268207;-53.362575531005859;
2429935897.437077;-50.812744140625;
2430096153.8473334;-50.335533142089844;
2430256410.2575898;-47.097270965576172;
2430416666.6678462;-46.357654571533203;
2430576923.0781026;-44.462306976318359;
2430737179.488359;-43.395427703857422;
2430897435.8986154;-41.848758697509766;
2431057692.3088717;-39.675636291503906;
2431217948.7191281;-38.760227203369141;
2431378205.1293845;-37.035194396972656;
2431538461.5396409;-36.406707763671875;
2431698717.9498973;-34.491641998291016;
2431858974.3601537;-33.420505523681641;
2432019230.7704101;-31.994125366210938;
2432179487.1806664;-31.213407516479492;
2432339743.5909228;-30.251853942871094;
2432500000.0011792;-29.306272506713867;
2432660256.4114356;-28.262794494628906;
2432820512.8216925;-27.778024673461914;
2432980769.2319489;-27.235845565795898;
2433141025.6422052;-26.962963104248047;
2433301282.0524616;-26.516315460205078;
2433461538.462718;-26.648399353027344;
2433621794.8729744;-26.588045120239258;
2433782051.2832308;-26.988397598266602;
2433942307.6934872;-27.144668579101563;
2434102564.1037436;-27.72984504699707;
2434262820.5139999;-28.602970123291016;
2434423076.9242563;-29.183538436889648;
2434583333.3345127;-30.191089630126953;
2434743589.7447691;-30.693029403686523;
2434903846.1550255;-32.154460906982422;
2435064102.5652819;-33.397422790527344;
2435224358.9755383;-34.668472290039063;
2435384615.3857946;-35.427566528320313;
2435544871.796051;-36.616428375244141;
2435705128.2063074;-37.757297515869141;
2435865384.6165643;-39.725940704345703;
2436025641.0268207;-40.891490936279297;
2436185897.437077;-41.947052001953125;
2436346153.8473334;-43.248893737792969;
2436506410.2575898;-44.417678833007812;
2436666666.6678462;-46.544284820556641;
2436826923.0781026;-47.381679534912109;
2436987179.488359;-48.981761932373047;
2437147435.8986154;-49.743045806884766;
2437307692.3088717;-51.446353912353516;
2437467948.7191281;-53.178188323974609;
2437628205.1293845;-54.337745666503906;
2437788461.5396409;-55.617382049560547;
2437948717.9498973;-56.536460876464844;
2438108974.3601537;-58.332321166992188;
2438269230.7704101;-59.980072021484375;
2438429487.1806664;-61.597560882568359;
2438589743.5909228;-62.570880889892578;
2438750000.0011792;-64.075889587402344;
2438910256.4114356;-65.527534484863281;
2439070512.8216925;-67.940238952636719;
2439230769.2319489;-69.500419616699219;
2439391025.6422052;-70.932945251464844;
2439551282.0524616;-72.659652709960938;
2439711538.462718;-74.37078857421875;
2439871794.8729744;-77.261489868164062;
2440032051.2832308;-78.432609558105469;
2440192307.6934872;-80.089324951171875;
2440352564.1037436;-81.161300659179688;
2440512820.5139999;-82.667739868164062;
2440673076.9242563;-83.909812927246094;
2440833333.3345127;-84.361175537109375;
2440993589.7447691;-84.7325439453125;
2441153846.1550255;-84.962715148925781;
2441314102.5652819;-85.281394958496094;
2441474358.9755383;-85.519554138183594;
2441634615.3857946;-85.572669982910156;
2441794871.796051;-85.601158142089844;
2441955128.2063074;-85.616355895996094;
2442115384.6165643;-85.704544067382812;
2442275641.0268207;-85.725761413574219;
2442435897.437077;-85.702613830566406;
2442596153.8473334;-85.7877197265625;
2442756410.2575898;-85.71600341796875;
2442916666.6678462;-85.716117858886719;
2443076923.0781026;-85.696830749511719;
2443237179.488359;-85.748931884765625;
2443397435.8986154;-85.797447204589844;
2443557692.3088717;-85.789680480957031;
2443717948.7191281;-85.81109619140625;
2443878205.1293845;-85.785751342773438;
2444038461.5396409;-85.768325805664062;
2444198717.9498973;-85.799415588378906;
2444358974.3601537;-85.82476806640625;
2444519230.7704101;-85.779960632324219;
2444679487.1806664;-85.811080932617188;
2444839743.5909228;-85.768882751464844;
2445000000.0011792;-85.799407958984375;
2445160256.4114356;-85.785804748535156;
2445320512.8216925;-85.807159423828125;
2445480769.2319489;-85.783828735351563;
2445641025.6422052;-85.803291320800781;
2445801282.0524616;-85.803314208984375;
2445961538.462718;-85.764434814453125;
2446121794.8729744;-85.768310546875;
2446282051.2832308;-85.7528076171875;
2446442307.6934872;-85.797401428222656;
2446602564.1037436;-85.805259704589844;
2446762820.5139999;-85.824760437011719;
2446923076.9242563;-85.803298950195313;
2447083333.3345127;-85.81695556640625;
2447243589.7447691;-85.830596923828125;
2447403846.1550255;-85.844245910644531;
2447564102.5652819;-85.793571472167969;
2447724358.9755383;-85.803291320800781;
2447884615.3857946;-85.813041687011719;
2448044871.796051;-85.811073303222656;
2448205128.2063074;-85.840377807617188;
2448365384.6165643;-85.824752807617188;
2448525641.0268207;-85.820838928222656;
2448685897.437077;-85.807197570800781;
2448846153.8473334;-85.828651428222656;
2449006410.2575898;-85.82086181640625;
2449166666.6678462;-85.81890869140625;
2449326923.0781026;-85.82672119140625;
2449487179.488359;-85.824760437011719;
2449647435.8986154;-85.838432312011719;
2449807692.3088717;-85.828659057617188;
2449967948.7191281;-85.801368713378906;
2450128205.1293845;-85.799423217773437;
2450288461.5396409;-85.762474060058594;
2450448717.9498973;-85.716117858886719;
2450608974.3601537;-85.762435913085938;
2450769230.7704101;-85.832572937011719;
2450929487.1806664;-85.756439208984375;
2451089743.5909228;-85.637382507324219;
2451250000.0011792;-85.737274169921875;
2451410256.4114356;-85.799407958984375;
2451570512.8216925;-84.942352294921875;
2451730769.2319489;-82.881355285644531;
2451891025.6422052;-81.750129699707031;
2452051282.0524616;-84.379600524902344;
2452211538.462718;-85.488609313964844;
2452371794.8729744;-85.72747802734375;
2452532051.2832308;-85.852096557617188;
2452692307.6934872;-85.355453491210938;
2452852564.1037436;-85.551551818847656;
2453012820.5139999;-83.561714172363281;
2453173076.9242563;-83.988273620605469;
2453333333.3345127;-84.925697326660156;
2453493589.7447691;-84.92156982421875;
2453653846.1550255;-84.431831359863281;
2453814102.5652819;-83.573158264160156;
2453974358.9755383;-84.580924987792969;
2454134615.3857946;-84.756866455078125;
2454294871.796051;-83.748085021972656;
2454455128.2063074;-83.364944458007813;
2454615384.6165643;-84.512809753417969;
2454775641.0268207;-85.195236206054688;
2454935897.437077;-85.294548034667969;
2455096153.8473334;-85.398056030273438;
2455256410.2575898;-85.348007202148438;
2455416666.6678462;-85.459320068359375;
2455576923.0781026;-85.660118103027344;
2455737179.488359;-85.811019897460938;
2455897435.8986154;-85.762405395507813;
2456057692.3088717;-85.779701232910156;
2456217948.7191281;-85.443740844726563;
2456378205.1293845;-84.730216979980469;
2456538461.5396409;-85.222251892089844;
2456698717.9498973;-85.440406799316406;
2456858974.3601537;-85.547737121582031;
2457019230.7704101;-85.435012817382812;
2457179487.1806664;-85.017303466796875;
2457339743.5909228;-84.88348388671875;
2457500000.0011792;-84.945289611816406;
2457660256.4114356;-85.123603820800781;
2457820512.8216925;-85.172393798828125;
2457980769.2319489;-85.3916015625;
2458141025.6422052;-85.662185668945313;
2458301282.0524616;-85.791580200195313;
2458461538.462718;-85.708389282226563;
2458621794.8729744;-85.801300048828125;
2458782051.2832308;-85.816879272460938;
2458942307.6934872;-85.814918518066406;
2459102564.1037436;-85.805183410644531;
2459262820.5139999;-85.8756103515625;
2459423076.9242563;-85.871742248535156;
2459583333.3345127;-85.885459899902344;
2459743589.7447691;-85.893363952636719;
2459903846.1550255;-85.84033203125;
2460064102.5652819;-85.91107177734375;
2460224358.9755383;-85.824745178222656;
2460384615.3857946;-85.891380310058594;
2460544871.796051;-85.822799682617188;
2460705128.2063074;-85.869697570800781;
2460865384.6165643;-85.826713562011719;
2461025641.0268207;-85.838417053222656;
2461185897.437077;-85.865814208984375;
2461346153.8473334;-85.897270202636719;
2461506410.2575898;-85.930816650390625;
2461666666.6678462;-85.909111022949219;
2461826923.0781026;-85.905143737792969;
2461987179.488359;-85.885414123535156;
2462147435.8986154;-85.891365051269531;
2462307692.3088717;-85.897300720214844;
2462467948.7191281;-85.901214599609375;
2462628205.1293845;-85.926849365234375;
2462788461.5396409;-85.924850463867188;
2462948717.9498973;-85.926872253417969;
2463108974.3601537;-85.911056518554688;
2463269230.7704101;-85.944633483886719;
2463429487.1806664;-85.875633239746094;
2463589743.5909228;-85.885383605957031;
2463750000.0011792;-85.887405395507813;
2463910256.4114356;-85.853874206542969;
2464070512.8216925;-85.834510803222656;
2464230769.2319489;-85.809028625488281;
2464391025.6422052;-85.889419555664063;
2464551282.0524616;-85.846168518066406;
2464711538.462718;-85.9031982421875;
2464871794.8729744;-85.814949035644531;
2465032051.2832308;-85.867774963378906;
2465192307.6934872;-85.838363647460938;
2465352564.1037436;-85.879341125488281;
2465512820.5139999;-85.871696472167969;
2465673076.9242563;-85.861740112304688;
2465833333.3345127;-85.909080505371094;
2465993589.7447691;-85.834335327148438;
2466153846.1550255;-85.897254943847656;
2466314102.5652819;-85.828567504882813;
2466474358.9755383;-85.871696472167969;
2466634615.3857946;-85.79351806640625;
2466794871.796051;-85.871635437011719;
2466955128.2063074;-85.850090026855469;
2467115384.6165643;-85.840057373046875;
2467275641.0268207;-85.803207397460938;
2467435897.437077;-85.850021362304688;
2467596153.8473334;-85.893257141113281;
2467756410.2575898;-85.834259033203125;
2467916666.6678462;-85.854087829589844;
2468076923.0781026;-85.746879577636719;
2468237179.488359;-85.871604919433594;
2468397435.8986154;-85.772056579589844;
2468557692.3088717;-85.85150146484375;
2468717948.7191281;-85.836196899414063;
2468878205.1293845;-85.798606872558594;
2469038461.5396409;-85.785743713378906;
2469198717.9498973;-85.719650268554688;
2469358974.3601537;-85.868263244628906;
2469519230.7704101;-85.722061157226563;
2469679487.1806664;-85.833641052246094;
2469839743.5909228;-85.662727355957031;
2470000000.0011792;-85.830543518066406;
2470160256.4114356;-85.679298400878906;
2470320512.8216925;-85.800544738769531;
2470480769.2319489;-85.682823181152344;
2470641025.6422052;-85.676994323730469;
2470801282.0524616;-85.740631103515625;
2470961538.462718;-85.623695373535156;
2471121794.8729744;-85.795295715332031;
2471282051.2832308;-85.492828369140625;
2471442307.6934872;-85.723495483398438;
2471602564.1037436;-85.327262878417969;
2471762820.5139999;-85.59051513671875;
2471923076.9242563;-85.365913391113281;
2472083333.3345127;-85.350753784179688;
2472243589.7447691;-85.544769287109375;
2472403846.1550255;-85.21893310546875;
2472564102.5652819;-85.569671630859375;
2472724358.9755383;-85.093299865722656;
2472884615.3857946;-85.627311706542969;
2473044871.796051;-85.01422119140625;
2473205128.2063074;-85.490249633789063;
2473365384.6165643;-85.1990966796875;
2473525641.0268207;-85.327491760253906;
2473685897.437077;-85.368003845214844;
2473846153.8473334;-85.349655151367188;
2474006410.2575898;-85.5775146484375;
2474166666.6678462;-85.301155090332031;
2474326923.0781026;-85.64453125;
2474487179.488359;-85.394805908203125;
2474647435.8986154;-85.618896484375;
2474807692.3088717;-85.483001708984375;
2474967948.7191281;-85.624000549316406;
2475128205.1293845;-85.673248291015625;
2475288461.5396409;-85.573051452636719;
2475448717.9498973;-85.717887878417969;
2475608974.3601537;-85.587203979492188;
2475769230.7704101;-85.801254272460938;
2475929487.1806664;-85.692428588867187;
2476089743.5909228;-85.804412841796875;
2476250000.0011792;-85.729469299316406;
2476410256.4114356;-85.755882263183594;
2476570512.8216925;-85.756576538085938;
2476730769.2319489;-85.744125366210937;
2476891025.6422052;-85.861907958984375;
2477051282.0524616;-85.742828369140625;
2477211538.462718;-85.82281494140625;
2477371794.8729744;-85.706153869628906;
2477532051.2832308;-85.820793151855469;
2477692307.6934872;-85.7642822265625;
2477852564.1037436;-85.838203430175781;
2478012820.5139999;-85.830589294433594;
2478173076.9242563;-85.84619140625;
2478333333.3345127;-85.9031982421875;
2478493589.7447691;-85.83831787109375;
2478653846.1550255;-85.82086181640625;
2478814102.5652819;-85.808929443359375;
2478974358.9755383;-85.897262573242187;
2479134615.3857946;-85.830604553222656;
2479294871.796051;-85.846199035644531;
2479455128.2063074;-85.859954833984375;
2479615384.6165643;-85.871719360351563;
2479775641.0268207;-85.905113220214844;
2479935897.437077;-85.86773681640625;
2480096153.8473334;-85.889419555664063;
2480256410.2575898;-85.887428283691406;
2480416666.6678462;-85.911094665527344;
2480576923.0781026;-85.922927856445312;
2480737179.488359;-85.875648498535156;
2480897435.8986154;-85.889328002929688;
2481057692.3088717;-85.905136108398438;
2481217948.7191281;-85.911941528320313;
2481378205.1293845;-85.971977233886719;
2481538461.5396409;-85.979804992675781;
2481698717.9498973;-85.974411010742187;
2481858974.3601537;-85.972434997558594;
2482019230.7704101;-85.920921325683594;
2482179487.1806664;-85.911094665527344;
2482339743.5909228;-85.901229858398438;
2482500000.0011792;-85.913063049316406;
2482660256.4114356;-85.928848266601562;
2482820512.8216925;-85.924888610839844;
2482980769.2319489;-85.924896240234375;
2483141025.6422052;-85.913063049316406;
2483301282.0524616;-85.913063049316406;
2483461538.462718;-85.907150268554688;
2483621794.8729744;-85.920951843261719;
2483782051.2832308;-85.909126281738281;
2483942307.6934872;-85.922927856445312;
2484102564.1037436;-85.909095764160156;
2484262820.5139999;-85.934745788574219;
