Type;ESU;
Version;4.43;
Date;03.Jun 16;
Mode;ANALYZER;
Center Freq;2434262820.514000;Hz
Freq Offset;0.000000;Hz
Span;100000000.000000;Hz
x-Axis;LIN;
Start;2384262820.514000;Hz
Stop;2484262820.514000;Hz
Ref Level;-9.000000;dBm
Level Offset;0.000000;dB
Ref Position;100.000000;%
y-Axis;LOG;
Level Range;100.000000;dB
Rf Att;5.000000;dB
RBW;2000000.000000;Hz
VBW;50.000000;Hz
SWT;2.500000;s
Trace Mode;CLR/WRITE;
Detector;RMS;
Sweep Count;0;
Trace 1:;;
x-Unit;Hz;
y-Unit;dBm;
Values;625;
2384262820.5139999;-85.701217651367188;
2384423076.9242563;-85.725761413574219;
2384583333.3345127;-85.712265014648437;
2384743589.7447691;-85.7547607421875;
2384903846.1550255;-85.785797119140625;
2385064102.5652819;-85.735389709472656;
2385224358.9755383;-85.708412170410156;
2385384615.3857946;-85.714179992675781;
2385544871.796051;-85.721885681152344;
2385705128.2063074;-85.7296142578125;
2385865384.6165643;-85.725753784179688;
2386025641.0268207;-85.74700927734375;
2386185897.437077;-85.708412170410156;
2386346153.8473334;-85.708412170410156;
2386506410.2575898;-85.704559326171875;
2386666666.6678462;-85.711189270019531;
2386826923.0781026;-85.704833984375;
2386987179.488359;-85.671859741210938;
2387147435.8986154;-85.658248901367188;
2387307692.3088717;-85.652168273925781;
2387467948.7191281;-85.644630432128906;
2387628205.1293845;-85.654594421386719;
2387788461.5396409;-85.7412109375;
2387948717.9498973;-85.721885681152344;
2388108974.3601537;-85.72021484375;
2388269230.7704101;-85.700920104980469;
2388429487.1806664;-85.698783874511719;
2388589743.5909228;-85.712265014648437;
2388750000.0011792;-85.718040466308594;
2388910256.4114356;-85.708412170410156;
2389070512.8216925;-85.712257385253906;
2389230769.2319489;-85.704551696777344;
2389391025.6422052;-85.698776245117188;
2389551282.0524616;-85.694931030273438;
2389711538.462718;-85.718040466308594;
2389871794.8729744;-85.677635192871094;
2390032051.2832308;-85.706474304199219;
2390192307.6934872;-85.683387756347656;
2390352564.1037436;-85.689163208007813;
2390512820.5139999;-85.708412170410156;
2390673076.9242563;-85.700691223144531;
2390833333.3345127;-85.708412170410156;
2390993589.7447691;-85.735397338867188;
2391153846.1550255;-85.70648193359375;
2391314102.5652819;-85.70648193359375;
2391474358.9755383;-85.712265014648437;
2391634615.3857946;-85.68145751953125;
2391794871.796051;-85.629783630371094;
2391955128.2063074;-85.631660461425781;
2392115384.6165643;-85.68914794921875;
2392275641.0268207;-85.70648193359375;
2392435897.437077;-85.683395385742188;
2392596153.8473334;-85.719963073730469;
2392756410.2575898;-85.710334777832031;
2392916666.6678462;-85.708412170410156;
2393076923.0781026;-85.669937133789063;
2393237179.488359;-85.687240600585938;
2393397435.8986154;-85.694931030273438;
2393557692.3088717;-85.712257385253906;
2393717948.7191281;-85.681480407714844;
2393878205.1293845;-85.685317993164063;
2394038461.5396409;-85.702629089355469;
2394198717.9498973;-85.702629089355469;
2394358974.3601537;-85.666755676269531;
2394519230.7704101;-85.678459167480469;
2394679487.1806664;-85.683815002441406;
2394839743.5909228;-85.704833984375;
2395000000.0011792;-85.685523986816406;
2395160256.4114356;-85.710334777832031;
2395320512.8216925;-85.698234558105469;
2395480769.2319489;-85.687232971191406;
2395641025.6422052;-85.674049377441406;
2395801282.0524616;-85.688957214355469;
2395961538.462718;-85.676261901855469;
2396121794.8729744;-85.707763671875;
2396282051.2832308;-85.702629089355469;
2396442307.6934872;-85.646965026855469;
2396602564.1037436;-85.633598327636719;
2396762820.5139999;-85.645072937011719;
2396923076.9242563;-85.650810241699219;
2397083333.3345127;-85.63360595703125;
2397243589.7447691;-85.627876281738281;
2397403846.1550255;-85.639320373535156;
2397564102.5652819;-85.666053771972656;
2397724358.9755383;-85.708404541015625;
2397884615.3857946;-85.650787353515625;
2398044871.796051;-85.608802795410156;
2398205128.2063074;-85.610710144042969;
2398365384.6165643;-85.620246887207031;
2398525641.0268207;-85.637405395507813;
2398685897.437077;-85.62786865234375;
2398846153.8473334;-85.64501953125;
2399006410.2575898;-85.687240600585938;
2399166666.6678462;-85.677635192871094;
2399326923.0781026;-85.641212463378906;
2399487179.488359;-85.622146606445313;
2399647435.8986154;-85.5916748046875;
2399807692.3088717;-85.618331909179687;
2399967948.7191281;-85.616432189941406;
2400128205.1293845;-85.620246887207031;
2400288461.5396409;-85.614517211914062;
2400448717.9498973;-85.618339538574219;
2400608974.3601537;-85.614517211914062;
2400769230.7704101;-85.616424560546875;
2400929487.1806664;-85.616432189941406;
2401089743.5909228;-85.624053955078125;
2401250000.0011792;-85.625961303710938;
2401410256.4114356;-85.616432189941406;
2401570512.8216925;-85.612617492675781;
2401730769.2319489;-85.616432189941406;
2401891025.6422052;-85.629776000976563;
2402051282.0524616;-85.614524841308594;
2402211538.462718;-85.631690979003906;
2402371794.8729744;-85.635505676269531;
2402532051.2832308;-85.622154235839844;
2402692307.6934872;-85.620231628417969;
2402852564.1037436;-85.635513305664063;
2403012820.5139999;-85.618339538574219;
2403173076.9242563;-85.62786865234375;
2403333333.3345127;-85.631683349609375;
2403493589.7447691;-85.631690979003906;
2403653846.1550255;-85.614524841308594;
2403814102.5652819;-85.608802795410156;
2403974358.9755383;-85.635498046875;
2404134615.3857946;-85.660377502441406;
2404294871.796051;-85.629776000976563;
2404455128.2063074;-85.622154235839844;
2404615384.6165643;-85.645072937011719;
2404775641.0268207;-85.620231628417969;
2404935897.437077;-85.620223999023437;
2405096153.8473334;-85.620246887207031;
2405256410.2575898;-85.631690979003906;
2405416666.6678462;-85.648880004882813;
2405576923.0781026;-85.633590698242188;
2405737179.488359;-85.639328002929688;
2405897435.8986154;-85.658462524414062;
2406057692.3088717;-85.624061584472656;
2406217948.7191281;-85.637413024902344;
2406378205.1293845;-85.637405395507813;
2406538461.5396409;-85.627861022949219;
2406698717.9498973;-85.637367248535156;
2406858974.3601537;-85.637420654296875;
2407019230.7704101;-85.629753112792969;
2407179487.1806664;-85.639328002929688;
2407339743.5909228;-85.624061584472656;
2407500000.0011792;-85.654579162597656;
2407660256.4114356;-85.694923400878906;
2407820512.8216925;-85.668045043945313;
2407980769.2319489;-85.643150329589844;
2408141025.6422052;-85.622154235839844;
2408301282.0524616;-85.627876281738281;
2408461538.462718;-85.622154235839844;
2408621794.8729744;-85.618339538574219;
2408782051.2832308;-85.631683349609375;
2408942307.6934872;-85.62786865234375;
2409102564.1037436;-85.669967651367188;
2409262820.5139999;-85.616416931152344;
2409423076.9242563;-85.675689697265625;
2409583333.3345127;-85.704551696777344;
2409743589.7447691;-85.708404541015625;
2409903846.1550255;-85.698776245117188;
2410064102.5652819;-85.708404541015625;
2410224358.9755383;-85.683380126953125;
2410384615.3857946;-85.681465148925781;
2410544871.796051;-85.696853637695313;
2410705128.2063074;-85.696861267089844;
2410865384.6165643;-85.706474304199219;
2411025641.0268207;-85.702629089355469;
2411185897.437077;-85.683395385742188;
2411346153.8473334;-85.70648193359375;
2411506410.2575898;-85.673385620117188;
2411666666.6678462;-85.70263671875;
2411826923.0781026;-85.675712585449219;
2411987179.488359;-85.671882629394531;
2412147435.8986154;-85.712265014648437;
2412307692.3088717;-85.704551696777344;
2412467948.7191281;-85.704551696777344;
2412628205.1293845;-85.698776245117188;
2412788461.5396409;-85.706466674804688;
2412948717.9498973;-85.706474304199219;
2413108974.3601537;-85.704818725585937;
2413269230.7704101;-85.637413024902344;
2413429487.1806664;-85.658462524414062;
2413589743.5909228;-85.679557800292969;
2413750000.0011792;-85.683387756347656;
2413910256.4114356;-85.675712585449219;
2414070512.8216925;-85.704559326171875;
2414230769.2319489;-85.658462524414062;
2414391025.6422052;-85.641250610351563;
2414551282.0524616;-85.683372497558594;
2414711538.462718;-85.704551696777344;
2414871794.8729744;-85.685317993164063;
2415032051.2832308;-85.693000793457031;
2415192307.6934872;-85.718040466308594;
2415352564.1037436;-85.70648193359375;
2415512820.5139999;-85.704818725585937;
2415673076.9242563;-85.711189270019531;
2415833333.3345127;-85.722450256347656;
2415993589.7447691;-85.702629089355469;
2416153846.1550255;-85.698783874511719;
2416314102.5652819;-85.669952392578125;
2416474358.9755383;-85.673797607421875;
2416634615.3857946;-85.704551696777344;
2416794871.796051;-85.671890258789063;
2416955128.2063074;-85.681472778320312;
2417115384.6165643;-85.641242980957031;
2417275641.0268207;-85.635513305664063;
2417435897.437077;-85.669960021972656;
2417596153.8473334;-85.702629089355469;
2417756410.2575898;-85.687232971191406;
2417916666.6678462;-85.704551696777344;
2418076923.0781026;-85.667495727539063;
2418237179.488359;-85.683364868164062;
2418397435.8986154;-85.702613830566406;
2418557692.3088717;-85.689155578613281;
2418717948.7191281;-85.710334777832031;
2418878205.1293845;-85.687240600585938;
2419038461.5396409;-85.694923400878906;
2419198717.9498973;-85.664192199707031;
2419358974.3601537;-85.652702331542969;
2419519230.7704101;-85.691085815429687;
2419679487.1806664;-85.704551696777344;
2419839743.5909228;-85.704559326171875;
2420000000.0011792;-85.671844482421875;
2420160256.4114356;-85.679542541503906;
2420320512.8216925;-85.726852416992188;
2420480769.2319489;-85.698776245117188;
2420641025.6422052;-85.68719482421875;
2420801282.0524616;-85.639320373535156;
2420961538.462718;-85.673797607421875;
2421121794.8729744;-85.708412170410156;
2421282051.2832308;-85.68145751953125;
2421442307.6934872;-85.694931030273438;
2421602564.1037436;-85.685317993164063;
2421762820.5139999;-85.704551696777344;
2421923076.9242563;-85.669929504394531;
2422083333.3345127;-85.664207458496094;
2422243589.7447691;-85.680656433105469;
2422403846.1550255;-85.710334777832031;
2422564102.5652819;-85.694915771484375;
2422724358.9755383;-85.662300109863281;
2422884615.3857946;-85.633583068847656;
2423044871.796051;-85.685249328613281;
2423205128.2063074;-85.710334777832031;
2423365384.6165643;-85.718040466308594;
2423525641.0268207;-85.683403015136719;
2423685897.437077;-85.704559326171875;
2423846153.8473334;-85.677627563476562;
2424006410.2575898;-85.716110229492188;
2424166666.6678462;-85.710334777832031;
2424326923.0781026;-85.702629089355469;
2424487179.488359;-85.716110229492188;
2424647435.8986154;-85.708396911621094;
2424807692.3088717;-85.719970703125;
2424967948.7191281;-85.712265014648437;
2425128205.1293845;-85.693824768066406;
2425288461.5396409;-85.670181274414063;
2425448717.9498973;-85.700698852539063;
2425608974.3601537;-85.712265014648437;
2425769230.7704101;-85.714187622070313;
2425929487.1806664;-85.729621887207031;
2426089743.5909228;-85.714179992675781;
2426250000.0011792;-85.710334777832031;
2426410256.4114356;-85.70648193359375;
2426570512.8216925;-85.713638305664063;
2426730769.2319489;-85.714187622070313;
2426891025.6422052;-85.714187622070313;
2427051282.0524616;-85.718025207519531;
2427211538.462718;-85.719970703125;
2427371794.8729744;-85.712265014648437;
2427532051.2832308;-85.706459045410156;
2427692307.6934872;-85.74700927734375;
2427852564.1037436;-85.729606628417969;
2428012820.5139999;-85.696029663085938;
2428173076.9242563;-85.6717529296875;
2428333333.3345127;-85.643150329589844;
2428493589.7447691;-85.54571533203125;
2428653846.1550255;-85.578361511230469;
2428814102.5652819;-85.201316833496094;
2428974358.9755383;-85.347984313964844;
2429134615.3857946;-84.520736694335937;
2429294871.796051;-84.749961853027344;
2429455128.2063074;-83.096626281738281;
2429615384.6165643;-83.077507019042969;
2429775641.0268207;-80.865081787109375;
2429935897.437077;-80.484840393066406;
2430096153.8473334;-77.836616516113281;
2430256410.2575898;-77.115005493164062;
2430416666.6678462;-74.555519104003906;
2430576923.0781026;-73.671424865722656;
2430737179.488359;-70.817596435546875;
2430897435.8986154;-70.422927856445313;
2431057692.3088717;-67.585563659667969;
2431217948.7191281;-67.084716796875;
2431378205.1293845;-64.108963012695312;
2431538461.5396409;-63.349700927734375;
2431698717.9498973;-61.453582763671875;
2431858974.3601537;-60.532066345214844;
2432019230.7704101;-57.989429473876953;
2432179487.1806664;-56.876960754394531;
2432339743.5909228;-55.159660339355469;
2432500000.0011792;-54.385505676269531;
2432660256.4114356;-52.515697479248047;
2432820512.8216925;-51.17425537109375;
2432980769.2319489;-49.717647552490234;
2433141025.6422052;-48.843330383300781;
2433301282.0524616;-48.019649505615234;
2433461538.462718;-46.627658843994141;
2433621794.8729744;-45.443946838378906;
2433782051.2832308;-44.707271575927734;
2433942307.6934872;-44.273677825927734;
2434102564.1037436;-43.893795013427734;
2434262820.5139999;-42.992301940917969;
2434423076.9242563;-42.797389984130859;
2434583333.3345127;-42.601112365722656;
2434743589.7447691;-43.087318420410156;
2434903846.1550255;-42.864688873291016;
2435064102.5652819;-43.503875732421875;
2435224358.9755383;-43.766227722167969;
2435384615.3857946;-44.780330657958984;
2435544871.796051;-45.390285491943359;
2435705128.2063074;-46.125694274902344;
2435865384.6165643;-47.198337554931641;
2436025641.0268207;-48.479110717773438;
2436185897.437077;-49.564651489257813;
2436346153.8473334;-50.513828277587891;
2436506410.2575898;-51.4652099609375;
2436666666.6678462;-53.267208099365234;
2436826923.0781026;-54.820308685302734;
2436987179.488359;-55.841602325439453;
2437147435.8986154;-56.825656890869141;
2437307692.3088717;-57.788806915283203;
2437467948.7191281;-59.872875213623047;
2437628205.1293845;-61.279483795166016;
2437788461.5396409;-62.6224365234375;
2437948717.9498973;-63.207611083984375;
2438108974.3601537;-64.588310241699219;
2438269230.7704101;-66.503868103027344;
2438429487.1806664;-68.3646240234375;
2438589743.5909228;-68.97979736328125;
2438750000.0011792;-70.349349975585937;
2438910256.4114356;-71.106407165527344;
2439070512.8216925;-73.544319152832031;
2439230769.2319489;-74.741859436035156;
2439391025.6422052;-75.884391784667969;
2439551282.0524616;-76.683242797851562;
2439711538.462718;-78.209938049316406;
2439871794.8729744;-80.086074829101563;
2440032051.2832308;-81.249298095703125;
2440192307.6934872;-81.969673156738281;
2440352564.1037436;-82.908744812011719;
2440512820.5139999;-83.721466064453125;
2440673076.9242563;-84.645050048828125;
2440833333.3345127;-85.003334045410156;
2440993589.7447691;-85.1904296875;
2441153846.1550255;-85.364540100097656;
2441314102.5652819;-85.538566589355469;
2441474358.9755383;-85.650749206542969;
2441634615.3857946;-85.689163208007813;
2441794871.796051;-85.696861267089844;
2441955128.2063074;-85.716117858886719;
2442115384.6165643;-85.723823547363281;
2442275641.0268207;-85.709236145019531;
2442435897.437077;-85.723831176757813;
2442596153.8473334;-85.737342834472656;
2442756410.2575898;-85.733489990234375;
2442916666.6678462;-85.704551696777344;
2443076923.0781026;-85.719970703125;
2443237179.488359;-85.68914794921875;
2443397435.8986154;-85.702583312988281;
2443557692.3088717;-85.710319519042969;
2443717948.7191281;-85.70648193359375;
2443878205.1293845;-85.706474304199219;
2444038461.5396409;-85.719970703125;
2444198717.9498973;-85.706474304199219;
2444358974.3601537;-85.747001647949219;
2444519230.7704101;-85.752799987792969;
2444679487.1806664;-85.696861267089844;
2444839743.5909228;-85.704536437988281;
2445000000.0011792;-85.641220092773438;
2445160256.4114356;-85.610710144042969;
2445320512.8216925;-85.595481872558594;
2445480769.2319489;-85.603096008300781;
2445641025.6422052;-85.536972045898437;
2445801282.0524616;-85.398002624511719;
2445961538.462718;-85.272598266601563;
2446121794.8729744;-85.06231689453125;
2446282051.2832308;-84.815528869628906;
2446442307.6934872;-84.503013610839844;
2446602564.1037436;-84.120079040527344;
2446762820.5139999;-83.643997192382813;
2446923076.9242563;-83.164100646972656;
2447083333.3345127;-82.881500244140625;
2447243589.7447691;-82.02386474609375;
2447403846.1550255;-81.378273010253906;
2447564102.5652819;-81.824020385742187;
2447724358.9755383;-82.880516052246094;
2447884615.3857946;-80.063575744628906;
2448044871.796051;-78.681716918945313;
2448205128.2063074;-78.560569763183594;
2448365384.6165643;-78.340354919433594;
2448525641.0268207;-76.923088073730469;
2448685897.437077;-76.090362548828125;
2448846153.8473334;-76.896163940429688;
2449006410.2575898;-79.40118408203125;
2449166666.6678462;-81.908416748046875;
2449326923.0781026;-82.755889892578125;
2449487179.488359;-79.386825561523438;
2449647435.8986154;-80.201820373535156;
2449807692.3088717;-82.06640625;
2449967948.7191281;-81.575950622558594;
2450128205.1293845;-79.085487365722656;
2450288461.5396409;-80.783378601074219;
2450448717.9498973;-82.342041015625;
2450608974.3601537;-84.197380065917969;
2450769230.7704101;-79.207672119140625;
2450929487.1806664;-77.618385314941406;
2451089743.5909228;-80.413520812988281;
2451250000.0011792;-82.269332885742188;
2451410256.4114356;-82.852203369140625;
2451570512.8216925;-79.758331298828125;
2451730769.2319489;-77.379753112792969;
2451891025.6422052;-79.133255004882813;
2452051282.0524616;-81.680633544921875;
2452211538.462718;-84.489944458007812;
2452371794.8729744;-81.357673645019531;
2452532051.2832308;-82.939109802246094;
2452692307.6934872;-79.720413208007812;
2452852564.1037436;-76.796112060546875;
2453012820.5139999;-80.4462890625;
2453173076.9242563;-83.5008544921875;
2453333333.3345127;-85.138748168945313;
2453493589.7447691;-81.498626708984375;
2453653846.1550255;-74.305122375488281;
2453814102.5652819;-77.180099487304688;
2453974358.9755383;-82.48651123046875;
2454134615.3857946;-84.804313659667969;
2454294871.796051;-82.948112487792969;
2454455128.2063074;-84.352371215820313;
2454615384.6165643;-85.33917236328125;
2454775641.0268207;-85.062896728515625;
2454935897.437077;-83.1422119140625;
2455096153.8473334;-85.056556701660156;
2455256410.2575898;-85.602806091308594;
2455416666.6678462;-85.593887329101563;
2455576923.0781026;-76.697059631347656;
2455737179.488359;-73.433319091796875;
2455897435.8986154;-76.075775146484375;
2456057692.3088717;-80.223411560058594;
2456217948.7191281;-79.691787719726563;
2456378205.1293845;-76.305267333984375;
2456538461.5396409;-74.555076599121094;
2456698717.9498973;-76.349533081054688;
2456858974.3601537;-80.329803466796875;
2457019230.7704101;-80.779464721679687;
2457179487.1806664;-81.722831726074219;
2457339743.5909228;-82.328529357910156;
2457500000.0011792;-84.855926513671875;
2457660256.4114356;-85.560539245605469;
2457820512.8216925;-81.899131774902344;
2457980769.2319489;-81.568931579589844;
2458141025.6422052;-84.237380981445313;
2458301282.0524616;-85.405281066894531;
2458461538.462718;-85.354606628417969;
2458621794.8729744;-85.45074462890625;
2458782051.2832308;-84.011550903320313;
2458942307.6934872;-82.723609924316406;
2459102564.1037436;-84.85821533203125;
2459262820.5139999;-84.807823181152344;
2459423076.9242563;-84.128707885742187;
2459583333.3345127;-85.375526428222656;
2459743589.7447691;-85.656387329101563;
2459903846.1550255;-85.772125244140625;
2460064102.5652819;-84.832275390625;
2460224358.9755383;-84.371810913085938;
2460384615.3857946;-85.042251586914063;
2460544871.796051;-85.317909240722656;
2460705128.2063074;-85.606826782226563;
2460865384.6165643;-85.752464294433594;
2461025641.0268207;-85.725440979003906;
2461185897.437077;-85.768218994140625;
2461346153.8473334;-85.681228637695313;
2461506410.2575898;-85.625961303710938;
2461666666.6678462;-85.691055297851563;
2461826923.0781026;-85.842262268066406;
2461987179.488359;-85.848220825195313;
2462147435.8986154;-85.8677978515625;
2462307692.3088717;-85.83648681640625;
2462467948.7191281;-85.856048583984375;
2462628205.1293845;-85.899269104003906;
2462788461.5396409;-85.913063049316406;
2462948717.9498973;-85.913063049316406;
2463108974.3601537;-85.907150268554688;
2463269230.7704101;-85.861892700195313;
2463429487.1806664;-85.85015869140625;
2463589743.5909228;-85.84234619140625;
2463750000.0011792;-85.881546020507813;
2463910256.4114356;-85.911094665527344;
2464070512.8216925;-85.93280029296875;
2464230769.2319489;-85.9012451171875;
2464391025.6422052;-85.9031982421875;
2464551282.0524616;-85.905174255371094;
2464711538.462718;-85.9012451171875;
2464871794.8729744;-85.928855895996094;
2465032051.2832308;-85.907142639160156;
2465192307.6934872;-85.897285461425781;
2465352564.1037436;-85.848213195800781;
2465512820.5139999;-85.895332336425781;
2465673076.9242563;-85.932807922363281;
2465833333.3345127;-85.89532470703125;
2465993589.7447691;-85.875679016113281;
2466153846.1550255;-85.918983459472656;
2466314102.5652819;-85.901229858398438;
2466474358.9755383;-85.913063049316406;
2466634615.3857946;-85.917007446289062;
2466794871.796051;-85.918983459472656;
2466955128.2063074;-85.905174255371094;
2467115384.6165643;-85.940666198730469;
2467275641.0268207;-85.956527709960938;
2467435897.437077;-85.917007446289062;
2467596153.8473334;-85.901229858398438;
2467756410.2575898;-85.942703247070313;
2467916666.6678462;-85.922920227050781;
2468076923.0781026;-85.887184143066406;
2468237179.488359;-85.908683776855469;
2468397435.8986154;-85.92095947265625;
2468557692.3088717;-85.908676147460938;
2468717948.7191281;-85.936752319335937;
2468878205.1293845;-85.915695190429687;
2469038461.5396409;-85.909683227539062;
2469198717.9498973;-85.893348693847656;
2469358974.3601537;-85.883522033691406;
2469519230.7704101;-85.893363952636719;
2469679487.1806664;-85.895317077636719;
2469839743.5909228;-85.879570007324219;
2470000000.0011792;-85.907150268554688;
2470160256.4114356;-85.913063049316406;
2470320512.8216925;-85.913063049316406;
2470480769.2319489;-85.928840637207031;
2470641025.6422052;-85.90911865234375;
2470801282.0524616;-85.899261474609375;
2470961538.462718;-85.90911865234375;
2471121794.8729744;-85.895309448242188;
2471282051.2832308;-85.850181579589844;
2471442307.6934872;-85.893348693847656;
2471602564.1037436;-85.87762451171875;
2471762820.5139999;-85.891395568847656;
2471923076.9242563;-85.913063049316406;
2472083333.3345127;-85.895332336425781;
2472243589.7447691;-85.905174255371094;
2472403846.1550255;-85.877639770507813;
2472564102.5652819;-85.893356323242187;
2472724358.9755383;-85.8638916015625;
2472884615.3857946;-85.895263671875;
2473044871.796051;-85.824752807617188;
2473205128.2063074;-85.828659057617188;
2473365384.6165643;-85.828666687011719;
2473525641.0268207;-85.818901062011719;
2473685897.437077;-85.83258056640625;
2473846153.8473334;-85.824760437011719;
2474006410.2575898;-85.832572937011719;
2474166666.6678462;-85.832565307617188;
2474326923.0781026;-85.82672119140625;
2474487179.488359;-85.875663757324219;
2474647435.8986154;-85.907150268554688;
2474807692.3088717;-85.907150268554688;
2474967948.7191281;-85.909126281738281;
2475128205.1293845;-85.877632141113281;
2475288461.5396409;-85.83648681640625;
2475448717.9498973;-85.81890869140625;
2475608974.3601537;-85.854072570800781;
2475769230.7704101;-85.887466430664063;
2475929487.1806664;-85.861930847167969;
2476089743.5909228;-85.858016967773438;
2476250000.0011792;-85.877632141113281;
2476410256.4114356;-85.83648681640625;
2476570512.8216925;-85.824737548828125;
2476730769.2319489;-85.856025695800781;
2476891025.6422052;-85.853530883789063;
2477051282.0524616;-85.809371948242188;
2477211538.462718;-85.804412841796875;
2477371794.8729744;-85.81890869140625;
2477532051.2832308;-85.822807312011719;
2477692307.6934872;-85.824760437011719;
2477852564.1037436;-85.815010070800781;
2478012820.5139999;-85.82281494140625;
2478173076.9242563;-85.820854187011719;
2478333333.3345127;-85.815010070800781;
2478493589.7447691;-85.82281494140625;
2478653846.1550255;-85.82476806640625;
2478814102.5652819;-85.832572937011719;
2478974358.9755383;-85.826705932617188;
2479134615.3857946;-85.801368713378906;
2479294871.796051;-85.815010070800781;
2479455128.2063074;-85.85015869140625;
2479615384.6165643;-85.852119445800781;
2479775641.0268207;-85.836471557617188;
2479935897.437077;-85.824752807617188;
2480096153.8473334;-85.859931945800781;
2480256410.2575898;-85.897285461425781;
2480416666.6678462;-85.9150390625;
2480576923.0781026;-85.924911499023438;
2480737179.488359;-85.913063049316406;
2480897435.8986154;-85.905174255371094;
2481057692.3088717;-85.905174255371094;
2481217948.7191281;-85.911094665527344;
2481378205.1293845;-85.901237487792969;
2481538461.5396409;-85.917015075683594;
2481698717.9498973;-85.911941528320313;
2481858974.3601537;-85.911094665527344;
2482019230.7704101;-85.9268798828125;
2482179487.1806664;-85.90911865234375;
2482339743.5909228;-85.891380310058594;
2482500000.0011792;-85.897285461425781;
2482660256.4114356;-85.911094665527344;
2482820512.8216925;-85.907150268554688;
2482980769.2319489;-85.930831909179687;
2483141025.6422052;-85.917007446289062;
2483301282.0524616;-85.907150268554688;
2483461538.462718;-85.918983459472656;
2483621794.8729744;-85.932792663574219;
2483782051.2832308;-85.905166625976563;
2483942307.6934872;-85.911079406738281;
2484102564.1037436;-85.909103393554688;
2484262820.5139999;-85.901206970214844;
