Type;ESU;
Version;4.43;
Date;03.Jun 16;
Mode;ANALYZER;
Center Freq;2434262820.514000;Hz
Freq Offset;0.000000;Hz
Span;100000000.000000;Hz
x-Axis;LIN;
Start;2384262820.514000;Hz
Stop;2484262820.514000;Hz
Ref Level;-8.000000;dBm
Level Offset;0.000000;dB
Ref Position;100.000000;%
y-Axis;LOG;
Level Range;100.000000;dB
Rf Att;5.000000;dB
RBW;2000000.000000;Hz
VBW;50.000000;Hz
SWT;2.500000;s
Trace Mode;CLR/WRITE;
Detector;RMS;
Sweep Count;0;
Trace 1:;;
x-Unit;Hz;
y-Unit;dBm;
Values;625;
2384262820.5139999;-85.635841369628906;
2384423076.9242563;-85.641387939453125;
2384583333.3345127;-85.674667358398438;
2384743589.7447691;-85.639480590820312;
2384903846.1550255;-85.6473388671875;
2385064102.5652819;-85.647651672363281;
2385224358.9755383;-85.64520263671875;
2385384615.3857946;-85.649497985839844;
2385544871.796051;-85.645187377929688;
2385705128.2063074;-85.630165100097656;
2385865384.6165643;-85.67742919921875;
2386025641.0268207;-85.636619567871094;
2386185897.437077;-85.649490356445313;
2386346153.8473334;-85.638748168945313;
2386506410.2575898;-85.615203857421875;
2386666666.6678462;-85.640892028808594;
2386826923.0781026;-85.625900268554688;
2386987179.488359;-85.619483947753906;
2387147435.8986154;-85.570419311523438;
2387307692.3088717;-85.615188598632812;
2387467948.7191281;-85.630172729492188;
2387628205.1293845;-85.634468078613281;
2387788461.5396409;-85.628044128417969;
2387948717.9498973;-85.602371215820313;
2388108974.3601537;-85.617317199707031;
2388269230.7704101;-85.578857421875;
2388429487.1806664;-85.608787536621094;
2388589743.5909228;-85.568275451660156;
2388750000.0011792;-85.602287292480469;
2388910256.4114356;-85.572479248046875;
2389070512.8216925;-85.542587280273437;
2389230769.2319489;-85.576797485351563;
2389391025.6422052;-85.553314208984375;
2389551282.0524616;-85.564041137695313;
2389711538.462718;-85.48345947265625;
2389871794.8729744;-85.580787658691406;
2390032051.2832308;-85.50042724609375;
2390192307.6934872;-85.489471435546875;
2390352564.1037436;-85.491935729980469;
2390512820.5139999;-85.432456970214844;
2390673076.9242563;-85.475105285644531;
2390833333.3345127;-85.345077514648438;
2390993589.7447691;-85.502456665039063;
2391153846.1550255;-85.382644653320313;
2391314102.5652819;-85.489013671875;
2391474358.9755383;-85.336509704589844;
2391634615.3857946;-85.379730224609375;
2391794871.796051;-85.328369140625;
2391955128.2063074;-85.205085754394531;
2392115384.6165643;-85.38067626953125;
2392275641.0268207;-85.112289428710937;
2392435897.437077;-85.405815124511719;
2392596153.8473334;-85.028068542480469;
2392756410.2575898;-85.381668090820313;
2392916666.6678462;-85.122726440429688;
2393076923.0781026;-85.2891845703125;
2393237179.488359;-85.196128845214844;
2393397435.8986154;-85.180519104003906;
2393557692.3088717;-85.244041442871094;
2393717948.7191281;-85.17352294921875;
2393878205.1293845;-85.289108276367188;
2394038461.5396409;-85.160354614257812;
2394198717.9498973;-85.38458251953125;
2394358974.3601537;-85.163368225097656;
2394519230.7704101;-85.435165405273438;
2394679487.1806664;-85.225616455078125;
2394839743.5909228;-85.42864990234375;
2395000000.0011792;-85.2681884765625;
2395160256.4114356;-85.3841552734375;
2395320512.8216925;-85.411979675292969;
2395480769.2319489;-85.394668579101563;
2395641025.6422052;-85.46026611328125;
2395801282.0524616;-85.38665771484375;
2395961538.462718;-85.502609252929688;
2396121794.8729744;-85.378677368164062;
2396282051.2832308;-85.496170043945313;
2396442307.6934872;-85.368270874023437;
2396602564.1037436;-85.4769287109375;
2396762820.5139999;-85.433128356933594;
2396923076.9242563;-85.430809020996094;
2397083333.3345127;-85.483482360839844;
2397243589.7447691;-85.445465087890625;
2397403846.1550255;-85.506759643554688;
2397564102.5652819;-85.455757141113281;
2397724358.9755383;-85.460212707519531;
2397884615.3857946;-85.388893127441406;
2398044871.796051;-85.486373901367188;
2398205128.2063074;-85.499259948730469;
2398365384.6165643;-85.474937438964844;
2398525641.0268207;-85.453598022460938;
2398685897.437077;-85.460418701171875;
2398846153.8473334;-85.504684448242188;
2399006410.2575898;-85.443565368652344;
2399166666.6678462;-85.549163818359375;
2399326923.0781026;-85.466712951660156;
2399487179.488359;-85.530075073242188;
2399647435.8986154;-85.431137084960938;
2399807692.3088717;-85.456275939941406;
2399967948.7191281;-85.483573913574219;
2400128205.1293845;-85.504669189453125;
2400288461.5396409;-85.515281677246094;
2400448717.9498973;-85.498336791992187;
2400608974.3601537;-85.492073059082031;
2400769230.7704101;-85.443649291992188;
2400929487.1806664;-85.517379760742188;
2401089743.5909228;-85.479331970214844;
2401250000.0011792;-85.527931213378906;
2401410256.4114356;-85.458396911621094;
2401570512.8216925;-85.4583740234375;
2401730769.2319489;-85.462593078613281;
2401891025.6422052;-85.449981689453125;
2402051282.0524616;-85.460502624511719;
2402211538.462718;-85.420585632324219;
2402371794.8729744;-85.515266418457031;
2402532051.2832308;-85.481513977050781;
2402692307.6934872;-85.515266418457031;
2402852564.1037436;-85.489921569824219;
2403012820.5139999;-85.513107299804688;
2403173076.9242563;-85.517387390136719;
2403333333.3345127;-85.477195739746094;
2403493589.7447691;-85.517379760742188;
2403653846.1550255;-85.475128173828125;
2403814102.5652819;-85.502593994140625;
2403974358.9755383;-85.466751098632813;
2404134615.3857946;-85.508880615234375;
2404294871.796051;-85.498329162597656;
2404455128.2063074;-85.49407958984375;
2404615384.6165643;-85.49835205078125;
2404775641.0268207;-85.516426086425781;
2404935897.437077;-85.533126831054688;
2405096153.8473334;-85.490150451660156;
2405256410.2575898;-85.506591796875;
2405416666.6678462;-85.487152099609375;
2405576923.0781026;-85.497573852539062;
2405737179.488359;-85.525856018066406;
2405897435.8986154;-85.489906311035156;
2406057692.3088717;-85.561920166015625;
2406217948.7191281;-85.466781616210937;
2406378205.1293845;-85.536422729492188;
2406538461.5396409;-85.534317016601563;
2406698717.9498973;-85.51312255859375;
2406858974.3601537;-85.502586364746094;
2407019230.7704101;-85.48779296875;
2407179487.1806664;-85.502593994140625;
2407339743.5909228;-85.502578735351563;
2407500000.0011792;-85.542808532714844;
2407660256.4114356;-85.485649108886719;
2407820512.8216925;-85.553359985351563;
2407980769.2319489;-85.523658752441406;
2408141025.6422052;-85.544906616210937;
2408301282.0524616;-85.551284790039063;
2408461538.462718;-85.49835205078125;
2408621794.8729744;-85.53857421875;
2408782051.2832308;-85.472984313964844;
2408942307.6934872;-85.532188415527344;
2409102564.1037436;-85.466751098632813;
2409262820.5139999;-85.491928100585938;
2409423076.9242563;-85.458366394042969;
2409583333.3345127;-85.487663269042969;
2409743589.7447691;-85.4962158203125;
2409903846.1550255;-85.504676818847656;
2410064102.5652819;-85.54278564453125;
2410224358.9755383;-85.504692077636719;
2410384615.3857946;-85.527931213378906;
2410544871.796051;-85.481498718261719;
2410705128.2063074;-85.485649108886719;
2410865384.6165643;-85.540634155273438;
2411025641.0268207;-85.515235900878906;
2411185897.437077;-85.553413391113281;
2411346153.8473334;-85.489921569824219;
2411506410.2575898;-85.534317016601563;
2411666666.6678462;-85.557586669921875;
2411826923.0781026;-85.544891357421875;
2411987179.488359;-85.568199157714844;
2412147435.8986154;-85.557670593261719;
2412307692.3088717;-85.536392211914062;
2412467948.7191281;-85.540695190429687;
2412628205.1293845;-85.523658752441406;
2412788461.5396409;-85.566146850585937;
2412948717.9498973;-85.538566589355469;
2413108974.3601537;-85.587448120117188;
2413269230.7704101;-85.589591979980469;
2413429487.1806664;-85.55975341796875;
2413589743.5909228;-85.549179077148438;
2413750000.0011792;-85.519493103027344;
2413910256.4114356;-85.547042846679688;
2414070512.8216925;-85.540687561035156;
2414230769.2319489;-85.562217712402344;
2414391025.6422052;-85.568290710449219;
2414551282.0524616;-85.525840759277344;
2414711538.462718;-85.553413391113281;
2414871794.8729744;-85.527961730957031;
2415032051.2832308;-85.536453247070313;
2415192307.6934872;-85.530067443847656;
2415352564.1037436;-85.583175659179688;
2415512820.5139999;-85.581047058105469;
2415673076.9242563;-85.617347717285156;
2415833333.3345127;-85.576812744140625;
2415993589.7447691;-85.50677490234375;
2416153846.1550255;-85.542816162109375;
2416314102.5652819;-85.54705810546875;
2416474358.9755383;-85.544929504394531;
2416634615.3857946;-85.537971496582031;
2416794871.796051;-85.572525024414063;
2416955128.2063074;-85.534332275390625;
2417115384.6165643;-85.53009033203125;
2417275641.0268207;-85.538566589355469;
2417435897.437077;-85.525856018066406;
2417596153.8473334;-85.559791564941406;
2417756410.2575898;-85.547035217285156;
2417916666.6678462;-85.53857421875;
2418076923.0781026;-85.532211303710937;
2418237179.488359;-85.544929504394531;
2418397435.8986154;-85.534309387207031;
2418557692.3088717;-85.555458068847656;
2418717948.7191281;-85.549140930175781;
2418878205.1293845;-85.537887573242188;
2419038461.5396409;-85.525840759277344;
2419198717.9498973;-85.513160705566406;
2419358974.3601537;-85.536453247070313;
2419519230.7704101;-85.555549621582031;
2419679487.1806664;-85.532211303710937;
2419839743.5909228;-85.504707336425781;
2420000000.0011792;-85.542808532714844;
2420160256.4114356;-85.53857421875;
2420320512.8216925;-85.536453247070313;
2420480769.2319489;-85.54705810546875;
2420641025.6422052;-85.519500732421875;
2420801282.0524616;-85.540695190429687;
2420961538.462718;-85.547050476074219;
2421121794.8729744;-85.535545349121094;
2421282051.2832308;-85.513137817382812;
2421442307.6934872;-85.513175964355469;
2421602564.1037436;-85.544883728027344;
2421762820.5139999;-85.589576721191406;
2421923076.9242563;-85.540679931640625;
2422083333.3345127;-85.534263610839844;
2422243589.7447691;-85.53643798828125;
2422403846.1550255;-85.527961730957031;
2422564102.5652819;-85.549156188964844;
2422724358.9755383;-85.544914245605469;
2422884615.3857946;-85.534332275390625;
2423044871.796051;-85.537948608398438;
2423205128.2063074;-85.559791564941406;
2423365384.6165643;-85.542762756347656;
2423525641.0268207;-85.561813354492188;
2423685897.437077;-85.525856018066406;
2423846153.8473334;-85.574615478515625;
2424006410.2575898;-85.559768676757812;
2424166666.6678462;-85.538520812988281;
2424326923.0781026;-85.553390502929688;
2424487179.488359;-85.52581787109375;
2424647435.8986154;-85.53009033203125;
2424807692.3088717;-85.534309387207031;
2424967948.7191281;-85.551216125488281;
2425128205.1293845;-85.540679931640625;
2425288461.5396409;-85.513145446777344;
2425448717.9498973;-85.53009033203125;
2425608974.3601537;-85.506790161132813;
2425769230.7704101;-85.511039733886719;
2425929487.1806664;-85.445785522460938;
2426089743.5909228;-85.464653015136719;
2426250000.0011792;-85.42694091796875;
2426410256.4114356;-85.385032653808594;
2426570512.8216925;-85.399795532226563;
2426730769.2319489;-85.206657409667969;
2426891025.6422052;-85.300140380859375;
2427051282.0524616;-84.960922241210938;
2427211538.462718;-85.063011169433594;
2427371794.8729744;-84.578407287597656;
2427532051.2832308;-84.218414306640625;
2427692307.6934872;-83.800056457519531;
2427852564.1037436;-82.619056701660156;
2428012820.5139999;-82.725555419921875;
2428173076.9242563;-80.068344116210937;
2428333333.3345127;-80.401542663574219;
2428493589.7447691;-76.586952209472656;
2428653846.1550255;-75.779167175292969;
2428814102.5652819;-73.561805725097656;
2428974358.9755383;-70.837715148925781;
2429134615.3857946;-69.235748291015625;
2429294871.796051;-66.208908081054688;
2429455128.2063074;-65.526206970214844;
2429615384.6165643;-62.533275604248047;
2429775641.0268207;-61.503829956054688;
2429935897.437077;-57.971813201904297;
2430096153.8473334;-56.812202453613281;
2430256410.2575898;-55.234401702880859;
2430416666.6678462;-53.319122314453125;
2430576923.0781026;-52.343357086181641;
2430737179.488359;-49.157428741455078;
2430897435.8986154;-48.896354675292969;
2431057692.3088717;-46.049213409423828;
2431217948.7191281;-45.833351135253906;
2431378205.1293845;-43.390480041503906;
2431538461.5396409;-41.516178131103516;
2431698717.9498973;-40.610187530517578;
2431858974.3601537;-38.570217132568359;
2432019230.7704101;-38.219547271728516;
2432179487.1806664;-35.704051971435547;
2432339743.5909228;-34.712852478027344;
2432500000.0011792;-33.012699127197266;
2432660256.4114356;-32.100822448730469;
2432820512.8216925;-31.122287750244141;
2432980769.2319489;-29.601585388183594;
2433141025.6422052;-28.50684928894043;
2433301282.0524616;-27.492795944213867;
2433461538.462718;-26.897768020629883;
2433621794.8729744;-26.171146392822266;
2433782051.2832308;-25.465169906616211;
2433942307.6934872;-24.822294235229492;
2434102564.1037436;-24.529827117919922;
2434262820.5139999;-24.351066589355469;
2434423076.9242563;-24.274740219116211;
2434583333.3345127;-24.239660263061523;
2434743589.7447691;-24.634799957275391;
2434903846.1550255;-24.868759155273438;
2435064102.5652819;-25.566402435302734;
2435224358.9755383;-25.819574356079102;
2435384615.3857946;-26.996061325073242;
2435544871.796051;-27.897182464599609;
2435705128.2063074;-28.932962417602539;
2435865384.6165643;-29.814212799072266;
2436025641.0268207;-30.705488204956055;
2436185897.437077;-32.119220733642578;
2436346153.8473334;-33.625171661376953;
2436506410.2575898;-34.904804229736328;
2436666666.6678462;-35.801731109619141;
2436826923.0781026;-37.187747955322266;
2436987179.488359;-38.412757873535156;
2437147435.8986154;-40.412044525146484;
2437307692.3088717;-41.403064727783203;
2437467948.7191281;-42.587917327880859;
2437628205.1293845;-43.760074615478516;
2437788461.5396409;-45.143455505371094;
2437948717.9498973;-47.153480529785156;
2438108974.3601537;-47.944122314453125;
2438269230.7704101;-49.513809204101563;
2438429487.1806664;-50.304203033447266;
2438589743.5909228;-52.121353149414063;
2438750000.0011792;-53.769252777099609;
2438910256.4114356;-54.938041687011719;
2439070512.8216925;-56.191970825195313;
2439230769.2319489;-57.138065338134766;
2439391025.6422052;-58.964164733886719;
2439551282.0524616;-60.575130462646484;
2439711538.462718;-62.268672943115234;
2439871794.8729744;-63.268074035644531;
2440032051.2832308;-64.997444152832031;
2440192307.6934872;-66.536636352539062;
2440352564.1037436;-69.228897094726563;
2440512820.5139999;-70.791130065917969;
2440673076.9242563;-72.40960693359375;
2440833333.3345127;-74.146522521972656;
2440993589.7447691;-76.059043884277344;
2441153846.1550255;-78.785446166992188;
2441314102.5652819;-80.050735473632813;
2441474358.9755383;-81.449569702148438;
2441634615.3857946;-82.318550109863281;
2441794871.796051;-83.486091613769531;
2441955128.2063074;-84.355331420898438;
2442115384.6165643;-84.719619750976563;
2442275641.0268207;-84.946586608886719;
2442435897.437077;-85.086235046386719;
2442596153.8473334;-85.244712829589844;
2442756410.2575898;-85.391387939453125;
2442916666.6678462;-85.449966430664063;
2443076923.0781026;-85.426933288574219;
2443237179.488359;-85.441604614257813;
2443397435.8986154;-85.51739501953125;
2443557692.3088717;-85.527961730957031;
2443717948.7191281;-85.562210083007813;
2443878205.1293845;-85.540672302246094;
2444038461.5396409;-85.534317016601563;
2444198717.9498973;-85.542808532714844;
2444358974.3601537;-85.483612060546875;
2444519230.7704101;-85.515266418457031;
2444679487.1806664;-85.439521789550781;
2444839743.5909228;-85.473106384277344;
2445000000.0011792;-85.557609558105469;
2445160256.4114356;-85.551216125488281;
2445320512.8216925;-85.485740661621094;
2445480769.2319489;-85.470962524414063;
2445641025.6422052;-85.437423706054687;
2445801282.0524616;-85.418563842773438;
2445961538.462718;-85.449989318847656;
2446121794.8729744;-85.4332275390625;
2446282051.2832308;-85.4583740234375;
2446442307.6934872;-85.454200744628906;
2446602564.1037436;-85.408096313476563;
2446762820.5139999;-85.422752380371094;
2446923076.9242563;-85.468879699707031;
2447083333.3345127;-85.508956909179688;
2447243589.7447691;-85.429000854492188;
2447403846.1550255;-85.441604614257813;
2447564102.5652819;-85.458358764648438;
2447724358.9755383;-85.519508361816406;
2447884615.3857946;-85.551284790039063;
2448044871.796051;-85.510734558105469;
2448205128.2063074;-85.443710327148438;
2448365384.6165643;-85.42901611328125;
2448525641.0268207;-85.513168334960938;
2448685897.437077;-85.506828308105469;
2448846153.8473334;-85.500450134277344;
2449006410.2575898;-85.477310180664063;
2449166666.6678462;-85.530082702636719;
2449326923.0781026;-85.559791564941406;
2449487179.488359;-85.544921875;
2449647435.8986154;-85.640830993652344;
2449807692.3088717;-85.640899658203125;
2449967948.7191281;-85.643043518066406;
2450128205.1293845;-85.557647705078125;
2450288461.5396409;-85.600234985351563;
2450448717.9498973;-85.57891845703125;
2450608974.3601537;-85.591682434082031;
2450769230.7704101;-85.576797485351563;
2450929487.1806664;-85.568275451660156;
2451089743.5909228;-85.559799194335938;
2451250000.0011792;-85.559730529785156;
2451410256.4114356;-85.638755798339844;
2451570512.8216925;-85.600242614746094;
2451730769.2319489;-85.634384155273438;
2451891025.6422052;-85.557670593261719;
2452051282.0524616;-85.593849182128906;
2452211538.462718;-85.5216064453125;
2452371794.8729744;-85.506797790527344;
2452532051.2832308;-85.506813049316406;
2452692307.6934872;-85.418563842773438;
2452852564.1037436;-85.426948547363281;
2453012820.5139999;-85.38104248046875;
2453173076.9242563;-85.420677185058594;
2453333333.3345127;-85.4332275390625;
2453493589.7447691;-85.399658203125;
2453653846.1550255;-85.418525695800781;
2453814102.5652819;-85.355911254882813;
2453974358.9755383;-85.4229736328125;
2454134615.3857946;-85.362632751464844;
2454294871.796051;-85.580520629882813;
2454455128.2063074;-85.602310180664063;
2454615384.6165643;-85.57196044921875;
2454775641.0268207;-85.385208129882813;
2454935897.437077;-85.138236999511719;
2455096153.8473334;-84.779930114746094;
2455256410.2575898;-84.66021728515625;
2455416666.6678462;-84.679542541503906;
2455576923.0781026;-84.546089172363281;
2455737179.488359;-84.557533264160156;
2455897435.8986154;-84.586418151855469;
2456057692.3088717;-85.155952453613281;
2456217948.7191281;-85.183464050292969;
2456378205.1293845;-85.162994384765625;
2456538461.5396409;-85.122650146484375;
2456698717.9498973;-85.14483642578125;
2456858974.3601537;-85.071823120117188;
2457019230.7704101;-85.016044616699219;
2457179487.1806664;-85.318023681640625;
2457339743.5909228;-85.428863525390625;
2457500000.0011792;-85.453727722167969;
2457660256.4114356;-85.118545532226563;
2457820512.8216925;-85.167083740234375;
2457980769.2319489;-85.096122741699219;
2458141025.6422052;-85.333160400390625;
2458301282.0524616;-85.519355773925781;
2458461538.462718;-85.563819885253906;
2458621794.8729744;-85.53643798828125;
2458782051.2832308;-85.458145141601563;
2458942307.6934872;-85.568252563476562;
2459102564.1037436;-85.468879699707031;
2459262820.5139999;-85.41851806640625;
2459423076.9242563;-85.389183044433594;
2459583333.3345127;-85.468711853027344;
2459743589.7447691;-85.498298645019531;
2459903846.1550255;-85.496063232421875;
2460064102.5652819;-85.563819885253906;
2460224358.9755383;-85.604331970214844;
2460384615.3857946;-85.666671752929687;
2460544871.796051;-85.564010620117188;
2460705128.2063074;-85.615043640136719;
2460865384.6165643;-85.615104675292969;
2461025641.0268207;-85.677200317382813;
2461185897.437077;-85.7119140625;
2461346153.8473334;-85.642852783203125;
2461506410.2575898;-85.759613037109375;
2461666666.6678462;-85.707534790039063;
2461826923.0781026;-85.746475219726563;
2461987179.488359;-85.666526794433594;
2462147435.8986154;-85.728981018066406;
2462307692.3088717;-85.727058410644531;
2462467948.7191281;-85.707427978515625;
2462628205.1293845;-85.692520141601562;
2462788461.5396409;-85.670791625976563;
2462948717.9498973;-85.746597290039063;
2463108974.3601537;-85.657875061035156;
2463269230.7704101;-85.722625732421875;
2463429487.1806664;-85.711715698242188;
2463589743.5909228;-85.683364868164062;
2463750000.0011792;-85.716209411621094;
2463910256.4114356;-85.655593872070313;
2464070512.8216925;-85.692497253417969;
2464230769.2319489;-85.612777709960937;
2464391025.6422052;-85.737815856933594;
2464551282.0524616;-85.681556701660156;
2464711538.462718;-85.737709045410156;
2464871794.8729744;-85.62786865234375;
2465032051.2832308;-85.696601867675781;
2465192307.6934872;-85.716209411621094;
2465352564.1037436;-85.661979675292969;
2465512820.5139999;-85.729248046875;
2465673076.9242563;-85.6578369140625;
2465833333.3345127;-85.733589172363281;
2465993589.7447691;-85.685897827148438;
2466153846.1550255;-85.707344055175781;
2466314102.5652819;-85.688018798828125;
2466474358.9755383;-85.681320190429688;
2466634615.3857946;-85.690345764160156;
2466794871.796051;-85.629776000976563;
2466955128.2063074;-85.744438171386719;
2467115384.6165643;-85.636405944824219;
2467275641.0268207;-85.722732543945313;
2467435897.437077;-85.608612060546875;
2467596153.8473334;-85.700698852539063;
2467756410.2575898;-85.61505126953125;
2467916666.6678462;-85.599502563476563;
2468076923.0781026;-85.625778198242188;
2468237179.488359;-85.57843017578125;
2468397435.8986154;-85.690338134765625;
2468557692.3088717;-85.572097778320313;
2468717948.7191281;-85.662185668945313;
2468878205.1293845;-85.527458190917969;
2469038461.5396409;-85.633712768554688;
2469198717.9498973;-85.63861083984375;
2469358974.3601537;-85.575729370117188;
2469519230.7704101;-85.666343688964844;
2469679487.1806664;-85.51239013671875;
2469839743.5909228;-85.666572570800781;
2470000000.0011792;-85.493606567382813;
2470160256.4114356;-85.600975036621094;
2470320512.8216925;-85.5399169921875;
2470480769.2319489;-85.579078674316406;
2470641025.6422052;-85.661949157714844;
2470801282.0524616;-85.48358154296875;
2470961538.462718;-85.612785339355469;
2471121794.8729744;-85.406600952148438;
2471282051.2832308;-85.635963439941406;
2471442307.6934872;-85.42156982421875;
2471602564.1037436;-85.508964538574219;
2471762820.5139999;-85.427650451660156;
2471923076.9242563;-85.351150512695313;
2472083333.3345127;-85.423759460449219;
2472243589.7447691;-85.189903259277344;
2472403846.1550255;-85.463829040527344;
2472564102.5652819;-85.004981994628906;
2472724358.9755383;-85.374832153320313;
2472884615.3857946;-84.824150085449219;
2473044871.796051;-85.231903076171875;
2473205128.2063074;-84.993614196777344;
2473365384.6165643;-85.164382934570313;
2473525641.0268207;-85.021942138671875;
2473685897.437077;-85.063697814941406;
2473846153.8473334;-85.117256164550781;
2474006410.2575898;-84.888099670410156;
2474166666.6678462;-85.236404418945313;
2474326923.0781026;-84.77154541015625;
2474487179.488359;-85.333686828613281;
2474647435.8986154;-84.867454528808594;
2474807692.3088717;-85.304542541503906;
2474967948.7191281;-85.123558044433594;
2475128205.1293845;-85.181953430175781;
2475288461.5396409;-85.312995910644531;
2475448717.9498973;-85.144157409667969;
2475608974.3601537;-85.531364440917969;
2475769230.7704101;-85.293495178222656;
2475929487.1806664;-85.606460571289063;
2476089743.5909228;-85.325798034667969;
2476250000.0011792;-85.537002563476563;
2476410256.4114356;-85.506172180175781;
2476570512.8216925;-85.562469482421875;
2476730769.2319489;-85.593338012695312;
2476891025.6422052;-85.56512451171875;
2477051282.0524616;-85.638603210449219;
2477211538.462718;-85.570152282714844;
2477371794.8729744;-85.694618225097656;
2477532051.2832308;-85.589378356933594;
2477692307.6934872;-85.683341979980469;
2477852564.1037436;-85.668571472167969;
2478012820.5139999;-85.664108276367188;
2478173076.9242563;-85.716232299804688;
2478333333.3345127;-85.675140380859375;
2478493589.7447691;-85.738861083984375;
2478653846.1550255;-85.658477783203125;
2478814102.5652819;-85.733871459960938;
2478974358.9755383;-85.649337768554688;
2479134615.3857946;-85.746490478515625;
2479294871.796051;-85.668830871582031;
2479455128.2063074;-85.705360412597656;
2479615384.6165643;-85.731407165527344;
2479775641.0268207;-85.7139892578125;
2479935897.437077;-85.783615112304688;
2480096153.8473334;-85.709739685058594;
2480256410.2575898;-85.76617431640625;
2480416666.6678462;-85.787910461425781;
2480576923.0781026;-85.783470153808594;
2480737179.488359;-85.772727966308594;
2480897435.8986154;-85.798866271972656;
2481057692.3088717;-85.794532775878906;
2481217948.7191281;-85.731369018554688;
2481378205.1293845;-85.785804748535156;
2481538461.5396409;-85.744461059570313;
2481698717.9498973;-85.763992309570313;
2481858974.3601537;-85.798851013183594;
2482019230.7704101;-85.801017761230469;
2482179487.1806664;-85.777084350585938;
2482339743.5909228;-85.757492065429688;
2482500000.0011792;-85.811073303222656;
2482660256.4114356;-85.785789489746094;
2482820512.8216925;-85.803268432617188;
2482980769.2319489;-85.761810302734375;
2483141025.6422052;-85.7509765625;
2483301282.0524616;-85.731399536132813;
2483461538.462718;-85.787910461425781;
2483621794.8729744;-85.774909973144531;
2483782051.2832308;-85.748802185058594;
2483942307.6934872;-85.779258728027344;
2484102564.1037436;-85.757492065429688;
2484262820.5139999;-85.755325317382813;
