Type;ESU;
Version;4.43;
Date;03.Jun 16;
Mode;ANALYZER;
Center Freq;2434262820.514000;Hz
Freq Offset;0.000000;Hz
Span;100000000.000000;Hz
x-Axis;LIN;
Start;2384262820.514000;Hz
Stop;2484262820.514000;Hz
Ref Level;-9.000000;dBm
Level Offset;0.000000;dB
Ref Position;100.000000;%
y-Axis;LOG;
Level Range;100.000000;dB
Rf Att;5.000000;dB
RBW;2000000.000000;Hz
VBW;50.000000;Hz
SWT;2.500000;s
Trace Mode;CLR/WRITE;
Detector;RMS;
Sweep Count;0;
Trace 1:;;
x-Unit;Hz;
y-Unit;dBm;
Values;625;
2384262820.5139999;-85.719451904296875;
2384423076.9242563;-85.733482360839844;
2384583333.3345127;-85.700698852539063;
2384743589.7447691;-85.687248229980469;
2384903846.1550255;-85.714179992675781;
2385064102.5652819;-85.779945373535156;
2385224358.9755383;-85.785789489746094;
2385384615.3857946;-85.737342834472656;
2385544871.796051;-85.762496948242188;
2385705128.2063074;-85.712257385253906;
2385865384.6165643;-85.708412170410156;
2386025641.0268207;-85.696846008300781;
2386185897.437077;-85.710334777832031;
2386346153.8473334;-85.704551696777344;
2386506410.2575898;-85.693000793457031;
2386666666.6678462;-85.719970703125;
2386826923.0781026;-85.691062927246094;
2386987179.488359;-85.656547546386719;
2387147435.8986154;-85.648880004882813;
2387307692.3088717;-85.694915771484375;
2387467948.7191281;-85.675697326660156;
2387628205.1293845;-85.700675964355469;
2387788461.5396409;-85.671844482421875;
2387948717.9498973;-85.696846008300781;
2388108974.3601537;-85.704551696777344;
2388269230.7704101;-85.650794982910156;
2388429487.1806664;-85.693008422851562;
2388589743.5909228;-85.679519653320313;
2388750000.0011792;-85.687232971191406;
2388910256.4114356;-85.654617309570313;
2389070512.8216925;-85.694923400878906;
2389230769.2319489;-85.681465148925781;
2389391025.6422052;-85.694908142089844;
2389551282.0524616;-85.641197204589844;
2389711538.462718;-85.685264587402344;
2389871794.8729744;-85.643150329589844;
2390032051.2832308;-85.704536437988281;
2390192307.6934872;-85.660377502441406;
2390352564.1037436;-85.694931030273438;
2390512820.5139999;-85.572395324707031;
2390673076.9242563;-85.6641845703125;
2390833333.3345127;-85.54193115234375;
2390993589.7447691;-85.643119812011719;
2391153846.1550255;-85.477607727050781;
2391314102.5652819;-85.593437194824219;
2391474358.9755383;-85.445785522460938;
2391634615.3857946;-85.589714050292969;
2391794871.796051;-85.363502502441406;
2391955128.2063074;-85.561012268066406;
2392115384.6165643;-85.301216125488281;
2392275641.0268207;-85.464912414550781;
2392435897.437077;-85.232826232910156;
2392596153.8473334;-85.542274475097656;
2392756410.2575898;-85.042022705078125;
2392916666.6678462;-85.440353393554687;
2393076923.0781026;-85.065658569335937;
2393237179.488359;-85.399330139160156;
2393397435.8986154;-85.007087707519531;
2393557692.3088717;-85.412345886230469;
2393717948.7191281;-84.999656677246094;
2393878205.1293845;-85.419952392578125;
2394038461.5396409;-85.046485900878906;
2394198717.9498973;-85.099594116210938;
2394358974.3601537;-85.208480834960938;
2394519230.7704101;-85.321128845214844;
2394679487.1806664;-85.382194519042969;
2394839743.5909228;-85.343635559082031;
2395000000.0011792;-85.3880615234375;
2395160256.4114356;-85.412422180175781;
2395320512.8216925;-85.385208129882813;
2395480769.2319489;-85.447982788085937;
2395641025.6422052;-85.501663208007813;
2395801282.0524616;-85.444427490234375;
2395961538.462718;-85.464691162109375;
2396121794.8729744;-85.530845642089844;
2396282051.2832308;-85.517051696777344;
2396442307.6934872;-85.515899658203125;
2396602564.1037436;-85.549674987792969;
2396762820.5139999;-85.5479736328125;
2396923076.9242563;-85.543922424316406;
2397083333.3345127;-85.565025329589844;
2397243589.7447691;-85.547752380371094;
2397403846.1550255;-85.553726196289063;
2397564102.5652819;-85.58013916015625;
2397724358.9755383;-85.603065490722656;
2397884615.3857946;-85.568778991699219;
2398044871.796051;-85.614517211914062;
2398205128.2063074;-85.546112060546875;
2398365384.6165643;-85.599288940429688;
2398525641.0268207;-85.525375366210938;
2398685897.437077;-85.538627624511719;
2398846153.8473334;-85.530952453613281;
2399006410.2575898;-85.625946044921875;
2399166666.6678462;-85.591651916503906;
2399326923.0781026;-85.614509582519531;
2399487179.488359;-85.585922241210937;
2399647435.8986154;-85.629707336425781;
2399807692.3088717;-85.616432189941406;
2399967948.7191281;-85.589683532714844;
2400128205.1293845;-85.57452392578125;
2400288461.5396409;-85.618339538574219;
2400448717.9498973;-85.660362243652344;
2400608974.3601537;-85.620201110839844;
2400769230.7704101;-85.639305114746094;
2400929487.1806664;-85.606880187988281;
2401089743.5909228;-85.605003356933594;
2401250000.0011792;-85.60687255859375;
2401410256.4114356;-85.616424560546875;
2401570512.8216925;-85.610679626464844;
2401730769.2319489;-85.561325073242188;
2401891025.6422052;-85.570785522460938;
2402051282.0524616;-85.593307495117188;
2402211538.462718;-85.565055847167969;
2402371794.8729744;-85.57452392578125;
2402532051.2832308;-85.61260986328125;
2402692307.6934872;-85.595474243164063;
2402852564.1037436;-85.624061584472656;
2403012820.5139999;-85.585975646972656;
2403173076.9242563;-85.561294555664062;
2403333333.3345127;-85.597312927246094;
2403493589.7447691;-85.620223999023437;
2403653846.1550255;-85.633583068847656;
2403814102.5652819;-85.616386413574219;
2403974358.9755383;-85.583602905273437;
2404134615.3857946;-85.612892150878906;
2404294871.796051;-85.578384399414063;
2404455128.2063074;-85.625961303710938;
2404615384.6165643;-85.5745849609375;
2404775641.0268207;-85.622146606445313;
2404935897.437077;-85.5916748046875;
2405096153.8473334;-85.612541198730469;
2405256410.2575898;-85.599266052246094;
2405416666.6678462;-85.610702514648437;
2405576923.0781026;-85.599273681640625;
2405737179.488359;-85.574600219726563;
2405897435.8986154;-85.544281005859375;
2406057692.3088717;-85.572662353515625;
2406217948.7191281;-85.585929870605469;
2406378205.1293845;-85.629753112792969;
2406538461.5396409;-85.608787536621094;
2406698717.9498973;-85.616432189941406;
2406858974.3601537;-85.627876281738281;
2407019230.7704101;-85.652687072753906;
2407179487.1806664;-85.641181945800781;
2407339743.5909228;-85.691062927246094;
2407500000.0011792;-85.652725219726563;
2407660256.4114356;-85.616424560546875;
2407820512.8216925;-85.635513305664063;
2407980769.2319489;-85.616416931152344;
2408141025.6422052;-85.631690979003906;
2408301282.0524616;-85.641227722167969;
2408461538.462718;-85.627876281738281;
2408621794.8729744;-85.576393127441406;
2408782051.2832308;-85.62213134765625;
2408942307.6934872;-85.608802795410156;
2409102564.1037436;-85.614524841308594;
2409262820.5139999;-85.631668090820312;
2409423076.9242563;-85.625961303710938;
2409583333.3345127;-85.614509582519531;
2409743589.7447691;-85.664192199707031;
2409903846.1550255;-85.624053955078125;
2410064102.5652819;-85.667999267578125;
2410224358.9755383;-85.645057678222656;
2410384615.3857946;-85.675666809082031;
2410544871.796051;-85.612594604492187;
2410705128.2063074;-85.63739013671875;
2410865384.6165643;-85.641242980957031;
2411025641.0268207;-85.616416931152344;
2411185897.437077;-85.627861022949219;
2411346153.8473334;-85.63739013671875;
2411506410.2575898;-85.641204833984375;
2411666666.6678462;-85.612884521484375;
2411826923.0781026;-85.615798950195313;
2411987179.488359;-85.606353759765625;
2412147435.8986154;-85.620246887207031;
2412307692.3088717;-85.610679626464844;
2412467948.7191281;-85.620246887207031;
2412628205.1293845;-85.633560180664063;
2412788461.5396409;-85.712249755859375;
2412948717.9498973;-85.633506774902344;
2413108974.3601537;-85.648895263671875;
2413269230.7704101;-85.660369873046875;
2413429487.1806664;-85.675712585449219;
2413589743.5909228;-85.677635192871094;
2413750000.0011792;-85.66229248046875;
2413910256.4114356;-85.658432006835938;
2414070512.8216925;-85.631690979003906;
2414230769.2319489;-85.627876281738281;
2414391025.6422052;-85.682815551757813;
2414551282.0524616;-85.702560424804688;
2414711538.462718;-85.685287475585937;
2414871794.8729744;-85.706474304199219;
2415032051.2832308;-85.696853637695313;
2415192307.6934872;-85.70648193359375;
2415352564.1037436;-85.700706481933594;
2415512820.5139999;-85.716110229492188;
2415673076.9242563;-85.708412170410156;
2415833333.3345127;-85.687202453613281;
2415993589.7447691;-85.635513305664063;
2416153846.1550255;-85.650810241699219;
2416314102.5652819;-85.648895263671875;
2416474358.9755383;-85.629783630371094;
2416634615.3857946;-85.668022155761719;
2416794871.796051;-85.680656433105469;
2416955128.2063074;-85.668052673339844;
2417115384.6165643;-85.689155578613281;
2417275641.0268207;-85.662269592285156;
2417435897.437077;-85.633598327636719;
2417596153.8473334;-85.622154235839844;
2417756410.2575898;-85.629776000976563;
2417916666.6678462;-85.641220092773438;
2418076923.0781026;-85.679557800292969;
2418237179.488359;-85.677642822265625;
2418397435.8986154;-85.635475158691406;
2418557692.3088717;-85.6202392578125;
2418717948.7191281;-85.671867370605469;
2418878205.1293845;-85.646957397460938;
2419038461.5396409;-85.707023620605469;
2419198717.9498973;-85.683403015136719;
2419358974.3601537;-85.687240600585938;
2419519230.7704101;-85.689155578613281;
2419679487.1806664;-85.69683837890625;
2419839743.5909228;-85.698776245117188;
2420000000.0011792;-85.673782348632813;
2420160256.4114356;-85.652687072753906;
2420320512.8216925;-85.629783630371094;
2420480769.2319489;-85.618339538574219;
2420641025.6422052;-85.620246887207031;
2420801282.0524616;-85.637420654296875;
2420961538.462718;-85.62786865234375;
2421121794.8729744;-85.66802978515625;
2421282051.2832308;-85.636878967285156;
2421442307.6934872;-85.637413024902344;
2421602564.1037436;-85.608795166015625;
2421762820.5139999;-85.620246887207031;
2421923076.9242563;-85.616432189941406;
2422083333.3345127;-85.667999267578125;
2422243589.7447691;-85.635490417480469;
2422403846.1550255;-85.656509399414063;
2422564102.5652819;-85.691062927246094;
2422724358.9755383;-85.631690979003906;
2422884615.3857946;-85.624061584472656;
2423044871.796051;-85.625938415527344;
2423205128.2063074;-85.643417358398438;
2423365384.6165643;-85.627876281738281;
2423525641.0268207;-85.612602233886719;
2423685897.437077;-85.622138977050781;
2423846153.8473334;-85.616386413574219;
2424006410.2575898;-85.60308837890625;
2424166666.6678462;-85.650794982910156;
2424326923.0781026;-85.683395385742188;
2424487179.488359;-85.658370971679688;
2424647435.8986154;-85.604957580566406;
2424807692.3088717;-85.624038696289062;
2424967948.7191281;-85.610710144042969;
2425128205.1293845;-85.631690979003906;
2425288461.5396409;-85.599288940429688;
2425448717.9498973;-85.597373962402344;
2425608974.3601537;-85.622154235839844;
2425769230.7704101;-85.620246887207031;
2425929487.1806664;-85.6527099609375;
2426089743.5909228;-85.671760559082031;
2426250000.0011792;-85.614524841308594;
2426410256.4114356;-85.597335815429687;
2426570512.8216925;-85.513999938964844;
2426730769.2319489;-85.606887817382812;
2426891025.6422052;-85.455825805664063;
2427051282.0524616;-85.519744873046875;
2427211538.462718;-85.230339050292969;
2427371794.8729744;-85.265228271484375;
2427532051.2832308;-85.008193969726563;
2427692307.6934872;-84.5750732421875;
2427852564.1037436;-84.128158569335938;
2428012820.5139999;-83.702178955078125;
2428173076.9242563;-82.60894775390625;
2428333333.3345127;-81.286125183105469;
2428493589.7447691;-80.756202697753906;
2428653846.1550255;-77.943252563476562;
2428814102.5652819;-77.262481689453125;
2428974358.9755383;-74.877143859863281;
2429134615.3857946;-73.861473083496094;
2429294871.796051;-69.541465759277344;
2429455128.2063074;-69.474754333496094;
2429615384.6165643;-66.046897888183594;
2429775641.0268207;-66.115272521972656;
2429935897.437077;-62.218372344970703;
2430096153.8473334;-61.570545196533203;
2430256410.2575898;-58.607315063476562;
2430416666.6678462;-57.573917388916016;
2430576923.0781026;-55.899246215820312;
2430737179.488359;-54.777782440185547;
2430897435.8986154;-51.787002563476562;
2431057692.3088717;-51.259170532226563;
2431217948.7191281;-48.876693725585938;
2431378205.1293845;-48.495956420898438;
2431538461.5396409;-46.000942230224609;
2431698717.9498973;-44.17645263671875;
2431858974.3601537;-42.973175048828125;
2432019230.7704101;-41.511222839355469;
2432179487.1806664;-40.666244506835938;
2432339743.5909228;-38.906566619873047;
2432500000.0011792;-37.449817657470703;
2432660256.4114356;-35.884422302246094;
2432820512.8216925;-35.251575469970703;
2432980769.2319489;-33.950176239013672;
2433141025.6422052;-33.2127685546875;
2433301282.0524616;-31.643974304199219;
2433461538.462718;-31.11285400390625;
2433621794.8729744;-30.38623046875;
2433782051.2832308;-29.906110763549805;
2433942307.6934872;-29.423086166381836;
2434102564.1037436;-29.007980346679688;
2434262820.5139999;-28.971475601196289;
2434423076.9242563;-29.030521392822266;
2434583333.3345127;-29.061620712280273;
2434743589.7447691;-29.523998260498047;
2434903846.1550255;-29.850683212280273;
2435064102.5652819;-30.845430374145508;
2435224358.9755383;-31.157825469970703;
2435384615.3857946;-32.293853759765625;
2435544871.796051;-32.831581115722656;
2435705128.2063074;-34.633140563964844;
2435865384.6165643;-35.238052368164063;
2436025641.0268207;-36.748283386230469;
2436185897.437077;-37.475154876708984;
2436346153.8473334;-38.921947479248047;
2436506410.2575898;-40.535259246826172;
2436666666.6678462;-41.884529113769531;
2436826923.0781026;-42.970756530761719;
2436987179.488359;-44.278648376464844;
2437147435.8986154;-45.589717864990234;
2437307692.3088717;-47.473789215087891;
2437467948.7191281;-48.410011291503906;
2437628205.1293845;-49.975364685058594;
2437788461.5396409;-50.767753601074219;
2437948717.9498973;-52.514335632324219;
2438108974.3601537;-54.083629608154297;
2438269230.7704101;-55.589950561523438;
2438429487.1806664;-56.508449554443359;
2438589743.5909228;-57.786838531494141;
2438750000.0011792;-59.069229125976563;
2438910256.4114356;-61.201759338378906;
2439070512.8216925;-62.030227661132812;
2439230769.2319489;-63.688201904296875;
2439391025.6422052;-64.531440734863281;
2439551282.0524616;-66.419868469238281;
2439711538.462718;-68.336097717285156;
2439871794.8729744;-70.010498046875;
2440032051.2832308;-71.155937194824219;
2440192307.6934872;-72.773994445800781;
2440352564.1037436;-74.381156921386719;
2440512820.5139999;-77.055702209472656;
2440673076.9242563;-78.443580627441406;
2440833333.3345127;-80.093055725097656;
2440993589.7447691;-81.313133239746094;
2441153846.1550255;-82.773361206054688;
2441314102.5652819;-84.032249450683594;
2441474358.9755383;-84.566558837890625;
2441634615.3857946;-84.939682006835938;
2441794871.796051;-85.223129272460938;
2441955128.2063074;-85.425849914550781;
2442115384.6165643;-85.629745483398438;
2442275641.0268207;-85.652687072753906;
2442435897.437077;-85.716117858886719;
2442596153.8473334;-85.714187622070313;
2442756410.2575898;-85.729621887207031;
2442916666.6678462;-85.721900939941406;
2443076923.0781026;-85.745033264160156;
2443237179.488359;-85.789665222167969;
2443397435.8986154;-85.7935791015625;
2443557692.3088717;-85.82086181640625;
2443717948.7191281;-85.797470092773438;
2443878205.1293845;-85.787734985351563;
2444038461.5396409;-85.806648254394531;
2444198717.9498973;-85.818901062011719;
2444358974.3601537;-85.813056945800781;
2444519230.7704101;-85.805252075195313;
2444679487.1806664;-85.811111450195313;
2444839743.5909228;-85.809150695800781;
2445000000.0011792;-85.807197570800781;
2445160256.4114356;-85.834495544433594;
2445320512.8216925;-85.816963195800781;
2445480769.2319489;-85.807182312011719;
2445641025.6422052;-85.712249755859375;
2445801282.0524616;-85.696815490722656;
2445961538.462718;-85.712242126464844;
2446121794.8729744;-85.752799987792969;
2446282051.2832308;-85.813056945800781;
2446442307.6934872;-85.834518432617188;
2446602564.1037436;-85.801361083984375;
2446762820.5139999;-85.82086181640625;
2446923076.9242563;-85.824760437011719;
2447083333.3345127;-85.809158325195313;
2447243589.7447691;-85.803298950195313;
2447403846.1550255;-85.754753112792969;
2447564102.5652819;-85.787734985351563;
2447724358.9755383;-85.762229919433594;
2447884615.3857946;-85.742050170898438;
2448044871.796051;-85.723831176757813;
2448205128.2063074;-85.73541259765625;
2448365384.6165643;-85.727676391601563;
2448525641.0268207;-85.776084899902344;
2448685897.437077;-85.770271301269531;
2448846153.8473334;-85.741195678710938;
2449006410.2575898;-85.768318176269531;
2449166666.6678462;-85.7916259765625;
2449326923.0781026;-85.826713562011719;
2449487179.488359;-85.795509338378906;
2449647435.8986154;-85.82086181640625;
2449807692.3088717;-85.811103820800781;
2449967948.7191281;-85.811103820800781;
2450128205.1293845;-85.729583740234375;
2450288461.5396409;-85.737342834472656;
2450448717.9498973;-85.770256042480469;
2450608974.3601537;-85.803306579589844;
2450769230.7704101;-85.81890869140625;
2450929487.1806664;-85.826713562011719;
2451089743.5909228;-85.830619812011719;
2451250000.0011792;-85.779876708984375;
2451410256.4114356;-85.7412109375;
2451570512.8216925;-85.766365051269531;
2451730769.2319489;-85.811111450195313;
2451891025.6422052;-85.816963195800781;
2452051282.0524616;-85.82086181640625;
2452211538.462718;-85.807212829589844;
2452371794.8729744;-82.982894897460938;
2452532051.2832308;-84.950088500976563;
2452692307.6934872;-83.432632446289063;
2452852564.1037436;-81.17010498046875;
2453012820.5139999;-83.738906860351562;
2453173076.9242563;-85.232704162597656;
2453333333.3345127;-85.654571533203125;
2453493589.7447691;-82.79144287109375;
2453653846.1550255;-83.827629089355469;
2453814102.5652819;-85.252937316894531;
2453974358.9755383;-85.654571533203125;
2454134615.3857946;-84.040885925292969;
2454294871.796051;-83.973846435546875;
2454455128.2063074;-82.970863342285156;
2454615384.6165643;-82.183090209960937;
2454775641.0268207;-79.29888916015625;
2454935897.437077;-82.126541137695312;
2455096153.8473334;-84.707763671875;
2455256410.2575898;-85.470306396484375;
2455416666.6678462;-84.361312866210937;
2455576923.0781026;-83.685333251953125;
2455737179.488359;-85.205650329589844;
2455897435.8986154;-85.582122802734375;
2456057692.3088717;-85.758529663085938;
2456217948.7191281;-85.787704467773438;
2456378205.1293845;-85.822792053222656;
2456538461.5396409;-85.859848022460938;
2456698717.9498973;-85.7064208984375;
2456858974.3601537;-85.673561096191406;
2457019230.7704101;-85.681137084960938;
2457179487.1806664;-85.783798217773438;
2457339743.5909228;-85.762481689453125;
2457500000.0011792;-85.863815307617188;
2457660256.4114356;-85.327529907226563;
2457820512.8216925;-85.251914978027344;
2457980769.2319489;-85.610519409179688;
2458141025.6422052;-85.739219665527344;
2458301282.0524616;-85.760520935058594;
2458461538.462718;-85.836479187011719;
2458621794.8729744;-85.801345825195313;
2458782051.2832308;-85.838394165039063;
2458942307.6934872;-85.762443542480469;
2459102564.1037436;-85.816848754882813;
2459262820.5139999;-85.779937744140625;
2459423076.9242563;-85.80523681640625;
2459583333.3345127;-85.82086181640625;
2459743589.7447691;-85.797431945800781;
2459903846.1550255;-85.815010070800781;
2460064102.5652819;-85.824752807617188;
2460224358.9755383;-85.832565307617188;
2460384615.3857946;-85.832550048828125;
2460544871.796051;-85.820816040039063;
2460705128.2063074;-85.887413024902344;
2460865384.6165643;-85.816246032714844;
2461025641.0268207;-85.911918640136719;
2461185897.437077;-85.854507446289063;
2461346153.8473334;-85.900657653808594;
2461506410.2575898;-85.875389099121094;
2461666666.6678462;-85.882667541503906;
2461826923.0781026;-85.847572326660156;
2461987179.488359;-85.855712890625;
2462147435.8986154;-85.9102783203125;
2462307692.3088717;-85.932197570800781;
2462467948.7191281;-85.903396606445313;
2462628205.1293845;-85.884941101074219;
2462788461.5396409;-85.842330932617187;
2462948717.9498973;-85.817794799804688;
2463108974.3601537;-85.840599060058594;
2463269230.7704101;-85.878189086914062;
2463429487.1806664;-85.915695190429687;
2463589743.5909228;-85.902923583984375;
2463750000.0011792;-85.852752685546875;
2463910256.4114356;-85.943527221679688;
2464070512.8216925;-85.903419494628906;
2464230769.2319489;-85.902931213378906;
2464391025.6422052;-85.899917602539063;
2464551282.0524616;-85.896141052246094;
2464711538.462718;-85.907142639160156;
2464871794.8729744;-85.881538391113281;
2465032051.2832308;-85.889419555664063;
2465192307.6934872;-85.893333435058594;
2465352564.1037436;-85.899238586425781;
2465512820.5139999;-85.891387939453125;
2465673076.9242563;-85.920951843261719;
2465833333.3345127;-67.481765747070313;
2465993589.7447691;-73.551025390625;
2466153846.1550255;-80.84649658203125;
2466314102.5652819;-84.30572509765625;
2466474358.9755383;-85.419113159179688;
2466634615.3857946;-85.731399536132813;
2466794871.796051;-85.844291687011719;
2466955128.2063074;-85.852081298828125;
2467115384.6165643;-85.928855895996094;
2467275641.0268207;-85.9150390625;
2467435897.437077;-85.869766235351563;
2467596153.8473334;-85.842353820800781;
2467756410.2575898;-85.836456298828125;
2467916666.6678462;-85.844276428222656;
2468076923.0781026;-85.869735717773438;
2468237179.488359;-85.863899230957031;
2468397435.8986154;-85.844284057617188;
2468557692.3088717;-85.857986450195313;
2468717948.7191281;-85.869667053222656;
2468878205.1293845;-85.885475158691406;
2469038461.5396409;-85.881553649902344;
2469198717.9498973;-85.909103393554688;
2469358974.3601537;-85.828590393066406;
2469519230.7704101;-85.834526062011719;
2469679487.1806664;-85.824653625488281;
2469839743.5909228;-85.915023803710938;
2470000000.0011792;-85.83441162109375;
2470160256.4114356;-85.891372680664063;
2470320512.8216925;-85.774040222167969;
2470480769.2319489;-85.863868713378906;
2470641025.6422052;-85.799224853515625;
2470801282.0524616;-85.854095458984375;
2470961538.462718;-85.715866088867188;
2471121794.8729744;-85.861785888671875;
2471282051.2832308;-85.673919677734375;
2471442307.6934872;-85.71405029296875;
2471602564.1037436;-85.643081665039063;
2471762820.5139999;-85.696563720703125;
2471923076.9242563;-85.608688354492187;
2472083333.3345127;-85.600265502929688;
2472243589.7447691;-85.74859619140625;
2472403846.1550255;-85.25799560546875;
2472564102.5652819;-85.652435302734375;
2472724358.9755383;-85.309249877929688;
2472884615.3857946;-85.67681884765625;
2473044871.796051;-85.290359497070312;
2473205128.2063074;-85.619308471679688;
2473365384.6165643;-85.113449096679688;
2473525641.0268207;-85.656288146972656;
2473685897.437077;-85.130729675292969;
2473846153.8473334;-85.599800109863281;
2474006410.2575898;-85.271125793457031;
2474166666.6678462;-85.673698425292969;
2474326923.0781026;-85.249984741210938;
2474487179.488359;-85.648529052734375;
2474647435.8986154;-85.302345275878906;
2474807692.3088717;-85.647590637207031;
2474967948.7191281;-80.643875122070312;
2475128205.1293845;-78.37957763671875;
2475288461.5396409;-82.873367309570313;
2475448717.9498973;-84.997367858886719;
2475608974.3601537;-85.383628845214844;
2475769230.7704101;-81.130416870117187;
2475929487.1806664;-67.35986328125;
2476089743.5909228;-75.210037231445313;
2476250000.0011792;-81.658958435058594;
2476410256.4114356;-84.481353759765625;
2476570512.8216925;-85.350372314453125;
2476730769.2319489;-85.587699890136719;
2476891025.6422052;-85.644905090332031;
2477051282.0524616;-85.650428771972656;
2477211538.462718;-85.683311462402344;
2477371794.8729744;-85.646835327148438;
2477532051.2832308;-85.696853637695313;
2477692307.6934872;-85.606681823730469;
2477852564.1037436;-85.673751831054687;
2478012820.5139999;-85.660308837890625;
2478173076.9242563;-85.74310302734375;
2478333333.3345127;-85.63543701171875;
2478493589.7447691;-85.696815490722656;
2478653846.1550255;-85.66412353515625;
2478814102.5652819;-85.721893310546875;
2478974358.9755383;-85.698745727539063;
2479134615.3857946;-85.743148803710937;
2479294871.796051;-85.741104125976563;
2479455128.2063074;-85.820854187011719;
2479615384.6165643;-85.791587829589844;
2479775641.0268207;-85.846221923828125;
2479935897.437077;-85.855873107910156;
2480096153.8473334;-85.883445739746094;
2480256410.2575898;-85.822235107421875;
2480416666.6678462;-85.840377807617188;
2480576923.0781026;-85.826713562011719;
2480737179.488359;-85.826713562011719;
2480897435.8986154;-85.834510803222656;
2481057692.3088717;-85.840385437011719;
2481217948.7191281;-85.82086181640625;
2481378205.1293845;-85.856025695800781;
2481538461.5396409;-85.840362548828125;
2481698717.9498973;-85.907119750976563;
2481858974.3601537;-85.893310546875;
2482019230.7704101;-85.940681457519531;
2482179487.1806664;-85.905181884765625;
2482339743.5909228;-85.90911865234375;
2482500000.0011792;-85.920944213867188;
2482660256.4114356;-85.907150268554688;
2482820512.8216925;-85.901237487792969;
2482980769.2319489;-85.883445739746094;
2483141025.6422052;-85.856056213378906;
2483301282.0524616;-85.903213500976563;
2483461538.462718;-85.9466552734375;
2483621794.8729744;-85.907127380371094;
2483782051.2832308;-85.891395568847656;
2483942307.6934872;-85.891654968261719;
2484102564.1037436;-85.920944213867188;
2484262820.5139999;-85.911094665527344;
