Type;ESU;
Version;4.43;
Date;03.Jun 16;
Mode;ANALYZER;
Center Freq;2434262820.514000;Hz
Freq Offset;0.000000;Hz
Span;100000000.000000;Hz
x-Axis;LIN;
Start;2384262820.514000;Hz
Stop;2484262820.514000;Hz
Ref Level;-9.000000;dBm
Level Offset;0.000000;dB
Ref Position;100.000000;%
y-Axis;LOG;
Level Range;100.000000;dB
Rf Att;5.000000;dB
RBW;2000000.000000;Hz
VBW;30.000000;Hz
SWT;4.200000;s
Trace Mode;CLR/WRITE;
Detector;RMS;
Sweep Count;0;
Trace 1:;;
x-Unit;Hz;
y-Unit;dBm;
Values;625;
2384262820.5139999;-85.709632873535156;
2384423076.9242563;-85.723823547363281;
2384583333.3345127;-85.708412170410156;
2384743589.7447691;-85.727691650390625;
2384903846.1550255;-85.742080688476563;
2385064102.5652819;-85.760566711425781;
2385224358.9755383;-85.716117858886719;
2385384615.3857946;-85.710334777832031;
2385544871.796051;-85.700706481933594;
2385705128.2063074;-85.714187622070313;
2385865384.6165643;-85.723831176757813;
2386025641.0268207;-85.718048095703125;
2386185897.437077;-85.70648193359375;
2386346153.8473334;-85.716110229492188;
2386506410.2575898;-85.725746154785156;
2386666666.6678462;-85.708412170410156;
2386826923.0781026;-85.710334777832031;
2386987179.488359;-85.688934326171875;
2387147435.8986154;-85.70648193359375;
2387307692.3088717;-85.702629089355469;
2387467948.7191281;-85.712265014648437;
2387628205.1293845;-85.719963073730469;
2387788461.5396409;-85.698776245117188;
2387948717.9498973;-85.719970703125;
2388108974.3601537;-85.737350463867188;
2388269230.7704101;-85.702629089355469;
2388429487.1806664;-85.708412170410156;
2388589743.5909228;-85.735397338867188;
2388750000.0011792;-85.712257385253906;
2388910256.4114356;-85.710334777832031;
2389070512.8216925;-85.70263671875;
2389230769.2319489;-85.712905883789063;
2389391025.6422052;-85.704559326171875;
2389551282.0524616;-85.710334777832031;
2389711538.462718;-85.721893310546875;
2389871794.8729744;-85.7103271484375;
2390032051.2832308;-85.716117858886719;
2390192307.6934872;-85.687240600585938;
2390352564.1037436;-85.708412170410156;
2390512820.5139999;-85.694923400878906;
2390673076.9242563;-85.685317993164063;
2390833333.3345127;-85.691078186035156;
2390993589.7447691;-85.694931030273438;
2391153846.1550255;-85.70648193359375;
2391314102.5652819;-85.691085815429687;
2391474358.9755383;-85.708412170410156;
2391634615.3857946;-85.712265014648437;
2391794871.796051;-85.707763671875;
2391955128.2063074;-85.708412170410156;
2392115384.6165643;-85.694931030273438;
2392275641.0268207;-85.693008422851562;
2392435897.437077;-85.708412170410156;
2392596153.8473334;-85.708412170410156;
2392756410.2575898;-85.700698852539063;
2392916666.6678462;-85.708412170410156;
2393076923.0781026;-85.704551696777344;
2393237179.488359;-85.702629089355469;
2393397435.8986154;-85.664215087890625;
2393557692.3088717;-85.666130065917969;
2393717948.7191281;-85.666122436523438;
2393878205.1293845;-85.654640197753906;
2394038461.5396409;-85.685302734375;
2394198717.9498973;-85.641250610351563;
2394358974.3601537;-85.679542541503906;
2394519230.7704101;-85.70947265625;
2394679487.1806664;-85.691085815429687;
2394839743.5909228;-85.65460205078125;
2395000000.0011792;-85.620246887207031;
2395160256.4114356;-85.618339538574219;
2395320512.8216925;-85.622154235839844;
2395480769.2319489;-85.633598327636719;
2395641025.6422052;-85.681480407714844;
2395801282.0524616;-85.681480407714844;
2395961538.462718;-85.637420654296875;
2396121794.8729744;-85.650794982910156;
2396282051.2832308;-85.637413024902344;
2396442307.6934872;-85.62786865234375;
2396602564.1037436;-85.666122436523438;
2396762820.5139999;-85.62786865234375;
2396923076.9242563;-85.63739013671875;
2397083333.3345127;-85.648895263671875;
2397243589.7447691;-85.664207458496094;
2397403846.1550255;-85.632743835449219;
2397564102.5652819;-85.618339538574219;
2397724358.9755383;-85.620246887207031;
2397884615.3857946;-85.633598327636719;
2398044871.796051;-85.624061584472656;
2398205128.2063074;-85.62786865234375;
2398365384.6165643;-85.616432189941406;
2398525641.0268207;-85.622154235839844;
2398685897.437077;-85.616432189941406;
2398846153.8473334;-85.627876281738281;
2399006410.2575898;-85.624053955078125;
2399166666.6678462;-85.616432189941406;
2399326923.0781026;-85.646980285644531;
2399487179.488359;-85.65655517578125;
2399647435.8986154;-85.662300109863281;
2399807692.3088717;-85.643150329589844;
2399967948.7191281;-85.614524841308594;
2400128205.1293845;-85.622146606445313;
2400288461.5396409;-85.625961303710938;
2400448717.9498973;-85.618331909179687;
2400608974.3601537;-85.608802795410156;
2400769230.7704101;-85.625961303710938;
2400929487.1806664;-85.634452819824219;
2401089743.5909228;-85.587882995605469;
2401250000.0011792;-85.625961303710938;
2401410256.4114356;-85.620246887207031;
2401570512.8216925;-85.605003356933594;
2401730769.2319489;-85.624053955078125;
2401891025.6422052;-85.616432189941406;
2402051282.0524616;-85.635513305664063;
2402211538.462718;-85.624061584472656;
2402371794.8729744;-85.6412353515625;
2402532051.2832308;-85.650802612304688;
2402692307.6934872;-85.618339538574219;
2402852564.1037436;-85.620246887207031;
2403012820.5139999;-85.616432189941406;
2403173076.9242563;-85.614524841308594;
2403333333.3345127;-85.612625122070313;
2403493589.7447691;-85.614524841308594;
2403653846.1550255;-85.603080749511719;
2403814102.5652819;-85.614524841308594;
2403974358.9755383;-85.627655029296875;
2404134615.3857946;-85.627861022949219;
2404294871.796051;-85.612625122070313;
2404455128.2063074;-85.629783630371094;
2404615384.6165643;-85.6202392578125;
2404775641.0268207;-85.624053955078125;
2404935897.437077;-85.627861022949219;
2405096153.8473334;-85.641250610351563;
2405256410.2575898;-85.622154235839844;
2405416666.6678462;-85.620246887207031;
2405576923.0781026;-85.624053955078125;
2405737179.488359;-85.622581481933594;
2405897435.8986154;-85.635505676269531;
2406057692.3088717;-85.624046325683594;
2406217948.7191281;-85.624046325683594;
2406378205.1293845;-85.622154235839844;
2406538461.5396409;-85.624061584472656;
2406698717.9498973;-85.618339538574219;
2406858974.3601537;-85.650810241699219;
2407019230.7704101;-85.633590698242188;
2407179487.1806664;-85.622146606445313;
2407339743.5909228;-85.622146606445313;
2407500000.0011792;-85.627876281738281;
2407660256.4114356;-85.625968933105469;
2407820512.8216925;-85.622581481933594;
2407980769.2319489;-85.624061584472656;
2408141025.6422052;-85.622154235839844;
2408301282.0524616;-85.650794982910156;
2408461538.462718;-85.643150329589844;
2408621794.8729744;-85.620246887207031;
2408782051.2832308;-85.625961303710938;
2408942307.6934872;-85.62786865234375;
2409102564.1037436;-85.679527282714844;
2409262820.5139999;-85.666107177734375;
2409423076.9242563;-85.652725219726563;
2409583333.3345127;-85.650802612304688;
2409743589.7447691;-85.631683349609375;
2409903846.1550255;-85.629348754882813;
2410064102.5652819;-85.616432189941406;
2410224358.9755383;-85.631690979003906;
2410384615.3857946;-85.645065307617188;
2410544871.796051;-85.639328002929688;
2410705128.2063074;-85.639320373535156;
2410865384.6165643;-85.694931030273438;
2411025641.0268207;-85.710334777832031;
2411185897.437077;-85.696861267089844;
2411346153.8473334;-85.716110229492188;
2411506410.2575898;-85.67486572265625;
2411666666.6678462;-85.629776000976563;
2411826923.0781026;-85.656547546386719;
2411987179.488359;-85.625968933105469;
2412147435.8986154;-85.629776000976563;
2412307692.3088717;-85.635505676269531;
2412467948.7191281;-85.669944763183594;
2412628205.1293845;-85.693000793457031;
2412788461.5396409;-85.666130065917969;
2412948717.9498973;-85.67572021484375;
2413108974.3601537;-85.689170837402344;
2413269230.7704101;-85.696853637695313;
2413429487.1806664;-85.67572021484375;
2413589743.5909228;-85.70263671875;
2413750000.0011792;-85.704551696777344;
2413910256.4114356;-85.716110229492188;
2414070512.8216925;-85.714179992675781;
2414230769.2319489;-85.702629089355469;
2414391025.6422052;-85.702629089355469;
2414551282.0524616;-85.70648193359375;
2414711538.462718;-85.70648193359375;
2414871794.8729744;-85.669952392578125;
2415032051.2832308;-85.689170837402344;
2415192307.6934872;-85.708396911621094;
2415352564.1037436;-85.708412170410156;
2415512820.5139999;-85.698783874511719;
2415673076.9242563;-85.70648193359375;
2415833333.3345127;-85.696861267089844;
2415993589.7447691;-85.679557800292969;
2416153846.1550255;-85.725753784179688;
2416314102.5652819;-85.700706481933594;
2416474358.9755383;-85.704559326171875;
2416634615.3857946;-85.704559326171875;
2416794871.796051;-85.702629089355469;
2416955128.2063074;-85.706474304199219;
2417115384.6165643;-85.66229248046875;
2417275641.0268207;-85.664215087890625;
2417435897.437077;-85.652725219726563;
2417596153.8473334;-85.652717590332031;
2417756410.2575898;-85.662300109863281;
2417916666.6678462;-85.658470153808594;
2418076923.0781026;-85.648895263671875;
2418237179.488359;-85.710334777832031;
2418397435.8986154;-85.708412170410156;
2418557692.3088717;-85.70648193359375;
2418717948.7191281;-85.712265014648437;
2418878205.1293845;-85.685302734375;
2419038461.5396409;-85.660385131835938;
2419198717.9498973;-85.689163208007813;
2419358974.3601537;-85.687248229980469;
2419519230.7704101;-85.673797607421875;
2419679487.1806664;-85.68914794921875;
2419839743.5909228;-85.687248229980469;
2420000000.0011792;-85.710334777832031;
2420160256.4114356;-85.664192199707031;
2420320512.8216925;-85.652725219726563;
2420480769.2319489;-85.700691223144531;
2420641025.6422052;-85.700691223144531;
2420801282.0524616;-85.70648193359375;
2420961538.462718;-85.708412170410156;
2421121794.8729744;-85.700698852539063;
2421282051.2832308;-85.660369873046875;
2421442307.6934872;-85.714164733886719;
2421602564.1037436;-85.70648193359375;
2421762820.5139999;-85.662284851074219;
2421923076.9242563;-85.635513305664063;
2422083333.3345127;-85.664215087890625;
2422243589.7447691;-85.687240600585938;
2422403846.1550255;-85.702629089355469;
2422564102.5652819;-85.702629089355469;
2422724358.9755383;-85.710334777832031;
2422884615.3857946;-85.70648193359375;
2423044871.796051;-85.702629089355469;
2423205128.2063074;-85.702606201171875;
2423365384.6165643;-85.712265014648437;
2423525641.0268207;-85.704551696777344;
2423685897.437077;-85.702621459960937;
2423846153.8473334;-85.658248901367188;
2424006410.2575898;-85.678436279296875;
2424166666.6678462;-85.700920104980469;
2424326923.0781026;-85.70648193359375;
2424487179.488359;-85.70648193359375;
2424647435.8986154;-85.710334777832031;
2424807692.3088717;-85.681480407714844;
2424967948.7191281;-85.704551696777344;
2425128205.1293845;-85.710334777832031;
2425288461.5396409;-85.70648193359375;
2425448717.9498973;-85.708412170410156;
2425608974.3601537;-85.712265014648437;
2425769230.7704101;-85.718048095703125;
2425929487.1806664;-85.708396911621094;
2426089743.5909228;-85.712257385253906;
2426250000.0011792;-85.708412170410156;
2426410256.4114356;-85.714187622070313;
2426570512.8216925;-85.694923400878906;
2426730769.2319489;-85.707763671875;
2426891025.6422052;-85.702629089355469;
2427051282.0524616;-85.708412170410156;
2427211538.462718;-85.716117858886719;
2427371794.8729744;-85.704559326171875;
2427532051.2832308;-85.693000793457031;
2427692307.6934872;-85.689170837402344;
2427852564.1037436;-85.691078186035156;
2428012820.5139999;-85.689155578613281;
2428173076.9242563;-85.6890869140625;
2428333333.3345127;-85.648849487304688;
2428493589.7447691;-85.648887634277344;
2428653846.1550255;-85.56317138671875;
2428814102.5652819;-85.449935913085938;
2428974358.9755383;-85.351051330566406;
2429134615.3857946;-85.144882202148438;
2429294871.796051;-84.792221069335938;
2429455128.2063074;-84.427337646484375;
2429615384.6165643;-83.819061279296875;
2429775641.0268207;-82.884719848632812;
2429935897.437077;-82.012344360351563;
2430096153.8473334;-80.841606140136719;
2430256410.2575898;-78.782936096191406;
2430416666.6678462;-77.335380554199219;
2430576923.0781026;-76.018455505371094;
2430737179.488359;-73.905380249023437;
2430897435.8986154;-72.322067260742188;
2431057692.3088717;-71.030952453613281;
2431217948.7191281;-69.2120361328125;
2431378205.1293845;-67.324462890625;
2431538461.5396409;-65.94677734375;
2431698717.9498973;-64.214813232421875;
2431858974.3601537;-62.592029571533203;
2432019230.7704101;-61.100963592529297;
2432179487.1806664;-59.658283233642578;
2432339743.5909228;-58.365303039550781;
2432500000.0011792;-56.798061370849609;
2432660256.4114356;-55.225795745849609;
2432820512.8216925;-54.082485198974609;
2432980769.2319489;-52.509368896484375;
2433141025.6422052;-53.324867248535156;
2433301282.0524616;-52.366535186767578;
2433461538.462718;-51.179031372070312;
2433621794.8729744;-49.787895202636719;
2433782051.2832308;-48.890575408935547;
2433942307.6934872;-48.194732666015625;
2434102564.1037436;-47.100078582763672;
2434262820.5139999;-46.33343505859375;
2434423076.9242563;-45.831977844238281;
2434583333.3345127;-45.607074737548828;
2434743589.7447691;-45.161426544189453;
2434903846.1550255;-44.969734191894531;
2435064102.5652819;-45.475421905517578;
2435224358.9755383;-45.601669311523438;
2435384615.3857946;-45.809913635253906;
2435544871.796051;-46.634822845458984;
2435705128.2063074;-47.184341430664063;
2435865384.6165643;-47.751392364501953;
2436025641.0268207;-48.771198272705078;
2436185897.437077;-49.63311767578125;
2436346153.8473334;-50.719898223876953;
2436506410.2575898;-51.907508850097656;
2436666666.6678462;-52.766178131103516;
2436826923.0781026;-53.975856781005859;
2436987179.488359;-55.532012939453125;
2437147435.8986154;-56.365158081054688;
2437307692.3088717;-57.622364044189453;
2437467948.7191281;-59.341854095458984;
2437628205.1293845;-60.240596771240234;
2437788461.5396409;-61.418125152587891;
2437948717.9498973;-63.279685974121094;
2438108974.3601537;-64.321067810058594;
2438269230.7704101;-65.345687866210937;
2438429487.1806664;-66.951370239257813;
2438589743.5909228;-68.107795715332031;
2438750000.0011792;-69.338790893554688;
2438910256.4114356;-70.816642761230469;
2439070512.8216925;-71.885322570800781;
2439230769.2319489;-73.434638977050781;
2439391025.6422052;-74.850051879882813;
2439551282.0524616;-75.916908264160156;
2439711538.462718;-77.426483154296875;
2439871794.8729744;-78.967857360839844;
2440032051.2832308;-79.808456420898437;
2440192307.6934872;-81.143478393554687;
2440352564.1037436;-82.536994934082031;
2440512820.5139999;-83.144882202148438;
2440673076.9242563;-84.011894226074219;
2440833333.3345127;-84.725456237792969;
2440993589.7447691;-84.98419189453125;
2441153846.1550255;-85.304641723632813;
2441314102.5652819;-85.532966613769531;
2441474358.9755383;-85.602958679199219;
2441634615.3857946;-85.721885681152344;
2441794871.796051;-85.7547607421875;
2441955128.2063074;-85.766372680664063;
2442115384.6165643;-85.793571472167969;
2442275641.0268207;-85.816963195800781;
2442435897.437077;-85.811111450195313;
2442596153.8473334;-85.815010070800781;
2442756410.2575898;-85.815010070800781;
2442916666.6678462;-85.816963195800781;
2443076923.0781026;-85.822807312011719;
2443237179.488359;-85.828666687011719;
2443397435.8986154;-85.764427185058594;
2443557692.3088717;-85.772186279296875;
2443717948.7191281;-85.816963195800781;
2443878205.1293845;-85.815010070800781;
2444038461.5396409;-85.72381591796875;
2444198717.9498973;-85.719970703125;
2444358974.3601537;-85.716117858886719;
2444519230.7704101;-85.739280700683594;
2444679487.1806664;-85.74896240234375;
2444839743.5909228;-85.747230529785156;
2445000000.0011792;-85.7916259765625;
2445160256.4114356;-85.81890869140625;
2445320512.8216925;-85.82476806640625;
2445480769.2319489;-85.807212829589844;
2445641025.6422052;-85.815010070800781;
2445801282.0524616;-85.82086181640625;
2445961538.462718;-85.82281494140625;
2446121794.8729744;-85.822807312011719;
2446282051.2832308;-85.81500244140625;
2446442307.6934872;-85.741172790527344;
2446602564.1037436;-85.747001647949219;
2446762820.5139999;-85.73345947265625;
2446923076.9242563;-85.739273071289063;
2447083333.3345127;-85.791580200195313;
2447243589.7447691;-85.815010070800781;
2447403846.1550255;-85.776046752929687;
2447564102.5652819;-85.811088562011719;
2447724358.9755383;-85.81890869140625;
2447884615.3857946;-85.82476806640625;
2448044871.796051;-85.83843994140625;
2448205128.2063074;-85.814994812011719;
2448365384.6165643;-85.82086181640625;
2448525641.0268207;-85.815010070800781;
2448685897.437077;-85.81890869140625;
2448846153.8473334;-85.818038940429687;
2449006410.2575898;-85.815010070800781;
2449166666.6678462;-85.82281494140625;
2449326923.0781026;-85.82476806640625;
2449487179.488359;-85.82281494140625;
2449647435.8986154;-85.81890869140625;
2449807692.3088717;-85.813056945800781;
2449967948.7191281;-85.811103820800781;
2450128205.1293845;-85.82281494140625;
2450288461.5396409;-85.82281494140625;
2450448717.9498973;-85.816307067871094;
2450608974.3601537;-85.81890869140625;
2450769230.7704101;-85.82086181640625;
2450929487.1806664;-85.832572937011719;
2451089743.5909228;-85.824760437011719;
2451250000.0011792;-85.861930847167969;
2451410256.4114356;-85.858009338378906;
2451570512.8216925;-85.879592895507813;
2451730769.2319489;-85.832572937011719;
2451891025.6422052;-85.81890869140625;
2452051282.0524616;-85.82281494140625;
2452211538.462718;-85.819778442382813;
2452371794.8729744;-85.816963195800781;
2452532051.2832308;-85.783828735351563;
2452692307.6934872;-85.768226623535156;
2452852564.1037436;-85.70257568359375;
2453012820.5139999;-85.702560424804688;
2453173076.9242563;-85.712104797363281;
2453333333.3345127;-85.822799682617188;
2453493589.7447691;-85.81695556640625;
2453653846.1550255;-85.816932678222656;
2453814102.5652819;-85.81109619140625;
2453974358.9755383;-85.816307067871094;
2454134615.3857946;-85.81500244140625;
2454294871.796051;-85.82086181640625;
2454455128.2063074;-85.828666687011719;
2454615384.6165643;-85.842353820800781;
2454775641.0268207;-85.848220825195313;
2454935897.437077;-85.846267700195313;
2455096153.8473334;-85.82281494140625;
2455256410.2575898;-85.82281494140625;
2455416666.6678462;-85.82867431640625;
2455576923.0781026;-85.83648681640625;
2455737179.488359;-85.824760437011719;
2455897435.8986154;-85.858024597167969;
2456057692.3088717;-85.845832824707031;
2456217948.7191281;-85.754730224609375;
2456378205.1293845;-85.803192138671875;
2456538461.5396409;-85.856056213378906;
2456698717.9498973;-85.82086181640625;
2456858974.3601537;-85.82672119140625;
2457019230.7704101;-85.83062744140625;
2457179487.1806664;-85.82867431640625;
2457339743.5909228;-85.848197937011719;
2457500000.0011792;-85.911094665527344;
2457660256.4114356;-85.863883972167969;
2457820512.8216925;-85.865859985351563;
2457980769.2319489;-85.894676208496094;
2458141025.6422052;-85.907150268554688;
2458301282.0524616;-85.893363952636719;
2458461538.462718;-85.9031982421875;
2458621794.8729744;-85.840354919433594;
2458782051.2832308;-85.82476806640625;
2458942307.6934872;-85.826705932617188;
2459102564.1037436;-85.834510803222656;
2459262820.5139999;-85.836479187011719;
2459423076.9242563;-85.869781494140625;
2459583333.3345127;-85.885459899902344;
2459743589.7447691;-85.91302490234375;
2459903846.1550255;-85.867820739746094;
2460064102.5652819;-85.883529663085937;
2460224358.9755383;-85.861503601074219;
2460384615.3857946;-85.871719360351563;
2460544871.796051;-85.9031982421875;
2460705128.2063074;-85.887466430664063;
2460865384.6165643;-85.913063049316406;
2461025641.0268207;-85.918983459472656;
2461185897.437077;-85.911094665527344;
2461346153.8473334;-85.911094665527344;
2461506410.2575898;-85.918983459472656;
2461666666.6678462;-85.913063049316406;
2461826923.0781026;-85.905174255371094;
2461987179.488359;-85.911094665527344;
2462147435.8986154;-85.905181884765625;
2462307692.3088717;-85.918983459472656;
2462467948.7191281;-85.910438537597656;
2462628205.1293845;-85.907150268554688;
2462788461.5396409;-85.907150268554688;
2462948717.9498973;-85.893348693847656;
2463108974.3601537;-85.905174255371094;
2463269230.7704101;-85.9150390625;
2463429487.1806664;-85.909126281738281;
2463589743.5909228;-85.909126281738281;
2463750000.0011792;-85.913063049316406;
2463910256.4114356;-85.913063049316406;
2464070512.8216925;-85.891395568847656;
2464230769.2319489;-85.9031982421875;
2464391025.6422052;-85.917007446289062;
2464551282.0524616;-85.930809020996094;
2464711538.462718;-85.922927856445312;
2464871794.8729744;-85.889404296875;
2465032051.2832308;-85.8946533203125;
2465192307.6934872;-85.907150268554688;
2465352564.1037436;-85.907142639160156;
2465512820.5139999;-85.89532470703125;
2465673076.9242563;-85.9150390625;
2465833333.3345127;-85.911094665527344;
2465993589.7447691;-85.903205871582031;
2466153846.1550255;-85.891395568847656;
2466314102.5652819;-85.869781494140625;
2466474358.9755383;-85.899261474609375;
2466634615.3857946;-85.907150268554688;
2466794871.796051;-85.901237487792969;
2466955128.2063074;-85.909126281738281;
2467115384.6165643;-85.909126281738281;
2467275641.0268207;-85.907150268554688;
2467435897.437077;-85.916999816894531;
2467596153.8473334;-85.913063049316406;
2467756410.2575898;-85.905174255371094;
2467916666.6678462;-85.911094665527344;
2468076923.0781026;-85.9150390625;
2468237179.488359;-85.911094665527344;
2468397435.8986154;-85.917015075683594;
2468557692.3088717;-85.911094665527344;
2468717948.7191281;-85.901237487792969;
2468878205.1293845;-85.911094665527344;
2469038461.5396409;-85.909126281738281;
2469198717.9498973;-85.928840637207031;
2469358974.3601537;-85.917015075683594;
2469519230.7704101;-85.913063049316406;
2469679487.1806664;-85.9150390625;
2469839743.5909228;-85.9150390625;
2470000000.0011792;-85.917015075683594;
2470160256.4114356;-85.905181884765625;
2470320512.8216925;-85.911094665527344;
2470480769.2319489;-85.9150390625;
2470641025.6422052;-85.9150390625;
2470801282.0524616;-85.917015075683594;
2470961538.462718;-85.911094665527344;
2471121794.8729744;-85.9139404296875;
2471282051.2832308;-85.907150268554688;
2471442307.6934872;-85.917015075683594;
2471602564.1037436;-85.909126281738281;
2471762820.5139999;-85.917015075683594;
2471923076.9242563;-85.905174255371094;
2472083333.3345127;-85.911094665527344;
2472243589.7447691;-85.90911865234375;
2472403846.1550255;-85.911094665527344;
2472564102.5652819;-85.891387939453125;
2472724358.9755383;-85.883514404296875;
2472884615.3857946;-85.867813110351563;
2473044871.796051;-85.901237487792969;
2473205128.2063074;-85.909126281738281;
2473365384.6165643;-85.907142639160156;
2473525641.0268207;-85.889434814453125;
2473685897.437077;-85.903205871582031;
2473846153.8473334;-85.9012451171875;
2474006410.2575898;-85.865837097167969;
2474166666.6678462;-85.863883972167969;
2474326923.0781026;-85.881568908691406;
2474487179.488359;-85.858016967773438;
2474647435.8986154;-85.883522033691406;
2474807692.3088717;-85.917015075683594;
2474967948.7191281;-85.917442321777344;
2475128205.1293845;-85.903205871582031;
2475288461.5396409;-85.907150268554688;
2475448717.9498973;-85.873695373535156;
2475608974.3601537;-85.881546020507813;
2475769230.7704101;-85.893348693847656;
2475929487.1806664;-85.828659057617188;
2476089743.5909228;-85.81890869140625;
2476250000.0011792;-85.805259704589844;
2476410256.4114356;-85.82086181640625;
2476570512.8216925;-85.832572937011719;
2476730769.2319489;-85.824760437011719;
2476891025.6422052;-85.816963195800781;
2477051282.0524616;-85.816963195800781;
2477211538.462718;-85.81890869140625;
2477371794.8729744;-85.801353454589844;
2477532051.2832308;-85.76251220703125;
2477692307.6934872;-85.760566711425781;
2477852564.1037436;-85.733489990234375;
2478012820.5139999;-85.772201538085938;
2478173076.9242563;-85.815010070800781;
2478333333.3345127;-85.820854187011719;
2478493589.7447691;-85.82476806640625;
2478653846.1550255;-85.826713562011719;
2478814102.5652819;-85.842353820800781;
2478974358.9755383;-85.832565307617188;
2479134615.3857946;-85.826713562011719;
2479294871.796051;-85.842353820800781;
2479455128.2063074;-85.83843994140625;
2479615384.6165643;-85.840385437011719;
2479775641.0268207;-85.867820739746094;
2479935897.437077;-85.871963500976563;
2480096153.8473334;-85.897293090820313;
2480256410.2575898;-85.907150268554688;
2480416666.6678462;-85.891395568847656;
2480576923.0781026;-85.911094665527344;
2480737179.488359;-85.897300720214844;
2480897435.8986154;-85.901237487792969;
2481057692.3088717;-85.903205871582031;
2481217948.7191281;-85.918983459472656;
2481378205.1293845;-85.911094665527344;
2481538461.5396409;-85.881568908691406;
2481698717.9498973;-85.913063049316406;
2481858974.3601537;-85.905181884765625;
2482019230.7704101;-85.903205871582031;
2482179487.1806664;-85.92095947265625;
2482339743.5909228;-85.913063049316406;
2482500000.0011792;-85.9150390625;
2482660256.4114356;-85.885459899902344;
2482820512.8216925;-85.8638916015625;
2482980769.2319489;-85.899261474609375;
2483141025.6422052;-85.913063049316406;
2483301282.0524616;-85.918983459472656;
2483461538.462718;-85.913063049316406;
2483621794.8729744;-85.909126281738281;
2483782051.2832308;-85.909126281738281;
2483942307.6934872;-85.899261474609375;
2484102564.1037436;-85.901222229003906;
2484262820.5139999;-85.899261474609375;
