Type;ESU;
Version;4.43;
Date;03.Jun 16;
Mode;ANALYZER;
Center Freq;2434262820.514000;Hz
Freq Offset;0.000000;Hz
Span;100000000.000000;Hz
x-Axis;LIN;
Start;2384262820.514000;Hz
Stop;2484262820.514000;Hz
Ref Level;-8.000000;dBm
Level Offset;0.000000;dB
Ref Position;100.000000;%
y-Axis;LOG;
Level Range;100.000000;dB
Rf Att;5.000000;dB
RBW;2000000.000000;Hz
VBW;50.000000;Hz
SWT;2.500000;s
Trace Mode;CLR/WRITE;
Detector;RMS;
Sweep Count;0;
Trace 1:;;
x-Unit;Hz;
y-Unit;dBm;
Values;625;
2384262820.5139999;-85.637374877929688;
2384423076.9242563;-85.63232421875;
2384583333.3345127;-85.655937194824219;
2384743589.7447691;-85.660240173339844;
2384903846.1550255;-85.634468078613281;
2385064102.5652819;-85.664527893066406;
2385224358.9755383;-85.623764038085938;
2385384615.3857946;-85.666679382324219;
2385544871.796051;-85.666671752929687;
2385705128.2063074;-85.645179748535156;
2385865384.6165643;-85.619461059570313;
2386025641.0268207;-85.632301330566406;
2386185897.437077;-85.625885009765625;
2386346153.8473334;-85.645195007324219;
2386506410.2575898;-85.649490356445313;
2386666666.6678462;-85.585311889648437;
2386826923.0781026;-85.598114013671875;
2386987179.488359;-85.597976684570313;
2387147435.8986154;-85.630081176757813;
2387307692.3088717;-85.540695190429687;
2387467948.7191281;-85.555496215820313;
2387628205.1293845;-85.600257873535156;
2387788461.5396409;-85.553337097167969;
2387948717.9498973;-85.581024169921875;
2388108974.3601537;-85.561866760253906;
2388269230.7704101;-85.612983703613281;
2388429487.1806664;-85.602333068847656;
2388589743.5909228;-85.59356689453125;
2388750000.0011792;-85.576751708984375;
2388910256.4114356;-85.578842163085938;
2389070512.8216925;-85.615196228027344;
2389230769.2319489;-85.498130798339844;
2389391025.6422052;-85.589469909667969;
2389551282.0524616;-85.530006408691406;
2389711538.462718;-85.5657958984375;
2389871794.8729744;-85.542732238769531;
2390032051.2832308;-85.533843994140625;
2390192307.6934872;-85.538497924804687;
2390352564.1037436;-85.426506042480469;
2390512820.5139999;-85.536369323730469;
2390673076.9242563;-85.384819030761719;
2390833333.3345127;-85.474098205566406;
2390993589.7447691;-85.3973388671875;
2391153846.1550255;-85.34783935546875;
2391314102.5652819;-85.401451110839844;
2391474358.9755383;-85.275619506835938;
2391634615.3857946;-85.460189819335937;
2391794871.796051;-85.230796813964844;
2391955128.2063074;-85.481399536132813;
2392115384.6165643;-85.095138549804687;
2392275641.0268207;-85.307403564453125;
2392435897.437077;-85.102737426757813;
2392596153.8473334;-85.157905578613281;
2392756410.2575898;-85.214736938476562;
2392916666.6678462;-85.060646057128906;
2393076923.0781026;-85.258155822753906;
2393237179.488359;-84.978614807128906;
2393397435.8986154;-85.340988159179687;
2393557692.3088717;-84.999893188476563;
2393717948.7191281;-85.258071899414063;
2393878205.1293845;-85.098320007324219;
2394038461.5396409;-85.175010681152344;
2394198717.9498973;-85.231452941894531;
2394358974.3601537;-85.150474548339844;
2394519230.7704101;-85.420356750488281;
2394679487.1806664;-85.184677124023437;
2394839743.5909228;-85.424148559570313;
2395000000.0011792;-85.251823425292969;
2395160256.4114356;-85.36126708984375;
2395320512.8216925;-85.399543762207031;
2395480769.2319489;-85.373703002929687;
2395641025.6422052;-85.485588073730469;
2395801282.0524616;-85.330513000488281;
2395961538.462718;-85.519447326660156;
2396121794.8729744;-85.3330078125;
2396282051.2832308;-85.447731018066406;
2396442307.6934872;-85.378677368164062;
2396602564.1037436;-85.418067932128906;
2396762820.5139999;-85.449760437011719;
2396923076.9242563;-85.428504943847656;
2397083333.3345127;-85.477310180664063;
2397243589.7447691;-85.3912353515625;
2397403846.1550255;-85.485664367675781;
2397564102.5652819;-85.391242980957031;
2397724358.9755383;-85.481193542480469;
2397884615.3857946;-85.464454650878906;
2398044871.796051;-85.476707458496094;
2398205128.2063074;-85.506752014160156;
2398365384.6165643;-85.456100463867187;
2398525641.0268207;-85.517326354980469;
2398685897.437077;-85.453887939453125;
2398846153.8473334;-85.530097961425781;
2399006410.2575898;-85.458366394042969;
2399166666.6678462;-85.491836547851563;
2399326923.0781026;-85.4498291015625;
2399487179.488359;-85.498191833496094;
2399647435.8986154;-85.489898681640625;
2399807692.3088717;-85.46246337890625;
2399967948.7191281;-85.508888244628906;
2400128205.1293845;-85.4688720703125;
2400288461.5396409;-85.513130187988281;
2400448717.9498973;-85.468711853027344;
2400608974.3601537;-85.493995666503906;
2400769230.7704101;-85.462600708007812;
2400929487.1806664;-85.466743469238281;
2401089743.5909228;-85.489952087402344;
2401250000.0011792;-85.46044921875;
2401410256.4114356;-85.523727416992188;
2401570512.8216925;-85.462570190429688;
2401730769.2319489;-85.498367309570313;
2401891025.6422052;-85.445747375488281;
2402051282.0524616;-85.513679504394531;
2402211538.462718;-85.452804565429688;
2402371794.8729744;-85.467941284179688;
2402532051.2832308;-85.521560668945313;
2402692307.6934872;-85.46044921875;
2402852564.1037436;-85.487846374511719;
2403012820.5139999;-85.443588256835938;
2403173076.9242563;-85.525840759277344;
2403333333.3345127;-85.52154541015625;
2403493589.7447691;-85.52362060546875;
2403653846.1550255;-85.510963439941406;
2403814102.5652819;-85.523696899414063;
2403974358.9755383;-85.554130554199219;
2404134615.3857946;-85.475196838378906;
2404294871.796051;-85.496871948242188;
2404455128.2063074;-85.471405029296875;
2404615384.6165643;-85.523635864257813;
2404775641.0268207;-85.504692077636719;
2404935897.437077;-85.483558654785156;
2405096153.8473334;-85.536392211914062;
2405256410.2575898;-85.5089111328125;
2405416666.6678462;-85.54278564453125;
2405576923.0781026;-85.527969360351563;
2405737179.488359;-85.508857727050781;
2405897435.8986154;-85.519424438476562;
2406057692.3088717;-85.51519775390625;
2406217948.7191281;-85.602340698242188;
2406378205.1293845;-85.600227355957031;
2406538461.5396409;-85.5853271484375;
2406698717.9498973;-85.527923583984375;
2406858974.3601537;-85.540626525878906;
2407019230.7704101;-85.504638671875;
2407179487.1806664;-85.527885437011719;
2407339743.5909228;-85.527969360351563;
2407500000.0011792;-85.485626220703125;
2407660256.4114356;-85.479423522949219;
2407820512.8216925;-85.485679626464844;
2407980769.2319489;-85.542808532714844;
2408141025.6422052;-85.504676818847656;
2408301282.0524616;-85.568252563476562;
2408461538.462718;-85.534309387207031;
2408621794.8729744;-85.557533264160156;
2408782051.2832308;-85.532188415527344;
2408942307.6934872;-85.513114929199219;
2409102564.1037436;-85.536453247070313;
2409262820.5139999;-85.525787353515625;
2409423076.9242563;-85.536453247070313;
2409583333.3345127;-85.473030090332031;
2409743589.7447691;-85.547050476074219;
2409903846.1550255;-85.470985412597656;
2410064102.5652819;-85.529983520507813;
2410224358.9755383;-85.534263610839844;
2410384615.3857946;-85.529960632324219;
2410544871.796051;-85.547027587890625;
2410705128.2063074;-85.483505249023438;
2410865384.6165643;-85.555526733398438;
2411025641.0268207;-85.500381469726563;
2411185897.437077;-85.555519104003906;
2411346153.8473334;-85.52362060546875;
2411506410.2575898;-85.606246948242188;
2411666666.6678462;-85.551193237304688;
2411826923.0781026;-85.561897277832031;
2411987179.488359;-85.499191284179688;
2412147435.8986154;-85.557640075683594;
2412307692.3088717;-85.466758728027344;
2412467948.7191281;-85.525856018066406;
2412628205.1293845;-85.523704528808594;
2412788461.5396409;-85.508872985839844;
2412948717.9498973;-85.523735046386719;
2413108974.3601537;-85.494148254394531;
2413269230.7704101;-85.595970153808594;
2413429487.1806664;-85.534278869628906;
2413589743.5909228;-85.542816162109375;
2413750000.0011792;-85.540679931640625;
2413910256.4114356;-85.551246643066406;
2414070512.8216925;-85.534332275390625;
2414230769.2319489;-85.540687561035156;
2414391025.6422052;-85.564651489257813;
2414551282.0524616;-85.554115295410156;
2414711538.462718;-85.564651489257813;
2414871794.8729744;-85.527961730957031;
2415032051.2832308;-85.534332275390625;
2415192307.6934872;-85.534309387207031;
2415352564.1037436;-85.581062316894531;
2415512820.5139999;-85.576805114746094;
2415673076.9242563;-85.600234985351563;
2415833333.3345127;-85.559783935546875;
2415993589.7447691;-85.544921875;
2416153846.1550255;-85.561912536621094;
2416314102.5652819;-85.553298950195313;
2416474358.9755383;-85.638755798339844;
2416634615.3857946;-85.5810546875;
2416794871.796051;-85.601165771484375;
2416955128.2063074;-85.5616455078125;
2417115384.6165643;-85.535545349121094;
2417275641.0268207;-85.551300048828125;
2417435897.437077;-85.544914245605469;
2417596153.8473334;-85.593864440917969;
2417756410.2575898;-85.557670593261719;
2417916666.6678462;-85.561912536621094;
2418076923.0781026;-85.559776306152344;
2418237179.488359;-85.551284790039063;
2418397435.8986154;-85.534332275390625;
2418557692.3088717;-85.549163818359375;
2418717948.7191281;-85.617332458496094;
2418878205.1293845;-85.602371215820313;
2419038461.5396409;-85.588981628417969;
2419198717.9498973;-85.559791564941406;
2419358974.3601537;-85.53070068359375;
2419519230.7704101;-85.566146850585937;
2419679487.1806664;-85.645195007324219;
2419839743.5909228;-85.649497985839844;
2420000000.0011792;-85.600242614746094;
2420160256.4114356;-85.544929504394531;
2420320512.8216925;-85.540672302246094;
2420480769.2319489;-85.589591979980469;
2420641025.6422052;-85.555549621582031;
2420801282.0524616;-85.534332275390625;
2420961538.462718;-85.553421020507813;
2421121794.8729744;-85.523719787597656;
2421282051.2832308;-85.550079345703125;
2421442307.6934872;-85.540679931640625;
2421602564.1037436;-85.540695190429687;
2421762820.5139999;-85.542808532714844;
2421923076.9242563;-85.547042846679688;
2422083333.3345127;-85.557662963867187;
2422243589.7447691;-85.576805114746094;
2422403846.1550255;-85.549171447753906;
2422564102.5652819;-85.523735046386719;
2422724358.9755383;-85.534332275390625;
2422884615.3857946;-85.502571105957031;
2423044871.796051;-85.54705810546875;
2423205128.2063074;-85.534286499023438;
2423365384.6165643;-85.637840270996094;
2423525641.0268207;-85.600227355957031;
2423685897.437077;-85.6173095703125;
2423846153.8473334;-85.534324645996094;
2424006410.2575898;-85.547042846679688;
2424166666.6678462;-85.540687561035156;
2424326923.0781026;-85.53643798828125;
2424487179.488359;-85.540687561035156;
2424647435.8986154;-85.525863647460938;
2424807692.3088717;-85.551284790039063;
2424967948.7191281;-85.521621704101563;
2425128205.1293845;-85.51519775390625;
2425288461.5396409;-85.481468200683594;
2425448717.9498973;-85.525833129882813;
2425608974.3601537;-85.536453247070313;
2425769230.7704101;-85.475090026855469;
2425929487.1806664;-85.504707336425781;
2426089743.5909228;-85.454063415527344;
2426250000.0011792;-85.500503540039063;
2426410256.4114356;-85.414390563964844;
2426570512.8216925;-85.380340576171875;
2426730769.2319489;-85.285575866699219;
2426891025.6422052;-85.115997314453125;
2427051282.0524616;-85.132308959960938;
2427211538.462718;-84.710983276367188;
2427371794.8729744;-84.733283996582031;
2427532051.2832308;-83.809097290039062;
2427692307.6934872;-84.108688354492188;
2427852564.1037436;-82.438552856445313;
2428012820.5139999;-82.163337707519531;
2428173076.9242563;-79.828704833984375;
2428333333.3345127;-78.711090087890625;
2428493589.7447691;-77.238372802734375;
2428653846.1550255;-74.8458251953125;
2428814102.5652819;-74.306205749511719;
2428974358.9755383;-69.595733642578125;
2429134615.3857946;-69.703140258789063;
2429294871.796051;-65.5643310546875;
2429455128.2063074;-64.80169677734375;
2429615384.6165643;-62.207622528076172;
2429775641.0268207;-59.652362823486328;
2429935897.437077;-58.468578338623047;
2430096153.8473334;-55.821971893310547;
2430256410.2575898;-55.508136749267578;
2430416666.6678462;-52.286056518554687;
2430576923.0781026;-51.644268035888672;
2430737179.488359;-48.871650695800781;
2430897435.8986154;-47.586219787597656;
2431057692.3088717;-46.446605682373047;
2431217948.7191281;-44.166820526123047;
2431378205.1293845;-42.980045318603516;
2431538461.5396409;-40.8642578125;
2431698717.9498973;-40.315399169921875;
2431858974.3601537;-38.287605285644531;
2432019230.7704101;-37.242794036865234;
2432179487.1806664;-34.878009796142578;
2432339743.5909228;-33.910800933837891;
2432500000.0011792;-32.717746734619141;
2432660256.4114356;-31.567205429077148;
2432820512.8216925;-30.416887283325195;
2432980769.2319489;-28.611766815185547;
2433141025.6422052;-28.055551528930664;
2433301282.0524616;-26.857421875;
2433461538.462718;-26.337730407714844;
2433621794.8729744;-25.216415405273438;
2433782051.2832308;-24.410526275634766;
2433942307.6934872;-24.013236999511719;
2434102564.1037436;-23.751827239990234;
2434262820.5139999;-23.511251449584961;
2434423076.9242563;-23.376110076904297;
2434583333.3345127;-23.280496597290039;
2434743589.7447691;-23.673345565795898;
2434903846.1550255;-23.831283569335938;
2435064102.5652819;-24.453048706054687;
2435224358.9755383;-24.852155685424805;
2435384615.3857946;-26.063577651977539;
2435544871.796051;-26.697017669677734;
2435705128.2063074;-27.629280090332031;
2435865384.6165643;-28.493839263916016;
2436025641.0268207;-29.621095657348633;
2436185897.437077;-31.300539016723633;
2436346153.8473334;-32.107959747314453;
2436506410.2575898;-33.524856567382812;
2436666666.6678462;-34.277645111083984;
2436826923.0781026;-36.087787628173828;
2436987179.488359;-37.6708984375;
2437147435.8986154;-38.837902069091797;
2437307692.3088717;-40.039310455322266;
2437467948.7191281;-40.984813690185547;
2437628205.1293845;-42.722156524658203;
2437788461.5396409;-44.275924682617188;
2437948717.9498973;-45.675121307373047;
2438108974.3601537;-46.640068054199219;
2438269230.7704101;-47.869342803955078;
2438429487.1806664;-49.271385192871094;
2438589743.5909228;-51.151477813720703;
2438750000.0011792;-52.314132690429688;
2438910256.4114356;-53.358779907226563;
2439070512.8216925;-54.704875946044922;
2439230769.2319489;-56.041854858398438;
2439391025.6422052;-58.259727478027344;
2439551282.0524616;-59.192317962646484;
2439711538.462718;-60.699962615966797;
2439871794.8729744;-61.959884643554688;
2440032051.2832308;-63.680625915527344;
2440192307.6934872;-65.994613647460938;
2440352564.1037436;-67.307273864746094;
2440512820.5139999;-69.136932373046875;
2440673076.9242563;-70.425796508789063;
2440833333.3345127;-72.923362731933594;
2440993589.7447691;-75.421035766601563;
2441153846.1550255;-77.136077880859375;
2441314102.5652819;-78.622917175292969;
2441474358.9755383;-79.956291198730469;
2441634615.3857946;-81.686820983886719;
2441794871.796051;-83.179618835449219;
2441955128.2063074;-83.8529052734375;
2442115384.6165643;-84.310844421386719;
2442275641.0268207;-84.564338684082031;
2442435897.437077;-84.977897644042969;
2442596153.8473334;-85.27325439453125;
2442756410.2575898;-85.372718811035156;
2442916666.6678462;-85.439506530761719;
2443076923.0781026;-85.443656921386719;
2443237179.488359;-85.525856018066406;
2443397435.8986154;-85.517402648925781;
2443557692.3088717;-85.587425231933594;
2443717948.7191281;-85.549171447753906;
2443878205.1293845;-85.56402587890625;
2444038461.5396409;-85.606056213378906;
2444198717.9498973;-85.561912536621094;
2444358974.3601537;-85.604515075683594;
2444519230.7704101;-85.59381103515625;
2444679487.1806664;-85.643043518066406;
2444839743.5909228;-85.623725891113281;
2445000000.0011792;-85.645149230957031;
2445160256.4114356;-85.647262573242188;
2445320512.8216925;-85.662307739257813;
2445480769.2319489;-85.664535522460938;
2445641025.6422052;-85.610877990722656;
2445801282.0524616;-85.638748168945313;
2445961538.462718;-85.660209655761719;
2446121794.8729744;-85.568244934082031;
2446282051.2832308;-85.604415893554688;
2446442307.6934872;-85.643028259277344;
2446602564.1037436;-85.662391662597656;
2446762820.5139999;-85.649490356445313;
2446923076.9242563;-85.681755065917969;
2447083333.3345127;-85.653778076171875;
2447243589.7447691;-85.673126220703125;
2447403846.1550255;-85.655937194824219;
2447564102.5652819;-85.666671752929687;
2447724358.9755383;-85.647346496582031;
2447884615.3857946;-85.651634216308594;
2448044871.796051;-85.651641845703125;
2448205128.2063074;-85.66021728515625;
2448365384.6165643;-85.67742919921875;
2448525641.0268207;-85.666671752929687;
2448685897.437077;-85.679595947265625;
2448846153.8473334;-85.64947509765625;
2449006410.2575898;-85.670974731445313;
2449166666.6678462;-85.7076416015625;
2449326923.0781026;-85.731430053710937;
2449487179.488359;-85.705490112304688;
2449647435.8986154;-85.690361022949219;
2449807692.3088717;-85.688217163085937;
2449967948.7191281;-85.673103332519531;
2450128205.1293845;-85.668769836425781;
2450288461.5396409;-85.701148986816406;
2450448717.9498973;-85.720573425292969;
2450608974.3601537;-85.694686889648438;
2450769230.7704101;-85.675277709960938;
2450929487.1806664;-85.664520263671875;
2451089743.5909228;-85.643051147460938;
2451250000.0011792;-85.638740539550781;
2451410256.4114356;-85.640869140625;
2451570512.8216925;-85.649467468261719;
2451730769.2319489;-85.610794067382812;
2451891025.6422052;-85.666679382324219;
2452051282.0524616;-85.679534912109375;
2452211538.462718;-85.692527770996094;
2452371794.8729744;-85.709770202636719;
2452532051.2832308;-85.705436706542969;
2452692307.6934872;-85.737953186035156;
2452852564.1037436;-85.677421569824219;
2453012820.5139999;-85.742996215820313;
2453173076.9242563;-85.733879089355469;
2453333333.3345127;-85.715911865234375;
2453493589.7447691;-85.243644714355469;
2453653846.1550255;-84.89892578125;
2453814102.5652819;-85.499969482421875;
2453974358.9755383;-85.647270202636719;
2454134615.3857946;-85.702980041503906;
2454294871.796051;-85.447517395019531;
2454455128.2063074;-85.660102844238281;
2454615384.6165643;-85.681671142578125;
2454775641.0268207;-85.690193176269531;
2454935897.437077;-85.709808349609375;
2455096153.8473334;-85.647018432617187;
2455256410.2575898;-85.711906433105469;
2455416666.6678462;-85.647171020507813;
2455576923.0781026;-85.612945556640625;
2455737179.488359;-85.380874633789063;
2455897435.8986154;-85.363655090332031;
2456057692.3088717;-85.312187194824219;
2456217948.7191281;-85.316238403320313;
2456378205.1293845;-85.267189025878906;
2456538461.5396409;-85.328765869140625;
2456698717.9498973;-85.610832214355469;
2456858974.3601537;-85.498092651367188;
2457019230.7704101;-85.629989624023438;
2457179487.1806664;-85.617156982421875;
2457339743.5909228;-85.659980773925781;
2457500000.0011792;-85.696731567382812;
2457660256.4114356;-85.664276123046875;
2457820512.8216925;-85.735763549804688;
2457980769.2319489;-85.630043029785156;
2458141025.6422052;-85.668731689453125;
2458301282.0524616;-85.525802612304687;
2458461538.462718;-85.534103393554687;
2458621794.8729744;-85.597724914550781;
2458782051.2832308;-85.692344665527344;
2458942307.6934872;-85.763969421386719;
2459102564.1037436;-85.705337524414063;
2459262820.5139999;-85.755287170410156;
2459423076.9242563;-85.649383544921875;
2459583333.3345127;-85.677268981933594;
2459743589.7447691;-85.709617614746094;
2459903846.1550255;-85.674781799316406;
2460064102.5652819;-85.696762084960938;
2460224358.9755383;-85.677169799804687;
2460384615.3857946;-85.735771179199219;
2460544871.796051;-85.610832214355469;
2460705128.2063074;-85.688003540039063;
2460865384.6165643;-85.688034057617188;
2461025641.0268207;-85.668266296386719;
2461185897.437077;-85.707489013671875;
2461346153.8473334;-85.677253723144531;
2461506410.2575898;-85.750946044921875;
2461666666.6678462;-85.662147521972656;
2461826923.0781026;-85.779182434082031;
2461987179.488359;-85.681732177734375;
2462147435.8986154;-85.696540832519531;
2462307692.3088717;-85.675193786621094;
2462467948.7191281;-85.690093994140625;
2462628205.1293845;-85.785667419433594;
2462788461.5396409;-85.733360290527344;
2462948717.9498973;-85.792289733886719;
2463108974.3601537;-85.714065551757812;
2463269230.7704101;-85.735595703125;
2463429487.1806664;-85.711715698242188;
2463589743.5909228;-85.735267639160156;
2463750000.0011792;-85.720535278320313;
2463910256.4114356;-85.713859558105469;
2464070512.8216925;-85.7596435546875;
2464230769.2319489;-85.672859191894531;
2464391025.6422052;-85.770523071289062;
2464551282.0524616;-85.6322021484375;
2464711538.462718;-85.709579467773437;
2464871794.8729744;-85.67724609375;
2465032051.2832308;-85.679145812988281;
2465192307.6934872;-85.731269836425781;
2465352564.1037436;-85.711700439453125;
2465512820.5139999;-85.770553588867188;
2465673076.9242563;-85.653564453125;
2465833333.3345127;-85.748634338378906;
2465993589.7447691;-85.655654907226563;
2466153846.1550255;-85.709403991699219;
2466314102.5652819;-85.744369506835938;
2466474358.9755383;-85.64886474609375;
2466634615.3857946;-85.703292846679688;
2466794871.796051;-85.604194641113281;
2466955128.2063074;-85.694618225097656;
2467115384.6165643;-85.600021362304688;
2467275641.0268207;-85.694267272949219;
2467435897.437077;-85.670768737792969;
2467596153.8473334;-85.7137451171875;
2467756410.2575898;-85.6688232421875;
2467916666.6678462;-85.659866333007813;
2468076923.0781026;-85.729217529296875;
2468237179.488359;-85.623329162597656;
2468397435.8986154;-85.759666442871094;
2468557692.3088717;-85.653511047363281;
2468717948.7191281;-85.713531494140625;
2468878205.1293845;-85.644859313964844;
2469038461.5396409;-85.631034851074219;
2469198717.9498973;-85.681488037109375;
2469358974.3601537;-85.603317260742188;
2469519230.7704101;-85.677261352539062;
2469679487.1806664;-85.522804260253906;
2469839743.5909228;-85.6923828125;
2470000000.0011792;-85.544326782226562;
2470160256.4114356;-85.639892578125;
2470320512.8216925;-85.610244750976563;
2470480769.2319489;-85.587646484375;
2470641025.6422052;-85.632003784179688;
2470801282.0524616;-85.535163879394531;
2470961538.462718;-85.651565551757813;
2471121794.8729744;-85.434249877929687;
2471282051.2832308;-85.614913940429688;
2471442307.6934872;-85.409011840820313;
2471602564.1037436;-85.529495239257813;
2471762820.5139999;-85.455474853515625;
2471923076.9242563;-85.433792114257813;
2472083333.3345127;-85.548591613769531;
2472243589.7447691;-85.266708374023437;
2472403846.1550255;-85.512351989746094;
2472564102.5652819;-84.429695129394531;
2472724358.9755383;-85.346023559570313;
2472884615.3857946;-84.940818786621094;
2473044871.796051;-85.330726623535156;
2473205128.2063074;-85.021476745605469;
2473365384.6165643;-84.882675170898437;
2473525641.0268207;-85.017417907714844;
2473685897.437077;-84.978179931640625;
2473846153.8473334;-85.269088745117187;
2474006410.2575898;-84.926109313964844;
2474166666.6678462;-85.2918701171875;
2474326923.0781026;-84.87725830078125;
2474487179.488359;-85.380210876464844;
2474647435.8986154;-84.861030578613281;
2474807692.3088717;-85.367439270019531;
2474967948.7191281;-83.585861206054687;
2475128205.1293845;-84.74395751953125;
2475288461.5396409;-85.179962158203125;
2475448717.9498973;-85.194778442382813;
2475608974.3601537;-85.453338623046875;
2475769230.7704101;-84.555831909179687;
2475929487.1806664;-84.870941162109375;
2476089743.5909228;-85.14520263671875;
2476250000.0011792;-85.539817810058594;
2476410256.4114356;-85.472038269042969;
2476570512.8216925;-85.594024658203125;
2476730769.2319489;-85.597640991210937;
2476891025.6422052;-85.577835083007813;
2477051282.0524616;-85.679443359375;
2477211538.462718;-85.574020385742188;
2477371794.8729744;-85.740005493164062;
2477532051.2832308;-85.561683654785156;
2477692307.6934872;-85.724769592285156;
2477852564.1037436;-85.662002563476562;
2478012820.5139999;-85.6964111328125;
2478173076.9242563;-85.718307495117188;
2478333333.3345127;-85.700790405273438;
2478493589.7447691;-85.750953674316406;
2478653846.1550255;-85.672981262207031;
2478814102.5652819;-85.7530517578125;
2478974358.9755383;-85.688156127929688;
2479134615.3857946;-85.778617858886719;
2479294871.796051;-85.69488525390625;
2479455128.2063074;-85.733833312988281;
2479615384.6165643;-85.711868286132812;
2479775641.0268207;-85.744255065917969;
2479935897.437077;-85.774871826171875;
2480096153.8473334;-85.696670532226563;
2480256410.2575898;-85.748764038085938;
2480416666.6678462;-85.707611083984375;
2480576923.0781026;-85.783615112304688;
2480737179.488359;-85.746612548828125;
2480897435.8986154;-85.735740661621094;
2481057692.3088717;-85.781394958496094;
2481217948.7191281;-85.759613037109375;
2481378205.1293845;-85.779258728027344;
2481538461.5396409;-85.714118957519531;
2481698717.9498973;-85.770530700683594;
2481858974.3601537;-85.798858642578125;
2482019230.7704101;-85.831619262695313;
2482179487.1806664;-85.794525146484375;
2482339743.5909228;-85.818550109863281;
2482500000.0011792;-85.827308654785156;
2482660256.4114356;-85.801055908203125;
2482820512.8216925;-85.764022827148438;
2482980769.2319489;-85.757499694824219;
2483141025.6422052;-85.761222839355469;
2483301282.0524616;-85.7618408203125;
2483461538.462718;-85.7596435546875;
2483621794.8729744;-85.83380126953125;
2483782051.2832308;-85.820732116699219;
2483942307.6934872;-85.772727966308594;
2484102564.1037436;-85.701148986816406;
2484262820.5139999;-85.770515441894531;
