Type;ESU;
Version;4.43;
Date;03.Jun 16;
Mode;ANALYZER;
Center Freq;2434262820.514000;Hz
Freq Offset;0.000000;Hz
Span;100000000.000000;Hz
x-Axis;LIN;
Start;2384262820.514000;Hz
Stop;2484262820.514000;Hz
Ref Level;-9.000000;dBm
Level Offset;0.000000;dB
Ref Position;100.000000;%
y-Axis;LOG;
Level Range;100.000000;dB
Rf Att;5.000000;dB
RBW;2000000.000000;Hz
VBW;50.000000;Hz
SWT;2.500000;s
Trace Mode;CLR/WRITE;
Detector;RMS;
Sweep Count;0;
Trace 1:;;
x-Unit;Hz;
y-Unit;dBm;
Values;625;
2384262820.5139999;-85.720840454101563;
2384423076.9242563;-85.721893310546875;
2384583333.3345127;-85.702613830566406;
2384743589.7447691;-85.719963073730469;
2384903846.1550255;-85.666130065917969;
2385064102.5652819;-85.675682067871094;
2385224358.9755383;-85.683387756347656;
2385384615.3857946;-85.733474731445313;
2385544871.796051;-85.704544067382812;
2385705128.2063074;-85.704513549804688;
2385865384.6165643;-85.639335632324219;
2386025641.0268207;-85.6507568359375;
2386185897.437077;-85.635482788085937;
2386346153.8473334;-85.675613403320313;
2386506410.2575898;-85.685249328613281;
2386666666.6678462;-85.733489990234375;
2386826923.0781026;-85.635505676269531;
2386987179.488359;-85.637420654296875;
2387147435.8986154;-85.646217346191406;
2387307692.3088717;-85.722419738769531;
2387467948.7191281;-85.681434631347656;
2387628205.1293845;-85.680335998535156;
2387788461.5396409;-85.696006774902344;
2387948717.9498973;-85.671775817871094;
2388108974.3601537;-85.698219299316406;
2388269230.7704101;-85.666679382324219;
2388429487.1806664;-85.68145751953125;
2388589743.5909228;-85.649871826171875;
2388750000.0011792;-85.658164978027344;
2388910256.4114356;-85.6412353515625;
2389070512.8216925;-85.711158752441406;
2389230769.2319489;-85.662269592285156;
2389391025.6422052;-85.706466674804688;
2389551282.0524616;-85.631629943847656;
2389711538.462718;-85.645606994628906;
2389871794.8729744;-85.598716735839844;
2390032051.2832308;-85.673797607421875;
2390192307.6934872;-85.627822875976563;
2390352564.1037436;-85.656524658203125;
2390512820.5139999;-85.521469116210938;
2390673076.9242563;-85.641204833984375;
2390833333.3345127;-85.525299072265625;
2390993589.7447691;-85.562393188476563;
2391153846.1550255;-85.485740661621094;
2391314102.5652819;-85.448951721191406;
2391474358.9755383;-85.451713562011719;
2391634615.3857946;-85.533966064453125;
2391794871.796051;-85.387588500976563;
2391955128.2063074;-85.45562744140625;
2392115384.6165643;-85.406822204589844;
2392275641.0268207;-85.386024475097656;
2392435897.437077;-85.312126159667969;
2392596153.8473334;-85.337783813476563;
2392756410.2575898;-85.440093994140625;
2392916666.6678462;-85.310592651367188;
2393076923.0781026;-85.491012573242188;
2393237179.488359;-85.24676513671875;
2393397435.8986154;-85.513725280761719;
2393557692.3088717;-85.238578796386719;
2393717948.7191281;-85.461349487304688;
2393878205.1293845;-85.238937377929687;
2394038461.5396409;-85.471847534179687;
2394198717.9498973;-85.459129333496094;
2394358974.3601537;-85.513404846191406;
2394519230.7704101;-85.508819580078125;
2394679487.1806664;-85.513816833496094;
2394839743.5909228;-85.528266906738281;
2395000000.0011792;-85.501937866210938;
2395160256.4114356;-85.533103942871094;
2395320512.8216925;-85.450675964355469;
2395480769.2319489;-85.583580017089844;
2395641025.6422052;-85.480827331542969;
2395801282.0524616;-85.604965209960937;
2395961538.462718;-85.49127197265625;
2396121794.8729744;-85.523521423339844;
2396282051.2832308;-85.50823974609375;
2396442307.6934872;-85.576385498046875;
2396602564.1037436;-85.457664489746094;
2396762820.5139999;-85.525276184082031;
2396923076.9242563;-85.57061767578125;
2397083333.3345127;-85.606536865234375;
2397243589.7447691;-85.521553039550781;
2397403846.1550255;-85.563087463378906;
2397564102.5652819;-85.60498046875;
2397724358.9755383;-85.572494506835938;
2397884615.3857946;-85.547981262207031;
2398044871.796051;-85.570579528808594;
2398205128.2063074;-85.576408386230469;
2398365384.6165643;-85.597251892089844;
2398525641.0268207;-85.612579345703125;
2398685897.437077;-85.540412902832031;
2398846153.8473334;-85.614494323730469;
2399006410.2575898;-85.54425048828125;
2399166666.6678462;-85.599273681640625;
2399326923.0781026;-85.519744873046875;
2399487179.488359;-85.578353881835938;
2399647435.8986154;-85.599266052246094;
2399807692.3088717;-85.637397766113281;
2399967948.7191281;-85.582176208496094;
2400128205.1293845;-85.6202392578125;
2400288461.5396409;-85.591651916503906;
2400448717.9498973;-85.6240234375;
2400608974.3601537;-85.606880187988281;
2400769230.7704101;-85.624008178710938;
2400929487.1806664;-85.61260986328125;
2401089743.5909228;-85.593574523925781;
2401250000.0011792;-85.608795166015625;
2401410256.4114356;-85.608772277832031;
2401570512.8216925;-85.585983276367188;
2401730769.2319489;-85.572700500488281;
2401891025.6422052;-85.606887817382812;
2402051282.0524616;-85.5877685546875;
2402211538.462718;-85.60687255859375;
2402371794.8729744;-85.605003356933594;
2402532051.2832308;-85.62786865234375;
2402692307.6934872;-85.589759826660156;
2402852564.1037436;-85.618339538574219;
2403012820.5139999;-85.585960388183594;
2403173076.9242563;-85.671882629394531;
2403333333.3345127;-85.599258422851562;
2403493589.7447691;-85.624031066894531;
2403653846.1550255;-85.639312744140625;
2403814102.5652819;-85.610710144042969;
2403974358.9755383;-85.580284118652344;
2404134615.3857946;-85.627861022949219;
2404294871.796051;-85.606895446777344;
2404455128.2063074;-85.60498046875;
2404615384.6165643;-85.566970825195313;
2404775641.0268207;-85.620231628417969;
2404935897.437077;-85.622138977050781;
2405096153.8473334;-85.595458984375;
2405256410.2575898;-85.57269287109375;
2405416666.6678462;-85.612541198730469;
2405576923.0781026;-85.603080749511719;
2405737179.488359;-85.606887817382812;
2405897435.8986154;-85.612617492675781;
2406057692.3088717;-85.612548828125;
2406217948.7191281;-85.614509582519531;
2406378205.1293845;-85.597343444824219;
2406538461.5396409;-85.616416931152344;
2406698717.9498973;-85.608779907226562;
2406858974.3601537;-85.666114807128906;
2407019230.7704101;-85.624008178710938;
2407179487.1806664;-85.660331726074219;
2407339743.5909228;-85.643119812011719;
2407500000.0011792;-85.631683349609375;
2407660256.4114356;-85.595458984375;
2407820512.8216925;-85.601150512695312;
2407980769.2319489;-85.599250793457031;
2408141025.6422052;-85.620201110839844;
2408301282.0524616;-85.662216186523438;
2408461538.462718;-85.648826599121094;
2408621794.8729744;-85.671875;
2408782051.2832308;-85.662277221679688;
2408942307.6934872;-85.639320373535156;
2409102564.1037436;-85.587852478027344;
2409262820.5139999;-85.603042602539063;
2409423076.9242563;-85.606857299804688;
2409583333.3345127;-85.593498229980469;
2409743589.7447691;-85.631629943847656;
2409903846.1550255;-85.618331909179687;
2410064102.5652819;-85.564987182617188;
2410224358.9755383;-85.608772277832031;
2410384615.3857946;-85.574432373046875;
2410544871.796051;-85.606880187988281;
2410705128.2063074;-85.54046630859375;
2410865384.6165643;-85.618331909179687;
2411025641.0268207;-85.61065673828125;
2411185897.437077;-85.631637573242188;
2411346153.8473334;-85.591659545898438;
2411506410.2575898;-85.622817993164062;
2411666666.6678462;-85.53485107421875;
2411826923.0781026;-85.565078735351563;
2411987179.488359;-85.62786865234375;
2412147435.8986154;-85.595413208007813;
2412307692.3088717;-85.610702514648437;
2412467948.7191281;-85.622093200683594;
2412628205.1293845;-85.610664367675781;
2412788461.5396409;-85.622093200683594;
2412948717.9498973;-85.633583068847656;
2413108974.3601537;-85.625907897949219;
2413269230.7704101;-85.623786926269531;
2413429487.1806664;-85.612594604492187;
2413589743.5909228;-85.627876281738281;
2413750000.0011792;-85.666091918945313;
2413910256.4114356;-85.696861267089844;
2414070512.8216925;-85.677619934082031;
2414230769.2319489;-85.645057678222656;
2414391025.6422052;-85.625946044921875;
2414551282.0524616;-85.679550170898437;
2414711538.462718;-85.685325622558594;
2414871794.8729744;-85.712234497070313;
2415032051.2832308;-85.727676391601563;
2415192307.6934872;-85.727676391601563;
2415352564.1037436;-85.683403015136719;
2415512820.5139999;-85.666099548339844;
2415673076.9242563;-85.629783630371094;
2415833333.3345127;-85.618331909179687;
2415993589.7447691;-85.658737182617188;
2416153846.1550255;-85.654624938964844;
2416314102.5652819;-85.660362243652344;
2416474358.9755383;-85.685317993164063;
2416634615.3857946;-85.624061584472656;
2416794871.796051;-85.645050048828125;
2416955128.2063074;-85.658462524414062;
2417115384.6165643;-85.654594421386719;
2417275641.0268207;-85.629776000976563;
2417435897.437077;-85.648895263671875;
2417596153.8473334;-85.683403015136719;
2417756410.2575898;-85.706474304199219;
2417916666.6678462;-85.694923400878906;
2418076923.0781026;-85.691604614257813;
2418237179.488359;-85.696846008300781;
2418397435.8986154;-85.64886474609375;
2418557692.3088717;-85.662284851074219;
2418717948.7191281;-85.68914794921875;
2418878205.1293845;-85.714179992675781;
2419038461.5396409;-85.637397766113281;
2419198717.9498973;-85.652725219726563;
2419358974.3601537;-85.639335632324219;
2419519230.7704101;-85.652717590332031;
2419679487.1806664;-85.65655517578125;
2419839743.5909228;-85.639320373535156;
2420000000.0011792;-85.650802612304688;
2420160256.4114356;-85.646934509277344;
2420320512.8216925;-85.619430541992188;
2420480769.2319489;-85.608802795410156;
2420641025.6422052;-85.620246887207031;
2420801282.0524616;-85.618339538574219;
2420961538.462718;-85.627838134765625;
2421121794.8729744;-85.6297607421875;
2421282051.2832308;-85.671821594238281;
2421442307.6934872;-85.664138793945313;
2421602564.1037436;-85.624061584472656;
2421762820.5139999;-85.595451354980469;
2421923076.9242563;-85.595474243164063;
2422083333.3345127;-85.585960388183594;
2422243589.7447691;-85.627876281738281;
2422403846.1550255;-85.588958740234375;
2422564102.5652819;-85.616409301757812;
2422724358.9755383;-85.576438903808594;
2422884615.3857946;-85.608810424804688;
2423044871.796051;-85.580276489257813;
2423205128.2063074;-85.614517211914062;
2423365384.6165643;-85.612571716308594;
2423525641.0268207;-85.614517211914062;
2423685897.437077;-85.606895446777344;
2423846153.8473334;-85.645027160644531;
2424006410.2575898;-85.601181030273438;
2424166666.6678462;-85.612617492675781;
2424326923.0781026;-85.60308837890625;
2424487179.488359;-85.618309020996094;
2424647435.8986154;-85.529182434082031;
2424807692.3088717;-85.549942016601562;
2424967948.7191281;-85.551719665527344;
2425128205.1293845;-85.597297668457031;
2425288461.5396409;-85.5859375;
2425448717.9498973;-85.572608947753906;
2425608974.3601537;-85.521644592285156;
2425769230.7704101;-85.5291748046875;
2425929487.1806664;-85.519760131835938;
2426089743.5909228;-85.464942932128906;
2426250000.0011792;-85.510276794433594;
2426410256.4114356;-85.402862548828125;
2426570512.8216925;-85.457679748535156;
2426730769.2319489;-85.324790954589844;
2426891025.6422052;-85.329582214355469;
2427051282.0524616;-84.856552124023438;
2427211538.462718;-85.044677734375;
2427371794.8729744;-84.241569519042969;
2427532051.2832308;-84.662269592285156;
2427692307.6934872;-82.521011352539063;
2427852564.1037436;-83.183570861816406;
2428012820.5139999;-80.692024230957031;
2428173076.9242563;-80.517059326171875;
2428333333.3345127;-78.667510986328125;
2428493589.7447691;-76.401268005371094;
2428653846.1550255;-73.924087524414063;
2428814102.5652819;-72.186691284179687;
2428974358.9755383;-70.254524230957031;
2429134615.3857946;-68.545852661132813;
2429294871.796051;-65.554878234863281;
2429455128.2063074;-64.459121704101563;
2429615384.6165643;-61.198577880859375;
2429775641.0268207;-60.780509948730469;
2429935897.437077;-58.198749542236328;
2430096153.8473334;-55.720863342285156;
2430256410.2575898;-54.513782501220703;
2430416666.6678462;-52.601696014404297;
2430576923.0781026;-51.795917510986328;
2430737179.488359;-49.174087524414063;
2430897435.8986154;-48.43560791015625;
2431057692.3088717;-45.590854644775391;
2431217948.7191281;-45.371852874755859;
2431378205.1293845;-42.698253631591797;
2431538461.5396409;-42.535026550292969;
2431698717.9498973;-39.535503387451172;
2431858974.3601537;-38.619121551513672;
2432019230.7704101;-37.027263641357422;
2432179487.1806664;-35.972183227539063;
2432339743.5909228;-34.705974578857422;
2432500000.0011792;-32.926033020019531;
2432660256.4114356;-31.894378662109375;
2432820512.8216925;-30.744985580444336;
2432980769.2319489;-29.970052719116211;
2433141025.6422052;-28.915094375610352;
2433301282.0524616;-27.690553665161133;
2433461538.462718;-27.078638076782227;
2433621794.8729744;-26.500873565673828;
2433782051.2832308;-26.1297607421875;
2433942307.6934872;-25.626760482788086;
2434102564.1037436;-25.552528381347656;
2434262820.5139999;-25.398525238037109;
2434423076.9242563;-25.799106597900391;
2434583333.3345127;-25.725437164306641;
2434743589.7447691;-26.458009719848633;
2434903846.1550255;-26.921976089477539;
2435064102.5652819;-27.917400360107422;
2435224358.9755383;-28.430822372436523;
2435384615.3857946;-29.416980743408203;
2435544871.796051;-30.288677215576172;
2435705128.2063074;-31.882928848266602;
2435865384.6165643;-32.828178405761719;
2436025641.0268207;-34.184612274169922;
2436185897.437077;-34.997875213623047;
2436346153.8473334;-36.4432373046875;
2436506410.2575898;-38.207008361816406;
2436666666.6678462;-39.311344146728516;
2436826923.0781026;-40.679393768310547;
2436987179.488359;-41.699142456054687;
2437147435.8986154;-43.092067718505859;
2437307692.3088717;-44.947090148925781;
2437467948.7191281;-46.3160400390625;
2437628205.1293845;-47.146068572998047;
2437788461.5396409;-48.541225433349609;
2437948717.9498973;-49.508270263671875;
2438108974.3601537;-51.6622314453125;
2438269230.7704101;-52.704849243164063;
2438429487.1806664;-54.165676116943359;
2438589743.5909228;-54.939571380615234;
2438750000.0011792;-56.64276123046875;
2438910256.4114356;-58.220615386962891;
2439070512.8216925;-59.930744171142578;
2439230769.2319489;-60.856914520263672;
2439391025.6422052;-62.331878662109375;
2439551282.0524616;-63.600223541259766;
2439711538.462718;-66.012542724609375;
2439871794.8729744;-67.669105529785156;
2440032051.2832308;-69.032630920410156;
2440192307.6934872;-70.674911499023437;
2440352564.1037436;-72.229743957519531;
2440512820.5139999;-75.013053894042969;
2440673076.9242563;-76.810379028320312;
2440833333.3345127;-78.379898071289063;
2440993589.7447691;-79.749664306640625;
2441153846.1550255;-81.165504455566406;
2441314102.5652819;-82.938247680664063;
2441474358.9755383;-83.8404541015625;
2441634615.3857946;-84.28271484375;
2441794871.796051;-84.599136352539062;
2441955128.2063074;-84.967559814453125;
2442115384.6165643;-85.290756225585937;
2442275641.0268207;-85.380828857421875;
2442435897.437077;-85.44091796875;
2442596153.8473334;-85.418563842773438;
2442756410.2575898;-85.514076232910156;
2442916666.6678462;-85.497154235839844;
2443076923.0781026;-85.51593017578125;
2443237179.488359;-85.616409301757812;
2443397435.8986154;-85.582176208496094;
2443557692.3088717;-85.585983276367188;
2443717948.7191281;-85.595474243164063;
2443878205.1293845;-85.566879272460938;
2444038461.5396409;-85.521636962890625;
2444198717.9498973;-85.489646911621094;
2444358974.3601537;-85.485870361328125;
2444519230.7704101;-85.500892639160156;
2444679487.1806664;-85.584053039550781;
2444839743.5909228;-85.612617492675781;
2445000000.0011792;-85.528877258300781;
2445160256.4114356;-85.3831787109375;
2445320512.8216925;-85.289070129394531;
2445480769.2319489;-85.433326721191406;
2445641025.6422052;-85.603057861328125;
2445801282.0524616;-85.570793151855469;
2445961538.462718;-85.610694885253906;
2446121794.8729744;-85.612617492675781;
2446282051.2832308;-85.628135681152344;
2446442307.6934872;-85.635505676269531;
2446602564.1037436;-85.671890258789063;
2446762820.5139999;-85.68914794921875;
2446923076.9242563;-85.687210083007813;
2447083333.3345127;-85.762481689453125;
2447243589.7447691;-85.702507019042969;
2447403846.1550255;-85.702621459960937;
2447564102.5652819;-85.718009948730469;
2447724358.9755383;-85.6929931640625;
2447884615.3857946;-85.679550170898437;
2448044871.796051;-85.696769714355469;
2448205128.2063074;-85.745079040527344;
2448365384.6165643;-85.727691650390625;
2448525641.0268207;-85.708358764648437;
2448685897.437077;-85.718017578125;
2448846153.8473334;-85.693008422851562;
2449006410.2575898;-85.735374450683594;
2449166666.6678462;-85.779960632324219;
2449326923.0781026;-85.813056945800781;
2449487179.488359;-85.781669616699219;
2449647435.8986154;-85.643341064453125;
2449807692.3088717;-85.607276916503906;
2449967948.7191281;-85.65838623046875;
2450128205.1293845;-85.673690795898438;
2450288461.5396409;-85.652435302734375;
2450448717.9498973;-85.531059265136719;
2450608974.3601537;-85.608734130859375;
2450769230.7704101;-85.721847534179688;
2450929487.1806664;-85.654441833496094;
2451089743.5909228;-85.616424560546875;
2451250000.0011792;-85.616355895996094;
2451410256.4114356;-85.639305114746094;
2451570512.8216925;-85.702621459960937;
2451730769.2319489;-84.485420227050781;
2451891025.6422052;-80.194389343261719;
2452051282.0524616;-78.552871704101563;
2452211538.462718;-77.84796142578125;
2452371794.8729744;-77.466316223144531;
2452532051.2832308;-81.272026062011719;
2452692307.6934872;-84.417137145996094;
2452852564.1037436;-85.448638916015625;
2453012820.5139999;-85.731529235839844;
2453173076.9242563;-85.735397338867188;
2453333333.3345127;-85.706428527832031;
2453493589.7447691;-85.79742431640625;
2453653846.1550255;-85.781852722167969;
2453814102.5652819;-85.832572937011719;
2453974358.9755383;-85.748893737792969;
2454134615.3857946;-85.807205200195313;
2454294871.796051;-85.741165161132813;
2454455128.2063074;-84.686408996582031;
2454615384.6165643;-82.305816650390625;
2454775641.0268207;-76.362075805664063;
2454935897.437077;-74.91961669921875;
2455096153.8473334;-77.339134216308594;
2455256410.2575898;-80.658523559570313;
2455416666.6678462;-81.414466857910156;
2455576923.0781026;-84.396827697753906;
2455737179.488359;-85.363899230957031;
2455897435.8986154;-85.6851806640625;
2456057692.3088717;-85.675605773925781;
2456217948.7191281;-79.251266479492188;
2456378205.1293845;-77.82598876953125;
2456538461.5396409;-82.414985656738281;
2456698717.9498973;-84.767189025878906;
2456858974.3601537;-85.455810546875;
2457019230.7704101;-85.704330444335937;
2457179487.1806664;-85.764297485351563;
2457339743.5909228;-85.752822875976563;
2457500000.0011792;-85.721809387207031;
2457660256.4114356;-85.725746154785156;
2457820512.8216925;-85.748802185058594;
2457980769.2319489;-85.822784423828125;
2458141025.6422052;-85.744926452636719;
2458301282.0524616;-85.799415588378906;
2458461538.462718;-85.708297729492188;
2458621794.8729744;-85.807182312011719;
2458782051.2832308;-85.733474731445313;
2458942307.6934872;-85.745071411132812;
2459102564.1037436;-84.667976379394531;
2459262820.5139999;-83.620147705078125;
2459423076.9242563;-85.090194702148438;
2459583333.3345127;-85.665962219238281;
2459743589.7447691;-85.855987548828125;
2459903846.1550255;-85.828468322753906;
2460064102.5652819;-84.906867980957031;
2460224358.9755383;-83.949577331542969;
2460384615.3857946;-84.53271484375;
2460544871.796051;-85.41363525390625;
2460705128.2063074;-85.770133972167969;
2460865384.6165643;-85.690589904785156;
2461025641.0268207;-85.310821533203125;
2461185897.437077;-85.592994689941406;
2461346153.8473334;-85.758583068847656;
2461506410.2575898;-85.830513000488281;
2461666666.6678462;-85.849822998046875;
2461826923.0781026;-85.803237915039063;
2461987179.488359;-85.696586608886719;
2462147435.8986154;-85.75469970703125;
2462307692.3088717;-85.793502807617187;
2462467948.7191281;-85.830619812011719;
2462628205.1293845;-85.731277465820313;
2462788461.5396409;-85.768264770507813;
2462948717.9498973;-85.772109985351563;
2463108974.3601537;-85.8619384765625;
2463269230.7704101;-85.826629638671875;
2463429487.1806664;-85.891342163085938;
2463589743.5909228;-85.793563842773438;
2463750000.0011792;-85.846199035644531;
2463910256.4114356;-85.787673950195313;
2464070512.8216925;-85.822738647460938;
2464230769.2319489;-85.834518432617188;
2464391025.6422052;-85.863731384277344;
2464551282.0524616;-85.758499145507812;
2464711538.462718;-85.809112548828125;
2464871794.8729744;-85.768150329589844;
2465032051.2832308;-85.865814208984375;
2465192307.6934872;-85.809127807617188;
2465352564.1037436;-85.840171813964844;
2465512820.5139999;-85.795448303222656;
2465673076.9242563;-85.840080261230469;
2465833333.3345127;-85.818740844726563;
2465993589.7447691;-85.771736145019531;
2466153846.1550255;-85.807174682617188;
2466314102.5652819;-85.746780395507812;
2466474358.9755383;-85.814987182617188;
2466634615.3857946;-85.7215576171875;
2466794871.796051;-85.801353454589844;
2466955128.2063074;-85.689033508300781;
2467115384.6165643;-85.762313842773437;
2467275641.0268207;-85.750556945800781;
2467435897.437077;-85.834114074707031;
2467596153.8473334;-85.752799987792969;
2467756410.2575898;-85.781654357910156;
2467916666.6678462;-85.830543518066406;
2468076923.0781026;-85.804679870605469;
2468237179.488359;-85.818885803222656;
2468397435.8986154;-85.709922790527344;
2468557692.3088717;-85.805099487304688;
2468717948.7191281;-85.711997985839844;
2468878205.1293845;-85.850143432617188;
2469038461.5396409;-85.710052490234375;
2469198717.9498973;-85.820022583007812;
2469358974.3601537;-85.671470642089844;
2469519230.7704101;-85.828887939453125;
2469679487.1806664;-85.688438415527344;
2469839743.5909228;-85.860054016113281;
2470000000.0011792;-85.709953308105469;
2470160256.4114356;-85.793205261230469;
2470320512.8216925;-85.67138671875;
2470480769.2319489;-85.750175476074219;
2470641025.6422052;-85.768234252929687;
2470801282.0524616;-85.697608947753906;
2470961538.462718;-85.741127014160156;
2471121794.8729744;-85.642990112304688;
2471282051.2832308;-85.676895141601563;
2471442307.6934872;-85.639335632324219;
2471602564.1037436;-85.700401306152344;
2471762820.5139999;-85.509071350097656;
2471923076.9242563;-85.692588806152344;
2472083333.3345127;-85.417335510253906;
2472243589.7447691;-85.646759033203125;
2472403846.1550255;-85.273536682128906;
2472564102.5652819;-85.688888549804687;
2472724358.9755383;-85.079010009765625;
2472884615.3857946;-85.552200317382813;
2473044871.796051;-85.150466918945313;
2473205128.2063074;-85.453422546386719;
2473365384.6165643;-85.265968322753906;
2473525641.0268207;-85.26824951171875;
2473685897.437077;-85.251548767089844;
2473846153.8473334;-85.100128173828125;
2474006410.2575898;-85.424247741699219;
2474166666.6678462;-85.173515319824219;
2474326923.0781026;-85.4658203125;
2474487179.488359;-85.1993408203125;
2474647435.8986154;-85.573738098144531;
2474807692.3088717;-85.232353210449219;
2474967948.7191281;-85.513092041015625;
2475128205.1293845;-85.373390197753906;
2475288461.5396409;-85.591033935546875;
2475448717.9498973;-85.425796508789063;
2475608974.3601537;-85.60821533203125;
2475769230.7704101;-85.435951232910156;
2475929487.1806664;-85.719741821289063;
2476089743.5909228;-85.530555725097656;
2476250000.0011792;-85.655975341796875;
2476410256.4114356;-85.572219848632813;
2476570512.8216925;-85.706451416015625;
2476730769.2319489;-85.494773864746094;
2476891025.6422052;-85.702522277832031;
2477051282.0524616;-85.611976623535156;
2477211538.462718;-85.722450256347656;
2477371794.8729744;-85.58746337890625;
2477532051.2832308;-85.719955444335938;
2477692307.6934872;-85.591583251953125;
2477852564.1037436;-85.742996215820313;
2478012820.5139999;-85.6239013671875;
2478173076.9242563;-85.704353332519531;
2478333333.3345127;-85.677505493164063;
2478493589.7447691;-85.756484985351563;
2478653846.1550255;-85.723747253417969;
2478814102.5652819;-85.750556945800781;
2478974358.9755383;-85.776008605957031;
2479134615.3857946;-85.789436340332031;
2479294871.796051;-85.727691650390625;
2479455128.2063074;-85.71026611328125;
2479615384.6165643;-85.78961181640625;
2479775641.0268207;-85.787635803222656;
2479935897.437077;-85.747016906738281;
2480096153.8473334;-85.783821105957031;
2480256410.2575898;-85.816940307617188;
2480416666.6678462;-85.777961730957031;
2480576923.0781026;-85.84820556640625;
2480737179.488359;-85.822776794433594;
2480897435.8986154;-85.840377807617188;
2481057692.3088717;-85.801292419433594;
2481217948.7191281;-85.889427185058594;
2481378205.1293845;-85.840576171875;
2481538461.5396409;-85.900634765625;
2481698717.9498973;-85.883522033691406;
2481858974.3601537;-85.950614929199219;
2482019230.7704101;-85.879600524902344;
2482179487.1806664;-85.903175354003906;
2482339743.5909228;-85.9031982421875;
2482500000.0011792;-85.865852355957031;
2482660256.4114356;-85.852096557617188;
2482820512.8216925;-85.913063049316406;
2482980769.2319489;-85.893341064453125;
2483141025.6422052;-85.901222229003906;
2483301282.0524616;-85.854095458984375;
2483461538.462718;-85.905174255371094;
2483621794.8729744;-85.830619812011719;
2483782051.2832308;-85.840400695800781;
2483942307.6934872;-85.873687744140625;
2484102564.1037436;-85.905158996582031;
2484262820.5139999;-85.887435913085937;
