Type;ESU;
Version;4.43;
Date;03.Jun 16;
Mode;ANALYZER;
Center Freq;2434262820.514000;Hz
Freq Offset;0.000000;Hz
Span;100000000.000000;Hz
x-Axis;LIN;
Start;2384262820.514000;Hz
Stop;2484262820.514000;Hz
Ref Level;-8.000000;dBm
Level Offset;0.000000;dB
Ref Position;100.000000;%
y-Axis;LOG;
Level Range;100.000000;dB
Rf Att;5.000000;dB
RBW;2000000.000000;Hz
VBW;50.000000;Hz
SWT;2.500000;s
Trace Mode;CLR/WRITE;
Detector;RMS;
Sweep Count;0;
Trace 1:;;
x-Unit;Hz;
y-Unit;dBm;
Values;625;
2384262820.5139999;-85.631111145019531;
2384423076.9242563;-85.668807983398438;
2384583333.3345127;-85.636604309082031;
2384743589.7447691;-85.606658935546875;
2384903846.1550255;-85.632308959960938;
2385064102.5652819;-85.647331237792969;
2385224358.9755383;-85.581069946289063;
2385384615.3857946;-85.621627807617188;
2385544871.796051;-85.653785705566406;
2385705128.2063074;-85.628013610839844;
2385865384.6165643;-85.650924682617187;
2386025641.0268207;-85.623146057128906;
2386185897.437077;-85.640907287597656;
2386346153.8473334;-85.655937194824219;
2386506410.2575898;-85.623741149902344;
2386666666.6678462;-85.610916137695313;
2386826923.0781026;-85.620628356933594;
2386987179.488359;-85.591964721679688;
2387147435.8986154;-85.557632446289063;
2387307692.3088717;-85.550079345703125;
2387467948.7191281;-85.539024353027344;
2387628205.1293845;-85.587440490722656;
2387788461.5396409;-85.613021850585938;
2387948717.9498973;-85.595779418945313;
2388108974.3601537;-85.540695190429687;
2388269230.7704101;-85.506790161132813;
2388429487.1806664;-85.615196228027344;
2388589743.5909228;-85.549041748046875;
2388750000.0011792;-85.540687561035156;
2388910256.4114356;-85.483566284179687;
2389070512.8216925;-85.549125671386719;
2389230769.2319489;-85.502494812011719;
2389391025.6422052;-85.5235595703125;
2389551282.0524616;-85.517356872558594;
2389711538.462718;-85.502349853515625;
2389871794.8729744;-85.508857727050781;
2390032051.2832308;-85.451820373535156;
2390192307.6934872;-85.527923583984375;
2390352564.1037436;-85.393241882324219;
2390512820.5139999;-85.513046264648437;
2390673076.9242563;-85.382843017578125;
2390833333.3345127;-85.446968078613281;
2390993589.7447691;-85.384712219238281;
2391153846.1550255;-85.377517700195313;
2391314102.5652819;-85.426544189453125;
2391474358.9755383;-85.329360961914062;
2391634615.3857946;-85.428878784179688;
2391794871.796051;-85.18963623046875;
2391955128.2063074;-85.477157592773438;
2392115384.6165643;-85.077232360839844;
2392275641.0268207;-85.293136596679688;
2392435897.437077;-85.080764770507813;
2392596153.8473334;-85.055030822753906;
2392756410.2575898;-85.247993469238281;
2392916666.6678462;-85.035873413085938;
2393076923.0781026;-85.318099975585937;
2393237179.488359;-84.947395324707031;
2393397435.8986154;-85.339210510253906;
2393557692.3088717;-84.93890380859375;
2393717948.7191281;-85.169654846191406;
2393878205.1293845;-85.190269470214844;
2394038461.5396409;-85.130523681640625;
2394198717.9498973;-85.250167846679688;
2394358974.3601537;-85.152847290039063;
2394519230.7704101;-85.374473571777344;
2394679487.1806664;-85.219467163085938;
2394839743.5909228;-85.446304321289063;
2395000000.0011792;-85.247673034667969;
2395160256.4114356;-85.411056518554688;
2395320512.8216925;-85.316253662109375;
2395480769.2319489;-85.367607116699219;
2395641025.6422052;-85.384040832519531;
2395801282.0524616;-85.385406494140625;
2395961538.462718;-85.472694396972656;
2396121794.8729744;-85.409439086914063;
2396282051.2832308;-85.482421875;
2396442307.6934872;-85.385597229003906;
2396602564.1037436;-85.480018615722656;
2396762820.5139999;-85.3682861328125;
2396923076.9242563;-85.399497985839844;
2397083333.3345127;-85.414337158203125;
2397243589.7447691;-85.418434143066406;
2397403846.1550255;-85.481513977050781;
2397564102.5652819;-85.414260864257813;
2397724358.9755383;-85.523704528808594;
2397884615.3857946;-85.428932189941406;
2398044871.796051;-85.494094848632813;
2398205128.2063074;-85.433204650878906;
2398365384.6165643;-85.479225158691406;
2398525641.0268207;-85.445793151855469;
2398685897.437077;-85.470954895019531;
2398846153.8473334;-85.481483459472656;
2399006410.2575898;-85.439453125;
2399166666.6678462;-85.468902587890625;
2399326923.0781026;-85.405960083007812;
2399487179.488359;-85.487831115722656;
2399647435.8986154;-85.466766357421875;
2399807692.3088717;-85.491928100585938;
2399967948.7191281;-85.460479736328125;
2400128205.1293845;-85.428947448730469;
2400288461.5396409;-85.462593078613281;
2400448717.9498973;-85.416427612304688;
2400608974.3601537;-85.449989318847656;
2400769230.7704101;-85.475151062011719;
2400929487.1806664;-85.485580444335937;
2401089743.5909228;-85.460479736328125;
2401250000.0011792;-85.4835205078125;
2401410256.4114356;-85.460479736328125;
2401570512.8216925;-85.470985412597656;
2401730769.2319489;-85.485740661621094;
2401891025.6422052;-85.429023742675781;
2402051282.0524616;-85.4962158203125;
2402211538.462718;-85.466766357421875;
2402371794.8729744;-85.504638671875;
2402532051.2832308;-85.456298828125;
2402692307.6934872;-85.431098937988281;
2402852564.1037436;-85.443710327148438;
2403012820.5139999;-85.437385559082031;
2403173076.9242563;-85.498336791992187;
2403333333.3345127;-85.4583740234375;
2403493589.7447691;-85.471000671386719;
2403653846.1550255;-85.456283569335937;
2403814102.5652819;-85.498291015625;
2403974358.9755383;-85.48358154296875;
2404134615.3857946;-85.502540588378906;
2404294871.796051;-85.489959716796875;
2404455128.2063074;-85.485694885253906;
2404615384.6165643;-85.534324645996094;
2404775641.0268207;-85.441619873046875;
2404935897.437077;-85.447837829589844;
2405096153.8473334;-85.487800598144531;
2405256410.2575898;-85.500450134277344;
2405416666.6678462;-85.5406494140625;
2405576923.0781026;-85.494071960449219;
2405737179.488359;-85.536453247070313;
2405897435.8986154;-85.445709228515625;
2406057692.3088717;-85.544921875;
2406217948.7191281;-85.519485473632813;
2406378205.1293845;-85.530067443847656;
2406538461.5396409;-85.498336791992187;
2406698717.9498973;-85.51312255859375;
2406858974.3601537;-85.525856018066406;
2407019230.7704101;-85.487785339355469;
2407179487.1806664;-85.553421020507813;
2407339743.5909228;-85.494087219238281;
2407500000.0011792;-85.525856018066406;
2407660256.4114356;-85.468864440917969;
2407820512.8216925;-85.549140930175781;
2407980769.2319489;-85.523719787597656;
2408141025.6422052;-85.542701721191406;
2408301282.0524616;-85.504676818847656;
2408461538.462718;-85.513046264648437;
2408621794.8729744;-85.498336791992187;
2408782051.2832308;-85.500396728515625;
2408942307.6934872;-85.551277160644531;
2409102564.1037436;-85.487808227539063;
2409262820.5139999;-85.538566589355469;
2409423076.9242563;-85.483627319335938;
2409583333.3345127;-85.527946472167969;
2409743589.7447691;-85.468841552734375;
2409903846.1550255;-85.534263610839844;
2410064102.5652819;-85.515266418457031;
2410224358.9755383;-85.460395812988281;
2410384615.3857946;-85.517379760742188;
2410544871.796051;-85.464561462402344;
2410705128.2063074;-85.532211303710937;
2410865384.6165643;-85.473060607910156;
2411025641.0268207;-85.559738159179688;
2411185897.437077;-85.506782531738281;
2411346153.8473334;-85.498214721679688;
2411506410.2575898;-85.503814697265625;
2411666666.6678462;-85.574676513671875;
2411826923.0781026;-85.502510070800781;
2411987179.488359;-85.523674011230469;
2412147435.8986154;-85.527862548828125;
2412307692.3088717;-85.52789306640625;
2412467948.7191281;-85.547004699707031;
2412628205.1293845;-85.542739868164063;
2412788461.5396409;-85.546562194824219;
2412948717.9498973;-85.511276245117188;
2413108974.3601537;-85.540679931640625;
2413269230.7704101;-85.551277160644531;
2413429487.1806664;-85.587455749511719;
2413589743.5909228;-85.53009033203125;
2413750000.0011792;-85.542808532714844;
2413910256.4114356;-85.502571105957031;
2414070512.8216925;-85.530082702636719;
2414230769.2319489;-85.553390502929688;
2414391025.6422052;-85.591636657714844;
2414551282.0524616;-85.536453247070313;
2414711538.462718;-85.496238708496094;
2414871794.8729744;-85.532211303710937;
2415032051.2832308;-85.544921875;
2415192307.6934872;-85.532203674316406;
2415352564.1037436;-85.552513122558594;
2415512820.5139999;-85.547019958496094;
2415673076.9242563;-85.532180786132813;
2415833333.3345127;-85.547027587890625;
2415993589.7447691;-85.551292419433594;
2416153846.1550255;-85.549163818359375;
2416314102.5652819;-85.549179077148438;
2416474358.9755383;-85.523735046386719;
2416634615.3857946;-85.542808532714844;
2416794871.796051;-85.540687561035156;
2416955128.2063074;-85.538566589355469;
2417115384.6165643;-85.540679931640625;
2417275641.0268207;-85.542808532714844;
2417435897.437077;-85.542793273925781;
2417596153.8473334;-85.578872680664063;
2417756410.2575898;-85.535537719726563;
2417916666.6678462;-85.555526733398438;
2418076923.0781026;-85.54705810546875;
2418237179.488359;-85.553413391113281;
2418397435.8986154;-85.536453247070313;
2418557692.3088717;-85.500480651855469;
2418717948.7191281;-85.551292419433594;
2418878205.1293845;-85.547042846679688;
2419038461.5396409;-85.536453247070313;
2419198717.9498973;-85.559776306152344;
2419358974.3601537;-85.576774597167969;
2419519230.7704101;-85.534332275390625;
2419679487.1806664;-85.538566589355469;
2419839743.5909228;-85.545234680175781;
2420000000.0011792;-85.502609252929688;
2420160256.4114356;-85.527976989746094;
2420320512.8216925;-85.464691162109375;
2420480769.2319489;-85.494102478027344;
2420641025.6422052;-85.53009033203125;
2420801282.0524616;-85.527961730957031;
2420961538.462718;-85.527976989746094;
2421121794.8729744;-85.521636962890625;
2421282051.2832308;-85.532218933105469;
2421442307.6934872;-85.521621704101563;
2421602564.1037436;-85.536422729492188;
2421762820.5139999;-85.55126953125;
2421923076.9242563;-85.5068359375;
2422083333.3345127;-85.535530090332031;
2422243589.7447691;-85.540687561035156;
2422403846.1550255;-85.55126953125;
2422564102.5652819;-85.542808532714844;
2422724358.9755383;-85.519508361816406;
2422884615.3857946;-85.523750305175781;
2423044871.796051;-85.572540283203125;
2423205128.2063074;-85.583152770996094;
2423365384.6165643;-85.542800903320312;
2423525641.0268207;-85.517387390136719;
2423685897.437077;-85.536453247070313;
2423846153.8473334;-85.518600463867188;
2424006410.2575898;-85.532218933105469;
2424166666.6678462;-85.513145446777344;
2424326923.0781026;-85.544929504394531;
2424487179.488359;-85.534278869628906;
2424647435.8986154;-85.555488586425781;
2424807692.3088717;-85.530097961425781;
2424967948.7191281;-85.489875793457031;
2425128205.1293845;-85.506828308105469;
2425288461.5396409;-85.462554931640625;
2425448717.9498973;-85.515266418457031;
2425608974.3601537;-85.498367309570313;
2425769230.7704101;-85.5216064453125;
2425929487.1806664;-85.502532958984375;
2426089743.5909228;-85.472953796386719;
2426250000.0011792;-85.492042541503906;
2426410256.4114356;-85.409698486328125;
2426570512.8216925;-85.378921508789063;
2426730769.2319489;-85.267013549804688;
2426891025.6422052;-85.3228759765625;
2427051282.0524616;-85.094032287597656;
2427211538.462718;-84.942718505859375;
2427371794.8729744;-84.524673461914063;
2427532051.2832308;-83.957427978515625;
2427692307.6934872;-83.725944519042969;
2427852564.1037436;-82.535194396972656;
2428012820.5139999;-82.707542419433594;
2428173076.9242563;-79.819801330566406;
2428333333.3345127;-80.458114624023438;
2428493589.7447691;-76.360771179199219;
2428653846.1550255;-75.981590270996094;
2428814102.5652819;-72.841239929199219;
2428974358.9755383;-70.42376708984375;
2429134615.3857946;-69.158554077148438;
2429294871.796051;-66.266326904296875;
2429455128.2063074;-65.725990295410156;
2429615384.6165643;-61.482955932617188;
2429775641.0268207;-61.099246978759766;
2429935897.437077;-57.734226226806641;
2430096153.8473334;-57.571258544921875;
2430256410.2575898;-54.909431457519531;
2430416666.6678462;-52.720653533935547;
2430576923.0781026;-51.459598541259766;
2430737179.488359;-49.075305938720703;
2430897435.8986154;-48.834686279296875;
2431057692.3088717;-46.207138061523438;
2431217948.7191281;-45.212608337402344;
2431378205.1293845;-42.595890045166016;
2431538461.5396409;-41.722557067871094;
2431698717.9498973;-40.269458770751953;
2431858974.3601537;-38.670093536376953;
2432019230.7704101;-37.257274627685547;
2432179487.1806664;-35.311000823974609;
2432339743.5909228;-34.714244842529297;
2432500000.0011792;-32.845268249511719;
2432660256.4114356;-32.319904327392578;
2432820512.8216925;-30.142232894897461;
2432980769.2319489;-29.377172470092773;
2433141025.6422052;-28.309873580932617;
2433301282.0524616;-27.482192993164063;
2433461538.462718;-26.66169548034668;
2433621794.8729744;-25.668813705444336;
2433782051.2832308;-25.076145172119141;
2433942307.6934872;-24.695648193359375;
2434102564.1037436;-24.315469741821289;
2434262820.5139999;-24.224367141723633;
2434423076.9242563;-23.946954727172852;
2434583333.3345127;-24.321041107177734;
2434743589.7447691;-24.461109161376953;
2434903846.1550255;-24.852212905883789;
2435064102.5652819;-25.408447265625;
2435224358.9755383;-26.159364700317383;
2435384615.3857946;-27.217348098754883;
2435544871.796051;-27.729179382324219;
2435705128.2063074;-28.930818557739258;
2435865384.6165643;-29.616418838500977;
2436025641.0268207;-31.446271896362305;
2436185897.437077;-32.476596832275391;
2436346153.8473334;-33.580390930175781;
2436506410.2575898;-34.760646820068359;
2436666666.6678462;-35.811195373535156;
2436826923.0781026;-37.547218322753906;
2436987179.488359;-38.811855316162109;
2437147435.8986154;-40.160362243652344;
2437307692.3088717;-41.039352416992188;
2437467948.7191281;-42.608070373535156;
2437628205.1293845;-44.111606597900391;
2437788461.5396409;-45.728431701660156;
2437948717.9498973;-46.680496215820313;
2438108974.3601537;-47.873977661132812;
2438269230.7704101;-49.202159881591797;
2438429487.1806664;-50.827106475830078;
2438589743.5909228;-52.549343109130859;
2438750000.0011792;-53.302700042724609;
2438910256.4114356;-54.844314575195312;
2439070512.8216925;-55.768608093261719;
2439230769.2319489;-57.926166534423828;
2439391025.6422052;-59.320194244384766;
2439551282.0524616;-60.577770233154297;
2439711538.462718;-61.9864501953125;
2439871794.8729744;-63.271068572998047;
2440032051.2832308;-65.817031860351563;
2440192307.6934872;-67.348060607910156;
2440352564.1037436;-69.184234619140625;
2440512820.5139999;-70.5318603515625;
2440673076.9242563;-72.303581237792969;
2440833333.3345127;-74.853439331054687;
2440993589.7447691;-77.1773681640625;
2441153846.1550255;-78.37005615234375;
2441314102.5652819;-79.970939636230469;
2441474358.9755383;-81.246894836425781;
2441634615.3857946;-82.964485168457031;
2441794871.796051;-83.824729919433594;
2441955128.2063074;-84.315780639648437;
2442115384.6165643;-84.640701293945313;
2442275641.0268207;-84.963966369628906;
2442435897.437077;-85.252716064453125;
2442596153.8473334;-85.333290100097656;
2442756410.2575898;-85.422714233398437;
2442916666.6678462;-85.443710327148438;
2443076923.0781026;-85.489906311035156;
2443237179.488359;-85.528282165527344;
2443397435.8986154;-85.508934020996094;
2443557692.3088717;-85.410209655761719;
2443717948.7191281;-85.387199401855469;
2443878205.1293845;-85.364189147949219;
2444038461.5396409;-85.519500732421875;
2444198717.9498973;-85.540672302246094;
2444358974.3601537;-85.538551330566406;
2444519230.7704101;-85.551292419433594;
2444679487.1806664;-85.544906616210937;
2444839743.5909228;-85.49200439453125;
2445000000.0011792;-85.44573974609375;
2445160256.4114356;-85.566146850585937;
2445320512.8216925;-85.530097961425781;
2445480769.2319489;-85.451896667480469;
2445641025.6422052;-85.416419982910156;
2445801282.0524616;-85.433212280273437;
2445961538.462718;-85.5299072265625;
2446121794.8729744;-85.561843872070313;
2446282051.2832308;-85.655876159667969;
2446442307.6934872;-85.632942199707031;
2446602564.1037436;-85.664527893066406;
2446762820.5139999;-85.66448974609375;
2446923076.9242563;-85.662384033203125;
2447083333.3345127;-85.638740539550781;
2447243589.7447691;-85.6365966796875;
2447403846.1550255;-85.664466857910156;
2447564102.5652819;-85.664512634277344;
2447724358.9755383;-85.662391662597656;
2447884615.3857946;-85.640899658203125;
2448044871.796051;-85.679595947265625;
2448205128.2063074;-85.63446044921875;
2448365384.6165643;-85.651634216308594;
2448525641.0268207;-85.64520263671875;
2448685897.437077;-85.64520263671875;
2448846153.8473334;-85.656623840332031;
2449006410.2575898;-85.603569030761719;
2449166666.6678462;-85.624198913574219;
2449326923.0781026;-85.6580810546875;
2449487179.488359;-85.658088684082031;
2449647435.8986154;-85.632316589355469;
2449807692.3088717;-85.636581420898438;
2449967948.7191281;-85.602363586425781;
2450128205.1293845;-85.645195007324219;
2450288461.5396409;-85.658088684082031;
2450448717.9498973;-85.591560363769531;
2450608974.3601537;-85.613037109375;
2450769230.7704101;-85.655929565429688;
2450929487.1806664;-85.662384033203125;
2451089743.5909228;-85.662376403808594;
2451250000.0011792;-85.593635559082031;
2451410256.4114356;-85.525863647460938;
2451570512.8216925;-85.506797790527344;
2451730769.2319489;-85.513153076171875;
2451891025.6422052;-85.498359680175781;
2452051282.0524616;-85.462593078613281;
2452211538.462718;-85.443702697753906;
2452371794.8729744;-85.471000671386719;
2452532051.2832308;-85.3685302734375;
2452692307.6934872;-85.401832580566406;
2452852564.1037436;-85.32708740234375;
2453012820.5139999;-85.314643859863281;
2453173076.9242563;-85.228363037109375;
2453333333.3345127;-85.403533935546875;
2453493589.7447691;-85.615119934082031;
2453653846.1550255;-85.628005981445313;
2453814102.5652819;-85.688224792480469;
2453974358.9755383;-85.683876037597656;
2454134615.3857946;-85.722770690917969;
2454294871.796051;-85.668769836425781;
2454455128.2063074;-85.472755432128906;
2454615384.6165643;-85.062179565429688;
2454775641.0268207;-84.920745849609375;
2454935897.437077;-84.962448120117188;
2455096153.8473334;-84.879852294921875;
2455256410.2575898;-84.844009399414063;
2455416666.6678462;-84.721733093261719;
2455576923.0781026;-84.78765869140625;
2455737179.488359;-84.76226806640625;
2455897435.8986154;-84.843902587890625;
2456057692.3088717;-85.119667053222656;
2456217948.7191281;-85.504661560058594;
2456378205.1293845;-85.638710021972656;
2456538461.5396409;-85.604393005371094;
2456698717.9498973;-85.72705078125;
2456858974.3601537;-85.62567138671875;
2457019230.7704101;-85.664512634277344;
2457179487.1806664;-85.464485168457031;
2457339743.5909228;-85.236297607421875;
2457500000.0011792;-85.173194885253906;
2457660256.4114356;-85.217758178710938;
2457820512.8216925;-85.173248291015625;
2457980769.2319489;-85.232345581054688;
2458141025.6422052;-85.289848327636719;
2458301282.0524616;-85.302108764648438;
2458461538.462718;-85.418571472167969;
2458621794.8729744;-85.391258239746094;
2458782051.2832308;-85.5447998046875;
2458942307.6934872;-85.57440185546875;
2459102564.1037436;-85.713905334472656;
2459262820.5139999;-85.716209411621094;
2459423076.9242563;-85.616966247558594;
2459583333.3345127;-85.642990112304688;
2459743589.7447691;-85.578758239746094;
2459903846.1550255;-85.664482116699219;
2460064102.5652819;-85.57037353515625;
2460224358.9755383;-85.636543273925781;
2460384615.3857946;-85.578765869140625;
2460544871.796051;-85.69671630859375;
2460705128.2063074;-85.673088073730469;
2460865384.6165643;-85.694496154785156;
2461025641.0268207;-85.714134216308594;
2461185897.437077;-85.675018310546875;
2461346153.8473334;-85.755317687988281;
2461506410.2575898;-85.675247192382812;
2461666666.6678462;-85.724754333496094;
2461826923.0781026;-85.720527648925781;
2461987179.488359;-85.68572998046875;
2462147435.8986154;-85.696784973144531;
2462307692.3088717;-85.617179870605469;
2462467948.7191281;-85.731407165527344;
2462628205.1293845;-85.651504516601562;
2462788461.5396409;-85.740058898925781;
2462948717.9498973;-85.683784484863281;
2463108974.3601537;-85.6749267578125;
2463269230.7704101;-85.700942993164063;
2463429487.1806664;-85.685699462890625;
2463589743.5909228;-85.742256164550781;
2463750000.0011792;-85.662040710449219;
2463910256.4114356;-85.753120422363281;
2464070512.8216925;-85.662315368652344;
2464230769.2319489;-85.7183837890625;
2464391025.6422052;-85.662330627441406;
2464551282.0524616;-85.679420471191406;
2464711538.462718;-85.740020751953125;
2464871794.8729744;-85.696495056152344;
2465032051.2832308;-85.716224670410156;
2465192307.6934872;-85.657752990722656;
2465352564.1037436;-85.742240905761719;
2465512820.5139999;-85.632225036621094;
2465673076.9242563;-85.714019775390625;
2465833333.3345127;-85.735626220703125;
2465993589.7447691;-85.7288818359375;
2466153846.1550255;-85.733551025390625;
2466314102.5652819;-85.659767150878906;
2466474358.9755383;-85.714065551757812;
2466634615.3857946;-85.701019287109375;
2466794871.796051;-85.787925720214844;
2466955128.2063074;-85.714065551757812;
2467115384.6165643;-85.733489990234375;
2467275641.0268207;-85.675140380859375;
2467435897.437077;-85.698638916015625;
2467596153.8473334;-85.68804931640625;
2467756410.2575898;-85.694381713867188;
2467916666.6678462;-85.733573913574219;
2468076923.0781026;-85.664199829101563;
2468237179.488359;-85.7509765625;
2468397435.8986154;-85.630050659179687;
2468557692.3088717;-85.676979064941406;
2468717948.7191281;-85.707565307617188;
2468878205.1293845;-85.687515258789063;
2469038461.5396409;-85.729148864746094;
2469198717.9498973;-85.586616516113281;
2469358974.3601537;-85.711761474609375;
2469519230.7704101;-85.600074768066406;
2469679487.1806664;-85.681182861328125;
2469839743.5909228;-85.546485900878906;
2470000000.0011792;-85.592796325683594;
2470160256.4114356;-85.627815246582031;
2470320512.8216925;-85.5035400390625;
2470480769.2319489;-85.666458129882813;
2470641025.6422052;-85.520881652832031;
2470801282.0524616;-85.706687927246094;
2470961538.462718;-85.465110778808594;
2471121794.8729744;-85.604629516601563;
2471282051.2832308;-85.481719970703125;
2471442307.6934872;-85.450241088867188;
2471602564.1037436;-85.554702758789063;
2471762820.5139999;-85.40655517578125;
2471923076.9242563;-85.561508178710938;
2472083333.3345127;-85.230438232421875;
2472243589.7447691;-85.531822204589844;
2472403846.1550255;-85.107437133789063;
2472564102.5652819;-85.251266479492187;
2472724358.9755383;-85.143363952636719;
2472884615.3857946;-85.047843933105469;
2473044871.796051;-85.229972839355469;
2473205128.2063074;-84.843017578125;
2473365384.6165643;-85.306510925292969;
2473525641.0268207;-84.720512390136719;
2473685897.437077;-85.272300720214844;
2473846153.8473334;-84.725837707519531;
2474006410.2575898;-85.196670532226563;
2474166666.6678462;-84.968902587890625;
2474326923.0781026;-84.999946594238281;
2474487179.488359;-85.141159057617188;
2474647435.8986154;-84.985359191894531;
2474807692.3088717;-85.341705322265625;
2474967948.7191281;-84.962356567382813;
2475128205.1293845;-85.387710571289062;
2475288461.5396409;-85.128669738769531;
2475448717.9498973;-85.360305786132813;
2475608974.3601537;-85.362892150878906;
2475769230.7704101;-85.354721069335937;
2475929487.1806664;-85.501991271972656;
2476089743.5909228;-85.370643615722656;
2476250000.0011792;-85.557334899902344;
2476410256.4114356;-85.392501831054687;
2476570512.8216925;-85.595771789550781;
2476730769.2319489;-85.411613464355469;
2476891025.6422052;-85.627532958984375;
2477051282.0524616;-85.640632629394531;
2477211538.462718;-85.640113830566406;
2477371794.8729744;-85.6514892578125;
2477532051.2832308;-85.586746215820312;
2477692307.6934872;-85.657295227050781;
2477852564.1037436;-85.640480041503906;
2478012820.5139999;-85.72918701171875;
2478173076.9242563;-85.625778198242188;
2478333333.3345127;-85.703285217285156;
2478493589.7447691;-85.666656494140625;
2478653846.1550255;-85.642921447753906;
2478814102.5652819;-85.672996520996094;
2478974358.9755383;-85.724845886230469;
2479134615.3857946;-85.770477294921875;
2479294871.796051;-85.757339477539063;
2479455128.2063074;-85.766189575195313;
2479615384.6165643;-85.686004638671875;
2479775641.0268207;-85.748786926269531;
2479935897.437077;-85.744338989257813;
2480096153.8473334;-85.759597778320313;
2480256410.2575898;-85.785781860351562;
2480416666.6678462;-85.763961791992188;
2480576923.0781026;-85.759674072265625;
2480737179.488359;-85.722709655761719;
2480897435.8986154;-85.770545959472656;
2481057692.3088717;-85.753128051757813;
2481217948.7191281;-85.768310546875;
2481378205.1293845;-85.746597290039063;
2481538461.5396409;-85.750953674316406;
2481698717.9498973;-85.803260803222656;
2481858974.3601537;-85.77862548828125;
2482019230.7704101;-85.804946899414062;
2482179487.1806664;-85.768638610839844;
2482339743.5909228;-85.764022827148438;
2482500000.0011792;-85.759635925292969;
2482660256.4114356;-85.792335510253906;
2482820512.8216925;-85.807640075683594;
2482980769.2319489;-85.805435180664062;
2483141025.6422052;-85.811981201171875;
2483301282.0524616;-85.860252380371094;
2483461538.462718;-85.880088806152344;
2483621794.8729744;-85.87127685546875;
2483782051.2832308;-85.871261596679688;
2483942307.6934872;-85.794509887695313;
2484102564.1037436;-85.8360595703125;
2484262820.5139999;-85.81201171875;
