Type;ESU;
Version;4.43;
Date;03.Jun 16;
Mode;ANALYZER;
Center Freq;2434262820.514000;Hz
Freq Offset;0.000000;Hz
Span;100000000.000000;Hz
x-Axis;LIN;
Start;2384262820.514000;Hz
Stop;2484262820.514000;Hz
Ref Level;-9.000000;dBm
Level Offset;0.000000;dB
Ref Position;100.000000;%
y-Axis;LOG;
Level Range;100.000000;dB
Rf Att;5.000000;dB
RBW;2000000.000000;Hz
VBW;50.000000;Hz
SWT;2.500000;s
Trace Mode;CLR/WRITE;
Detector;RMS;
Sweep Count;0;
Trace 1:;;
x-Unit;Hz;
y-Unit;dBm;
Values;625;
2384262820.5139999;-85.699813842773438;
2384423076.9242563;-85.716110229492188;
2384583333.3345127;-85.710334777832031;
2384743589.7447691;-85.710334777832031;
2384903846.1550255;-85.714179992675781;
2385064102.5652819;-85.714187622070313;
2385224358.9755383;-85.735420227050781;
2385384615.3857946;-85.712265014648437;
2385544871.796051;-85.723823547363281;
2385705128.2063074;-85.694923400878906;
2385865384.6165643;-85.691062927246094;
2386025641.0268207;-85.72381591796875;
2386185897.437077;-85.679550170898437;
2386346153.8473334;-85.629669189453125;
2386506410.2575898;-85.468994140625;
2386666666.6678462;-85.500709533691406;
2386826923.0781026;-85.662216186523438;
2386987179.488359;-85.687187194824219;
2387147435.8986154;-85.69683837890625;
2387307692.3088717;-85.698776245117188;
2387467948.7191281;-85.693000793457031;
2387628205.1293845;-85.656494140625;
2387788461.5396409;-85.683403015136719;
2387948717.9498973;-85.696846008300781;
2388108974.3601537;-85.710334777832031;
2388269230.7704101;-85.716087341308594;
2388429487.1806664;-85.706459045410156;
2388589743.5909228;-85.673805236816406;
2388750000.0011792;-85.685264587402344;
2388910256.4114356;-85.675704956054688;
2389070512.8216925;-85.696861267089844;
2389230769.2319489;-85.650802612304688;
2389391025.6422052;-85.679534912109375;
2389551282.0524616;-85.631690979003906;
2389711538.462718;-85.616386413574219;
2389871794.8729744;-85.637405395507813;
2390032051.2832308;-85.646934509277344;
2390192307.6934872;-85.5992431640625;
2390352564.1037436;-85.689125061035156;
2390512820.5139999;-85.60491943359375;
2390673076.9242563;-85.618217468261719;
2390833333.3345127;-85.634391784667969;
2390993589.7447691;-85.593132019042969;
2391153846.1550255;-85.572639465332031;
2391314102.5652819;-85.595252990722656;
2391474358.9755383;-85.614517211914062;
2391634615.3857946;-85.540023803710937;
2391794871.796051;-85.534706115722656;
2391955128.2063074;-85.512596130371094;
2392115384.6165643;-85.617172241210937;
2392275641.0268207;-85.498725891113281;
2392435897.437077;-85.49310302734375;
2392596153.8473334;-85.397773742675781;
2392756410.2575898;-85.457008361816406;
2392916666.6678462;-85.488777160644531;
2393076923.0781026;-85.354362487792969;
2393237179.488359;-85.42010498046875;
2393397435.8986154;-85.427040100097656;
2393557692.3088717;-85.432411193847656;
2393717948.7191281;-85.421798706054687;
2393878205.1293845;-85.337867736816406;
2394038461.5396409;-85.386505126953125;
2394198717.9498973;-85.5291748046875;
2394358974.3601537;-85.599235534667969;
2394519230.7704101;-85.482315063476562;
2394679487.1806664;-85.476371765136719;
2394839743.5909228;-85.544296264648438;
2395000000.0011792;-85.629745483398438;
2395160256.4114356;-85.539886474609375;
2395320512.8216925;-85.538604736328125;
2395480769.2319489;-85.489372253417969;
2395641025.6422052;-85.557510375976563;
2395801282.0524616;-85.534622192382813;
2395961538.462718;-85.591606140136719;
2396121794.8729744;-85.538276672363281;
2396282051.2832308;-85.603034973144531;
2396442307.6934872;-85.597312927246094;
2396602564.1037436;-85.666114807128906;
2396762820.5139999;-85.555580139160156;
2396923076.9242563;-85.587852478027344;
2397083333.3345127;-85.534782409667969;
2397243589.7447691;-85.589736938476562;
2397403846.1550255;-85.548027038574219;
2397564102.5652819;-85.606842041015625;
2397724358.9755383;-85.574554443359375;
2397884615.3857946;-85.635421752929688;
2398044871.796051;-85.593589782714844;
2398205128.2063074;-85.612602233886719;
2398365384.6165643;-85.635513305664063;
2398525641.0268207;-85.591636657714844;
2398685897.437077;-85.553749084472656;
2398846153.8473334;-85.593551635742187;
2399006410.2575898;-85.604942321777344;
2399166666.6678462;-85.618331909179687;
2399326923.0781026;-85.620246887207031;
2399487179.488359;-85.614524841308594;
2399647435.8986154;-85.587875366210938;
2399807692.3088717;-85.622123718261719;
2399967948.7191281;-85.614448547363281;
2400128205.1293845;-85.627716064453125;
2400288461.5396409;-85.515998840332031;
2400448717.9498973;-85.527297973632813;
2400608974.3601537;-85.604995727539063;
2400769230.7704101;-85.614494323730469;
2400929487.1806664;-85.603096008300781;
2401089743.5909228;-85.5859375;
2401250000.0011792;-85.616416931152344;
2401410256.4114356;-85.5859375;
2401570512.8216925;-85.540519714355469;
2401730769.2319489;-85.565109252929688;
2401891025.6422052;-85.548065185546875;
2402051282.0524616;-85.595489501953125;
2402211538.462718;-85.610710144042969;
2402371794.8729744;-85.604164123535156;
2402532051.2832308;-85.615791320800781;
2402692307.6934872;-85.59765625;
2402852564.1037436;-85.624275207519531;
2403012820.5139999;-85.643386840820313;
2403173076.9242563;-85.633583068847656;
2403333333.3345127;-85.60223388671875;
2403493589.7447691;-85.619430541992188;
2403653846.1550255;-85.627586364746094;
2403814102.5652819;-85.6297607421875;
2403974358.9755383;-85.582168579101563;
2404134615.3857946;-85.618331909179687;
2404294871.796051;-85.599288940429688;
2404455128.2063074;-85.622146606445313;
2404615384.6165643;-85.612617492675781;
2404775641.0268207;-85.620246887207031;
2404935897.437077;-85.6202392578125;
2405096153.8473334;-85.614517211914062;
2405256410.2575898;-85.635490417480469;
2405416666.6678462;-85.643157958984375;
2405576923.0781026;-85.658454895019531;
2405737179.488359;-85.654632568359375;
2405897435.8986154;-85.614463806152344;
2406057692.3088717;-85.625968933105469;
2406217948.7191281;-85.622116088867188;
2406378205.1293845;-85.650802612304688;
2406538461.5396409;-85.646934509277344;
2406698717.9498973;-85.624053955078125;
2406858974.3601537;-85.622146606445313;
2407019230.7704101;-85.582138061523438;
2407179487.1806664;-85.633560180664063;
2407339743.5909228;-85.608802795410156;
2407500000.0011792;-85.597328186035156;
2407660256.4114356;-85.555633544921875;
2407820512.8216925;-85.610702514648437;
2407980769.2319489;-85.631690979003906;
2408141025.6422052;-85.601173400878906;
2408301282.0524616;-85.643150329589844;
2408461538.462718;-85.6202392578125;
2408621794.8729744;-85.692977905273438;
2408782051.2832308;-85.627861022949219;
2408942307.6934872;-85.660377502441406;
2409102564.1037436;-85.566925048828125;
2409262820.5139999;-85.610679626464844;
2409423076.9242563;-85.658462524414062;
2409583333.3345127;-85.646980285644531;
2409743589.7447691;-85.599273681640625;
2409903846.1550255;-85.643135070800781;
2410064102.5652819;-85.618301391601563;
2410224358.9755383;-85.635513305664063;
2410384615.3857946;-85.589752197265625;
2410544871.796051;-85.6202392578125;
2410705128.2063074;-85.576431274414063;
2410865384.6165643;-85.604957580566406;
2411025641.0268207;-85.593551635742187;
2411185897.437077;-85.664192199707031;
2411346153.8473334;-85.633583068847656;
2411506410.2575898;-85.648178100585937;
2411666666.6678462;-85.625968933105469;
2411826923.0781026;-85.608795166015625;
2411987179.488359;-85.639335632324219;
2412147435.8986154;-85.658729553222656;
2412307692.3088717;-85.650779724121094;
2412467948.7191281;-85.666130065917969;
2412628205.1293845;-85.59356689453125;
2412788461.5396409;-85.625961303710938;
2412948717.9498973;-85.614517211914062;
2413108974.3601537;-85.618331909179687;
2413269230.7704101;-85.608802795410156;
2413429487.1806664;-85.637351989746094;
2413589743.5909228;-85.694931030273438;
2413750000.0011792;-85.691085815429687;
2413910256.4114356;-85.673797607421875;
2414070512.8216925;-85.704551696777344;
2414230769.2319489;-85.710334777832031;
2414391025.6422052;-85.70648193359375;
2414551282.0524616;-85.68914794921875;
2414711538.462718;-85.667457580566406;
2414871794.8729744;-85.696853637695313;
2415032051.2832308;-85.70648193359375;
2415192307.6934872;-85.708412170410156;
2415352564.1037436;-85.708396911621094;
2415512820.5139999;-85.696846008300781;
2415673076.9242563;-85.687240600585938;
2415833333.3345127;-85.669914245605469;
2415993589.7447691;-85.629783630371094;
2416153846.1550255;-85.691055297851563;
2416314102.5652819;-85.716102600097656;
2416474358.9755383;-85.704551696777344;
2416634615.3857946;-85.712249755859375;
2416794871.796051;-85.698783874511719;
2416955128.2063074;-85.696861267089844;
2417115384.6165643;-85.675682067871094;
2417275641.0268207;-85.6434326171875;
2417435897.437077;-85.696846008300781;
2417596153.8473334;-85.689163208007813;
2417756410.2575898;-85.700691223144531;
2417916666.6678462;-85.666107177734375;
2418076923.0781026;-85.654624938964844;
2418237179.488359;-85.677635192871094;
2418397435.8986154;-85.646965026855469;
2418557692.3088717;-85.673774719238281;
2418717948.7191281;-85.70648193359375;
2418878205.1293845;-85.694931030273438;
2419038461.5396409;-85.691078186035156;
2419198717.9498973;-85.70648193359375;
2419358974.3601537;-85.711433410644531;
2419519230.7704101;-85.710334777832031;
2419679487.1806664;-85.683395385742188;
2419839743.5909228;-85.660369873046875;
2420000000.0011792;-85.652717590332031;
2420160256.4114356;-85.606903076171875;
2420320512.8216925;-85.66229248046875;
2420480769.2319489;-85.696846008300781;
2420641025.6422052;-85.704551696777344;
2420801282.0524616;-85.643112182617187;
2420961538.462718;-85.654640197753906;
2421121794.8729744;-85.614517211914062;
2421282051.2832308;-85.616432189941406;
2421442307.6934872;-85.617240905761719;
2421602564.1037436;-85.589767456054688;
2421762820.5139999;-85.625961303710938;
2421923076.9242563;-85.679496765136719;
2422083333.3345127;-85.70263671875;
2422243589.7447691;-85.689170837402344;
2422403846.1550255;-85.702629089355469;
2422564102.5652819;-85.692909240722656;
2422724358.9755383;-85.731536865234375;
2422884615.3857946;-85.70648193359375;
2423044871.796051;-85.708412170410156;
2423205128.2063074;-85.704551696777344;
2423365384.6165643;-85.709236145019531;
2423525641.0268207;-85.698776245117188;
2423685897.437077;-85.704559326171875;
2423846153.8473334;-85.681480407714844;
2424006410.2575898;-85.631690979003906;
2424166666.6678462;-85.637420654296875;
2424326923.0781026;-85.698768615722656;
2424487179.488359;-85.689140319824219;
2424647435.8986154;-85.664207458496094;
2424807692.3088717;-85.639328002929688;
2424967948.7191281;-85.698768615722656;
2425128205.1293845;-85.696853637695313;
2425288461.5396409;-85.687232971191406;
2425448717.9498973;-85.668045043945313;
2425608974.3601537;-85.637405395507813;
2425769230.7704101;-85.620231628417969;
2425929487.1806664;-85.627876281738281;
2426089743.5909228;-85.681465148925781;
2426250000.0011792;-85.698776245117188;
2426410256.4114356;-85.679550170898437;
2426570512.8216925;-85.666107177734375;
2426730769.2319489;-85.643119812011719;
2426891025.6422052;-85.696830749511719;
2427051282.0524616;-85.645004272460938;
2427211538.462718;-85.631690979003906;
2427371794.8729744;-85.652671813964844;
2427532051.2832308;-85.654632568359375;
2427692307.6934872;-85.4293212890625;
2427852564.1037436;-85.49713134765625;
2428012820.5139999;-84.999061584472656;
2428173076.9242563;-85.075920104980469;
2428333333.3345127;-84.262069702148438;
2428493589.7447691;-84.3052978515625;
2428653846.1550255;-82.678138732910156;
2428814102.5652819;-82.48870849609375;
2428974358.9755383;-80.442916870117187;
2429134615.3857946;-79.61492919921875;
2429294871.796051;-76.208084106445313;
2429455128.2063074;-75.127029418945313;
2429615384.6165643;-72.859222412109375;
2429775641.0268207;-70.69915771484375;
2429935897.437077;-69.60711669921875;
2430096153.8473334;-65.633087158203125;
2430256410.2575898;-65.279022216796875;
2430416666.6678462;-62.564342498779297;
2430576923.0781026;-62.092628479003906;
2430737179.488359;-59.279674530029297;
2430897435.8986154;-58.259738922119141;
2431057692.3088717;-55.637908935546875;
2431217948.7191281;-55.195632934570312;
2431378205.1293845;-52.868927001953125;
2431538461.5396409;-52.070438385009766;
2431698717.9498973;-49.070240020751953;
2431858974.3601537;-48.737068176269531;
2432019230.7704101;-46.366348266601563;
2432179487.1806664;-46.031982421875;
2432339743.5909228;-43.617404937744141;
2432500000.0011792;-42.574413299560547;
2432660256.4114356;-41.010566711425781;
2432820512.8216925;-40.119457244873047;
2432980769.2319489;-38.926044464111328;
2433141025.6422052;-37.727596282958984;
2433301282.0524616;-36.465652465820312;
2433461538.462718;-35.728076934814453;
2433621794.8729744;-35.044906616210938;
2433782051.2832308;-34.367435455322266;
2433942307.6934872;-33.828678131103516;
2434102564.1037436;-33.228862762451172;
2434262820.5139999;-33.242427825927734;
2434423076.9242563;-32.992691040039063;
2434583333.3345127;-33.167842864990234;
2434743589.7447691;-33.298324584960938;
2434903846.1550255;-33.785884857177734;
2435064102.5652819;-34.463943481445313;
2435224358.9755383;-34.729457855224609;
2435384615.3857946;-35.733531951904297;
2435544871.796051;-36.545928955078125;
2435705128.2063074;-38.089939117431641;
2435865384.6165643;-38.531360626220703;
2436025641.0268207;-40.039527893066406;
2436185897.437077;-40.457763671875;
2436346153.8473334;-42.429000854492188;
2436506410.2575898;-43.815116882324219;
2436666666.6678462;-45.134525299072266;
2436826923.0781026;-45.956024169921875;
2436987179.488359;-47.243511199951172;
2437147435.8986154;-48.601512908935547;
2437307692.3088717;-50.721527099609375;
2437467948.7191281;-51.405426025390625;
2437628205.1293845;-52.917270660400391;
2437788461.5396409;-53.631664276123047;
2437948717.9498973;-55.608310699462891;
2438108974.3601537;-57.059539794921875;
2438269230.7704101;-58.405586242675781;
2438429487.1806664;-59.246768951416016;
2438589743.5909228;-60.527774810791016;
2438750000.0011792;-61.867847442626953;
2438910256.4114356;-64.063125610351563;
2439070512.8216925;-64.615097045898437;
2439230769.2319489;-66.374473571777344;
2439391025.6422052;-66.954147338867187;
2439551282.0524616;-69.183181762695312;
2439711538.462718;-70.951385498046875;
2439871794.8729744;-72.320175170898438;
2440032051.2832308;-73.567726135253906;
2440192307.6934872;-74.875869750976563;
2440352564.1037436;-76.500022888183594;
2440512820.5139999;-79.253440856933594;
2440673076.9242563;-80.417694091796875;
2440833333.3345127;-81.52227783203125;
2440993589.7447691;-82.518463134765625;
2441153846.1550255;-83.668678283691406;
2441314102.5652819;-84.574981689453125;
2441474358.9755383;-84.863861083984375;
2441634615.3857946;-85.145126342773438;
2441794871.796051;-85.366188049316406;
2441955128.2063074;-85.5140380859375;
2442115384.6165643;-85.601181030273438;
2442275641.0268207;-85.673728942871094;
2442435897.437077;-85.710334777832031;
2442596153.8473334;-85.735389709472656;
2442756410.2575898;-85.739265441894531;
2442916666.6678462;-85.791633605957031;
2443076923.0781026;-85.801353454589844;
2443237179.488359;-85.778030395507813;
2443397435.8986154;-85.789688110351562;
2443557692.3088717;-85.793586730957031;
2443717948.7191281;-85.807212829589844;
2443878205.1293845;-85.7935791015625;
2444038461.5396409;-85.750877380371094;
2444198717.9498973;-85.791603088378906;
2444358974.3601537;-85.795486450195313;
2444519230.7704101;-85.698226928710937;
2444679487.1806664;-85.67572021484375;
2444839743.5909228;-85.671890258789063;
2445000000.0011792;-85.652633666992188;
2445160256.4114356;-85.576416015625;
2445320512.8216925;-85.696800231933594;
2445480769.2319489;-85.727668762207031;
2445641025.6422052;-85.774063110351563;
2445801282.0524616;-85.805244445800781;
2445961538.462718;-85.811103820800781;
2446121794.8729744;-85.803268432617188;
2446282051.2832308;-85.745086669921875;
2446442307.6934872;-85.719963073730469;
2446602564.1037436;-85.727691650390625;
2446762820.5139999;-85.712265014648437;
2446923076.9242563;-85.74700927734375;
2447083333.3345127;-85.791618347167969;
2447243589.7447691;-85.772193908691406;
2447403846.1550255;-85.721878051757812;
2447564102.5652819;-85.783798217773438;
2447724358.9755383;-85.753974914550781;
2447884615.3857946;-83.4403076171875;
2448044871.796051;-80.614585876464844;
2448205128.2063074;-79.661689758300781;
2448365384.6165643;-79.111091613769531;
2448525641.0268207;-79.591690063476562;
2448685897.437077;-83.360374450683594;
2448846153.8473334;-85.120254516601563;
2449006410.2575898;-85.574432373046875;
2449166666.6678462;-85.716026306152344;
2449326923.0781026;-85.772209167480469;
2449487179.488359;-85.83843994140625;
2449647435.8986154;-85.81695556640625;
2449807692.3088717;-85.830612182617188;
2449967948.7191281;-85.81890869140625;
2450128205.1293845;-85.814987182617188;
2450288461.5396409;-85.826713562011719;
2450448717.9498973;-85.822792053222656;
2450608974.3601537;-85.797462463378906;
2450769230.7704101;-85.816963195800781;
2450929487.1806664;-85.842338562011719;
2451089743.5909228;-85.830612182617188;
2451250000.0011792;-85.799415588378906;
2451410256.4114356;-85.801368713378906;
2451570512.8216925;-85.82476806640625;
2451730769.2319489;-85.764442443847656;
2451891025.6422052;-84.08843994140625;
2452051282.0524616;-78.085823059082031;
2452211538.462718;-76.463401794433594;
2452371794.8729744;-76.020828247070312;
2452532051.2832308;-75.977943420410156;
2452692307.6934872;-80.338088989257813;
2452852564.1037436;-83.996444702148438;
2453012820.5139999;-85.36688232421875;
2453173076.9242563;-85.679412841796875;
2453333333.3345127;-85.748954772949219;
2453493589.7447691;-85.739219665527344;
2453653846.1550255;-85.82086181640625;
2453814102.5652819;-85.756591796875;
2453974358.9755383;-85.820854187011719;
2454134615.3857946;-85.785781860351562;
2454294871.796051;-85.826705932617188;
2454455128.2063074;-85.807167053222656;
2454615384.6165643;-85.81890869140625;
2454775641.0268207;-85.766334533691406;
2454935897.437077;-85.814994812011719;
2455096153.8473334;-85.737266540527344;
2455256410.2575898;-85.813018798828125;
2455416666.6678462;-85.783836364746094;
2455576923.0781026;-85.844291687011719;
2455737179.488359;-85.801353454589844;
2455897435.8986154;-85.524429321289063;
2456057692.3088717;-82.303993225097656;
2456217948.7191281;-78.851898193359375;
2456378205.1293845;-78.374298095703125;
2456538461.5396409;-78.605064392089844;
2456698717.9498973;-79.331474304199219;
2456858974.3601537;-82.92364501953125;
2457019230.7704101;-84.761795043945313;
2457179487.1806664;-85.552787780761719;
2457339743.5909228;-85.694915771484375;
2457500000.0011792;-85.743141174316406;
2457660256.4114356;-85.752769470214844;
2457820512.8216925;-85.830619812011719;
2457980769.2319489;-85.801338195800781;
2458141025.6422052;-85.848182678222656;
2458301282.0524616;-85.775978088378906;
2458461538.462718;-84.398178100585937;
2458621794.8729744;-73.998245239257813;
2458782051.2832308;-80.417121887207031;
2458942307.6934872;-83.79241943359375;
2459102564.1037436;-85.157485961914063;
2459262820.5139999;-85.455780029296875;
2459423076.9242563;-85.548065185546875;
2459583333.3345127;-85.527275085449219;
2459743589.7447691;-85.6085205078125;
2459903846.1550255;-85.702613830566406;
2460064102.5652819;-85.4478759765625;
2460224358.9755383;-85.277664184570313;
2460384615.3857946;-85.472625732421875;
2460544871.796051;-85.583915710449219;
2460705128.2063074;-85.708358764648437;
2460865384.6165643;-85.787681579589844;
2461025641.0268207;-85.834503173828125;
2461185897.437077;-85.842353820800781;
2461346153.8473334;-75.632194519042969;
2461506410.2575898;-76.021537780761719;
2461666666.6678462;-82.189361572265625;
2461826923.0781026;-84.808563232421875;
2461987179.488359;-85.598716735839844;
2462147435.8986154;-85.840316772460938;
2462307692.3088717;-85.875640869140625;
2462467948.7191281;-85.913063049316406;
2462628205.1293845;-85.854080200195313;
2462788461.5396409;-85.859916687011719;
2462948717.9498973;-85.895317077636719;
2463108974.3601537;-85.859977722167969;
2463269230.7704101;-85.907150268554688;
2463429487.1806664;-85.865852355957031;
2463589743.5909228;-85.903205871582031;
2463750000.0011792;-85.889404296875;
2463910256.4114356;-85.988319396972656;
2464070512.8216925;-85.901214599609375;
2464230769.2319489;-85.907150268554688;
2464391025.6422052;-85.850120544433594;
2464551282.0524616;-85.881546020507813;
2464711538.462718;-85.832565307617188;
2464871794.8729744;-85.846206665039063;
2465032051.2832308;-85.92095947265625;
2465192307.6934872;-85.922904968261719;
2465352564.1037436;-85.895309448242188;
2465512820.5139999;-85.871665954589844;
2465673076.9242563;-85.887428283691406;
2465833333.3345127;-85.879539489746094;
2465993589.7447691;-85.822807312011719;
2466153846.1550255;-85.828666687011719;
2466314102.5652819;-85.883468627929688;
2466474358.9755383;-85.879539489746094;
2466634615.3857946;-85.848197937011719;
2466794871.796051;-85.887428283691406;
2466955128.2063074;-85.8619384765625;
2467115384.6165643;-85.822776794433594;
2467275641.0268207;-85.820846557617188;
2467435897.437077;-85.818885803222656;
2467596153.8473334;-85.859886169433594;
2467756410.2575898;-85.883522033691406;
2467916666.6678462;-85.875640869140625;
2468076923.0781026;-85.909683227539062;
2468237179.488359;-85.850936889648437;
2468397435.8986154;-85.842353820800781;
2468557692.3088717;-85.824928283691406;
2468717948.7191281;-85.824485778808594;
2468878205.1293845;-85.845794677734375;
2469038461.5396409;-85.8311767578125;
2469198717.9498973;-85.846168518066406;
2469358974.3601537;-85.891365051269531;
2469519230.7704101;-85.903160095214844;
2469679487.1806664;-85.881553649902344;
2469839743.5909228;-85.879570007324219;
2470000000.0011792;-85.838424682617187;
2470160256.4114356;-85.885467529296875;
2470320512.8216925;-85.799339294433594;
2470480769.2319489;-85.891357421875;
2470641025.6422052;-85.820777893066406;
2470801282.0524616;-85.881553649902344;
2470961538.462718;-85.787704467773438;
2471121794.8729744;-85.859977722167969;
2471282051.2832308;-85.797325134277344;
2471442307.6934872;-85.810958862304688;
2471602564.1037436;-85.875503540039063;
2471762820.5139999;-85.820671081542969;
2471923076.9242563;-85.873329162597656;
2472083333.3345127;-85.805107116699219;
2472243589.7447691;-85.828140258789063;
2472403846.1550255;-85.758506774902344;
2472564102.5652819;-85.711387634277344;
2472724358.9755383;-85.746902465820313;
2472884615.3857946;-85.730010986328125;
2473044871.796051;-85.694595336914063;
2473205128.2063074;-85.789398193359375;
2473365384.6165643;-85.566497802734375;
2473525641.0268207;-85.793548583984375;
2473685897.437077;-85.612220764160156;
2473846153.8473334;-85.78759765625;
2474006410.2575898;-85.673255920410156;
2474166666.6678462;-85.762100219726563;
2474326923.0781026;-85.700492858886719;
2474487179.488359;-85.822799682617188;
2474647435.8986154;-85.696624755859375;
2474807692.3088717;-85.824760437011719;
2474967948.7191281;-85.706375122070313;
2475128205.1293845;-85.84033203125;
2475288461.5396409;-85.772193908691406;
2475448717.9498973;-85.832565307617188;
2475608974.3601537;-85.770179748535156;
2475769230.7704101;-85.834518432617188;
2475929487.1806664;-85.818893432617188;
2476089743.5909228;-85.82476806640625;
2476250000.0011792;-85.758621215820313;
2476410256.4114356;-85.789680480957031;
2476570512.8216925;-85.799407958984375;
2476730769.2319489;-85.811111450195313;
2476891025.6422052;-85.809150695800781;
2477051282.0524616;-85.807212829589844;
2477211538.462718;-85.766387939453125;
2477371794.8729744;-85.754753112792969;
2477532051.2832308;-85.758628845214844;
2477692307.6934872;-85.789680480957031;
2477852564.1037436;-85.752822875976563;
2478012820.5139999;-85.760566711425781;
2478173076.9242563;-85.758636474609375;
2478333333.3345127;-85.813056945800781;
2478493589.7447691;-85.774139404296875;
2478653846.1550255;-85.797470092773438;
2478814102.5652819;-85.81304931640625;
2478974358.9755383;-85.81890869140625;
2479134615.3857946;-85.813056945800781;
2479294871.796051;-85.807182312011719;
2479455128.2063074;-85.777999877929688;
2479615384.6165643;-85.820854187011719;
2479775641.0268207;-85.809150695800781;
2479935897.437077;-85.879554748535156;
2480096153.8473334;-85.897300720214844;
2480256410.2575898;-85.905174255371094;
2480416666.6678462;-85.899269104003906;
2480576923.0781026;-85.905181884765625;
2480737179.488359;-85.893356323242187;
2480897435.8986154;-85.909126281738281;
2481057692.3088717;-85.909683227539062;
2481217948.7191281;-85.90911865234375;
2481378205.1293845;-85.903213500976563;
2481538461.5396409;-85.905166625976563;
2481698717.9498973;-85.859977722167969;
2481858974.3601537;-85.897254943847656;
2482019230.7704101;-85.938735961914063;
2482179487.1806664;-85.917007446289062;
2482339743.5909228;-85.909088134765625;
2482500000.0011792;-85.911094665527344;
2482660256.4114356;-85.92095947265625;
2482820512.8216925;-85.907135009765625;
2482980769.2319489;-85.920928955078125;
2483141025.6422052;-85.89532470703125;
2483301282.0524616;-85.913063049316406;
2483461538.462718;-85.915031433105469;
2483621794.8729744;-85.907150268554688;
2483782051.2832308;-85.885490417480469;
2483942307.6934872;-85.899261474609375;
2484102564.1037436;-85.903205871582031;
2484262820.5139999;-85.907150268554688;
