Type;ESU;
Version;4.43;
Date;03.Jun 16;
Mode;ANALYZER;
Center Freq;2434262820.514000;Hz
Freq Offset;0.000000;Hz
Span;100000000.000000;Hz
x-Axis;LIN;
Start;2384262820.514000;Hz
Stop;2484262820.514000;Hz
Ref Level;-9.000000;dBm
Level Offset;0.000000;dB
Ref Position;100.000000;%
y-Axis;LOG;
Level Range;100.000000;dB
Rf Att;5.000000;dB
RBW;2000000.000000;Hz
VBW;50.000000;Hz
SWT;2.500000;s
Trace Mode;CLR/WRITE;
Detector;RMS;
Sweep Count;0;
Trace 1:;;
x-Unit;Hz;
y-Unit;dBm;
Values;625;
2384262820.5139999;-85.737701416015625;
2384423076.9242563;-85.731529235839844;
2384583333.3345127;-85.758636474609375;
2384743589.7447691;-85.712257385253906;
2384903846.1550255;-85.704551696777344;
2385064102.5652819;-85.710334777832031;
2385224358.9755383;-85.718017578125;
2385384615.3857946;-85.752815246582031;
2385544871.796051;-85.741180419921875;
2385705128.2063074;-85.691085815429687;
2385865384.6165643;-85.706039428710938;
2386025641.0268207;-85.707015991210937;
2386185897.437077;-85.669883728027344;
2386346153.8473334;-85.6929931640625;
2386506410.2575898;-85.70263671875;
2386666666.6678462;-85.721473693847656;
2386826923.0781026;-85.709236145019531;
2386987179.488359;-85.724891662597656;
2387147435.8986154;-85.716087341308594;
2387307692.3088717;-85.709236145019531;
2387467948.7191281;-85.704345703125;
2387628205.1293845;-85.708412170410156;
2387788461.5396409;-85.733467102050781;
2387948717.9498973;-85.714187622070313;
2388108974.3601537;-85.702629089355469;
2388269230.7704101;-85.721893310546875;
2388429487.1806664;-85.694923400878906;
2388589743.5909228;-85.694923400878906;
2388750000.0011792;-85.679527282714844;
2388910256.4114356;-85.660369873046875;
2389070512.8216925;-85.637397766113281;
2389230769.2319489;-85.639274597167969;
2389391025.6422052;-85.681472778320312;
2389551282.0524616;-85.614494323730469;
2389711538.462718;-85.658424377441406;
2389871794.8729744;-85.64697265625;
2390032051.2832308;-85.669967651367188;
2390192307.6934872;-85.641204833984375;
2390352564.1037436;-85.692970275878906;
2390512820.5139999;-85.618324279785156;
2390673076.9242563;-85.685302734375;
2390833333.3345127;-85.606880187988281;
2390993589.7447691;-85.675682067871094;
2391153846.1550255;-85.627838134765625;
2391314102.5652819;-85.668045043945313;
2391474358.9755383;-85.578315734863281;
2391634615.3857946;-85.624053955078125;
2391794871.796051;-85.513916015625;
2391955128.2063074;-85.633598327636719;
2392115384.6165643;-85.410713195800781;
2392275641.0268207;-85.580245971679688;
2392435897.437077;-85.625968933105469;
2392596153.8473334;-85.648338317871094;
2392756410.2575898;-85.447998046875;
2392916666.6678462;-85.509498596191406;
2393076923.0781026;-85.306434631347656;
2393237179.488359;-85.543708801269531;
2393397435.8986154;-85.293472290039063;
2393557692.3088717;-85.431686401367188;
2393717948.7191281;-85.39739990234375;
2393878205.1293845;-85.489128112792969;
2394038461.5396409;-85.36383056640625;
2394198717.9498973;-85.435867309570313;
2394358974.3601537;-85.431053161621094;
2394519230.7704101;-85.39654541015625;
2394679487.1806664;-85.474250793457031;
2394839743.5909228;-85.339385986328125;
2395000000.0011792;-85.474472045898438;
2395160256.4114356;-85.364212036132813;
2395320512.8216925;-85.565032958984375;
2395480769.2319489;-85.447822570800781;
2395641025.6422052;-85.543403625488281;
2395801282.0524616;-85.480972290039063;
2395961538.462718;-85.552108764648438;
2396121794.8729744;-85.499580383300781;
2396282051.2832308;-85.539169311523438;
2396442307.6934872;-85.482795715332031;
2396602564.1037436;-85.524024963378906;
2396762820.5139999;-85.534713745117188;
2396923076.9242563;-85.683364868164062;
2397083333.3345127;-85.704551696777344;
2397243589.7447691;-85.67755126953125;
2397403846.1550255;-85.635498046875;
2397564102.5652819;-85.6622314453125;
2397724358.9755383;-85.610710144042969;
2397884615.3857946;-85.587814331054687;
2398044871.796051;-85.566986083984375;
2398205128.2063074;-85.599227905273438;
2398365384.6165643;-85.529190063476563;
2398525641.0268207;-85.568878173828125;
2398685897.437077;-85.597381591796875;
2398846153.8473334;-85.591537475585937;
2399006410.2575898;-85.557502746582031;
2399166666.6678462;-85.608757019042969;
2399326923.0781026;-85.540496826171875;
2399487179.488359;-85.568862915039063;
2399647435.8986154;-85.620246887207031;
2399807692.3088717;-85.587821960449219;
2399967948.7191281;-85.584083557128906;
2400128205.1293845;-85.580276489257813;
2400288461.5396409;-85.631675720214844;
2400448717.9498973;-85.591636657714844;
2400608974.3601537;-85.572685241699219;
2400769230.7704101;-85.610702514648437;
2400929487.1806664;-85.624053955078125;
2401089743.5909228;-85.585975646972656;
2401250000.0011792;-85.606903076171875;
2401410256.4114356;-85.595458984375;
2401570512.8216925;-85.587867736816406;
2401730769.2319489;-85.559379577636719;
2401891025.6422052;-85.557502746582031;
2402051282.0524616;-85.604988098144531;
2402211538.462718;-85.614509582519531;
2402371794.8729744;-85.578369140625;
2402532051.2832308;-85.616432189941406;
2402692307.6934872;-85.57080078125;
2402852564.1037436;-85.603050231933594;
2403012820.5139999;-85.612617492675781;
2403173076.9242563;-85.608795166015625;
2403333333.3345127;-85.578361511230469;
2403493589.7447691;-85.618324279785156;
2403653846.1550255;-85.618339538574219;
2403814102.5652819;-85.612625122070313;
2403974358.9755383;-85.620246887207031;
2404134615.3857946;-85.612617492675781;
2404294871.796051;-85.622146606445313;
2404455128.2063074;-85.622146606445313;
2404615384.6165643;-85.608795166015625;
2404775641.0268207;-85.6202392578125;
2404935897.437077;-85.608787536621094;
2405096153.8473334;-85.627876281738281;
2405256410.2575898;-85.606910705566406;
2405416666.6678462;-85.616424560546875;
2405576923.0781026;-85.5897216796875;
2405737179.488359;-85.601173400878906;
2405897435.8986154;-85.62786865234375;
2406057692.3088717;-85.610702514648437;
2406217948.7191281;-85.606887817382812;
2406378205.1293845;-85.635505676269531;
2406538461.5396409;-85.60687255859375;
2406698717.9498973;-85.616432189941406;
2406858974.3601537;-85.603073120117187;
2407019230.7704101;-85.618331909179687;
2407179487.1806664;-85.624008178710938;
2407339743.5909228;-85.6929931640625;
2407500000.0011792;-85.629783630371094;
2407660256.4114356;-85.643142700195313;
2407820512.8216925;-85.654632568359375;
2407980769.2319489;-85.631683349609375;
2408141025.6422052;-85.637420654296875;
2408301282.0524616;-85.622154235839844;
2408461538.462718;-85.580268859863281;
2408621794.8729744;-85.6527099609375;
2408782051.2832308;-85.585968017578125;
2408942307.6934872;-85.637405395507813;
2409102564.1037436;-85.608795166015625;
2409262820.5139999;-85.658462524414062;
2409423076.9242563;-85.618339538574219;
2409583333.3345127;-85.6240234375;
2409743589.7447691;-85.58782958984375;
2409903846.1550255;-85.631683349609375;
2410064102.5652819;-85.639236450195313;
2410224358.9755383;-85.691085815429687;
2410384615.3857946;-85.63543701171875;
2410544871.796051;-85.616432189941406;
2410705128.2063074;-85.614448547363281;
2410865384.6165643;-85.599258422851562;
2411025641.0268207;-85.631668090820312;
2411185897.437077;-85.620246887207031;
2411346153.8473334;-85.5972900390625;
2411506410.2575898;-85.636581420898438;
2411666666.6678462;-85.704551696777344;
2411826923.0781026;-85.646980285644531;
2411987179.488359;-85.610664367675781;
2412147435.8986154;-85.633537292480469;
2412307692.3088717;-85.708404541015625;
2412467948.7191281;-85.693008422851562;
2412628205.1293845;-85.678451538085938;
2412788461.5396409;-85.639541625976563;
2412948717.9498973;-85.628150939941406;
2413108974.3601537;-85.618331909179687;
2413269230.7704101;-85.641220092773438;
2413429487.1806664;-85.6412353515625;
2413589743.5909228;-85.629768371582031;
2413750000.0011792;-85.704559326171875;
2413910256.4114356;-85.666130065917969;
2414070512.8216925;-85.654632568359375;
2414230769.2319489;-85.643142700195313;
2414391025.6422052;-85.658462524414062;
2414551282.0524616;-85.652725219726563;
2414711538.462718;-85.667991638183594;
2414871794.8729744;-85.719955444335938;
2415032051.2832308;-85.708412170410156;
2415192307.6934872;-85.685302734375;
2415352564.1037436;-85.702590942382813;
2415512820.5139999;-85.698768615722656;
2415673076.9242563;-85.669967651367188;
2415833333.3345127;-85.712265014648437;
2415993589.7447691;-85.6929931640625;
2416153846.1550255;-85.712234497070313;
2416314102.5652819;-85.718017578125;
2416474358.9755383;-85.629768371582031;
2416634615.3857946;-85.656486511230469;
2416794871.796051;-85.683395385742188;
2416955128.2063074;-85.710334777832031;
2417115384.6165643;-85.696853637695313;
2417275641.0268207;-85.694931030273438;
2417435897.437077;-85.706474304199219;
2417596153.8473334;-85.689170837402344;
2417756410.2575898;-85.709236145019531;
2417916666.6678462;-85.704551696777344;
2418076923.0781026;-85.700668334960938;
2418237179.488359;-85.7296142578125;
2418397435.8986154;-85.696846008300781;
2418557692.3088717;-85.716102600097656;
2418717948.7191281;-85.696853637695313;
2418878205.1293845;-85.668045043945313;
2419038461.5396409;-85.664192199707031;
2419198717.9498973;-85.700698852539063;
2419358974.3601537;-85.702629089355469;
2419519230.7704101;-85.735404968261719;
2419679487.1806664;-85.700599670410156;
2419839743.5909228;-85.647796630859375;
2420000000.0011792;-85.62786865234375;
2420160256.4114356;-85.666114807128906;
2420320512.8216925;-85.660369873046875;
2420480769.2319489;-85.639328002929688;
2420641025.6422052;-85.660385131835938;
2420801282.0524616;-85.639328002929688;
2420961538.462718;-85.616424560546875;
2421121794.8729744;-85.631690979003906;
2421282051.2832308;-85.650779724121094;
2421442307.6934872;-85.685317993164063;
2421602564.1037436;-85.652717590332031;
2421762820.5139999;-85.633598327636719;
2421923076.9242563;-85.634681701660156;
2422083333.3345127;-85.643150329589844;
2422243589.7447691;-85.620208740234375;
2422403846.1550255;-85.63360595703125;
2422564102.5652819;-85.658462524414062;
2422724358.9755383;-85.669960021972656;
2422884615.3857946;-85.679542541503906;
2423044871.796051;-85.694931030273438;
2423205128.2063074;-85.67376708984375;
2423365384.6165643;-85.667984008789063;
2423525641.0268207;-85.668045043945313;
2423685897.437077;-85.687210083007813;
2423846153.8473334;-85.709228515625;
2424006410.2575898;-85.675712585449219;
2424166666.6678462;-85.704551696777344;
2424326923.0781026;-85.70648193359375;
2424487179.488359;-85.675674438476563;
2424647435.8986154;-85.633598327636719;
2424807692.3088717;-85.648895263671875;
2424967948.7191281;-85.637420654296875;
2425128205.1293845;-85.646980285644531;
2425288461.5396409;-85.687217712402344;
2425448717.9498973;-85.708412170410156;
2425608974.3601537;-85.664199829101563;
2425769230.7704101;-85.648880004882813;
2425929487.1806664;-85.68914794921875;
2426089743.5909228;-85.698768615722656;
2426250000.0011792;-85.708412170410156;
2426410256.4114356;-85.656539916992188;
2426570512.8216925;-85.637420654296875;
2426730769.2319489;-85.614501953125;
2426891025.6422052;-85.648880004882813;
2427051282.0524616;-85.561271667480469;
2427211538.462718;-85.58978271484375;
2427371794.8729744;-85.246353149414063;
2427532051.2832308;-85.40924072265625;
2427692307.6934872;-85.06683349609375;
2427852564.1037436;-84.18548583984375;
2428012820.5139999;-84.299430847167969;
2428173076.9242563;-82.793327331542969;
2428333333.3345127;-81.84210205078125;
2428493589.7447691;-80.832023620605469;
2428653846.1550255;-79.289817810058594;
2428814102.5652819;-77.694602966308594;
2428974358.9755383;-74.739273071289062;
2429134615.3857946;-73.354354858398437;
2429294871.796051;-71.967109680175781;
2429455128.2063074;-68.533218383789063;
2429615384.6165643;-67.930572509765625;
2429775641.0268207;-63.623432159423828;
2429935897.437077;-62.804302215576172;
2430096153.8473334;-60.771202087402344;
2430256410.2575898;-59.304779052734375;
2430416666.6678462;-57.779098510742188;
2430576923.0781026;-54.916408538818359;
2430737179.488359;-54.389934539794922;
2430897435.8986154;-52.158313751220703;
2431057692.3088717;-50.492446899414063;
2431217948.7191281;-50.018363952636719;
2431378205.1293845;-47.241794586181641;
2431538461.5396409;-46.258548736572266;
2431698717.9498973;-43.690940856933594;
2431858974.3601537;-43.398948669433594;
2432019230.7704101;-41.149158477783203;
2432179487.1806664;-40.402626037597656;
2432339743.5909228;-37.845737457275391;
2432500000.0011792;-37.378795623779297;
2432660256.4114356;-35.360736846923828;
2432820512.8216925;-34.999042510986328;
2432980769.2319489;-33.247447967529297;
2433141025.6422052;-32.187778472900391;
2433301282.0524616;-31.055719375610352;
2433461538.462718;-30.378168106079102;
2433621794.8729744;-29.639789581298828;
2433782051.2832308;-28.870065689086914;
2433942307.6934872;-28.293584823608398;
2434102564.1037436;-27.971096038818359;
2434262820.5139999;-27.896642684936523;
2434423076.9242563;-27.705350875854492;
2434583333.3345127;-27.726333618164063;
2434743589.7447691;-28.294734954833984;
2434903846.1550255;-28.605352401733398;
2435064102.5652819;-29.067728042602539;
2435224358.9755383;-29.684883117675781;
2435384615.3857946;-30.392898559570312;
2435544871.796051;-31.668743133544922;
2435705128.2063074;-32.483531951904297;
2435865384.6165643;-33.545249938964844;
2436025641.0268207;-34.540988922119141;
2436185897.437077;-35.665519714355469;
2436346153.8473334;-37.516132354736328;
2436506410.2575898;-38.582931518554688;
2436666666.6678462;-39.681648254394531;
2436826923.0781026;-40.799301147460938;
2436987179.488359;-42.274188995361328;
2437147435.8986154;-44.06689453125;
2437307692.3088717;-45.26416015625;
2437467948.7191281;-46.502578735351563;
2437628205.1293845;-47.457172393798828;
2437788461.5396409;-48.897483825683594;
2437948717.9498973;-51.037281036376953;
2438108974.3601537;-51.988056182861328;
2438269230.7704101;-53.238838195800781;
2438429487.1806664;-54.368099212646484;
2438589743.5909228;-55.690765380859375;
2438750000.0011792;-57.686492919921875;
2438910256.4114356;-58.628253936767578;
2439070512.8216925;-60.297348022460938;
2439230769.2319489;-60.970821380615234;
2439391025.6422052;-62.896503448486328;
2439551282.0524616;-64.581390380859375;
2439711538.462718;-66.405319213867187;
2439871794.8729744;-67.28753662109375;
2440032051.2832308;-69.121833801269531;
2440192307.6934872;-70.6162109375;
2440352564.1037436;-73.342544555664063;
2440512820.5139999;-74.627052307128906;
2440673076.9242563;-76.425689697265625;
2440833333.3345127;-77.6658935546875;
2440993589.7447691;-79.764541625976563;
2441153846.1550255;-81.792243957519531;
2441314102.5652819;-82.704383850097656;
2441474358.9755383;-83.553070068359375;
2441634615.3857946;-84.165481567382812;
2441794871.796051;-84.654838562011719;
2441955128.2063074;-85.135086059570312;
2442115384.6165643;-85.270721435546875;
2442275641.0268207;-85.390625;
2442435897.437077;-85.502792358398438;
2442596153.8473334;-85.495285034179687;
2442756410.2575898;-85.485763549804687;
2442916666.6678462;-85.399932861328125;
2443076923.0781026;-85.409255981445313;
2443237179.488359;-85.346160888671875;
2443397435.8986154;-85.440773010253906;
2443557692.3088717;-85.250633239746094;
2443717948.7191281;-85.381294250488281;
2443878205.1293845;-85.182723999023438;
2444038461.5396409;-85.322784423828125;
2444198717.9498973;-85.298751831054687;
2444358974.3601537;-85.08233642578125;
2444519230.7704101;-85.078117370605469;
2444679487.1806664;-85.144966125488281;
2444839743.5909228;-85.035858154296875;
2445000000.0011792;-85.223190307617188;
2445160256.4114356;-85.06793212890625;
2445320512.8216925;-85.092826843261719;
2445480769.2319489;-85.285438537597656;
2445641025.6422052;-85.381370544433594;
2445801282.0524616;-85.468902587890625;
2445961538.462718;-85.373916625976563;
2446121794.8729744;-85.532821655273438;
2446282051.2832308;-85.627845764160156;
2446442307.6934872;-85.468719482421875;
2446602564.1037436;-85.322166442871094;
2446762820.5139999;-85.33697509765625;
2446923076.9242563;-85.381340026855469;
2447083333.3345127;-85.377517700195313;
2447243589.7447691;-84.917068481445313;
2447403846.1550255;-84.852622985839844;
2447564102.5652819;-85.272346496582031;
2447724358.9755383;-84.729629516601563;
2447884615.3857946;-84.994209289550781;
2448044871.796051;-85.405220031738281;
2448205128.2063074;-85.587799072265625;
2448365384.6165643;-85.646980285644531;
2448525641.0268207;-85.639312744140625;
2448685897.437077;-85.553298950195313;
2448846153.8473334;-85.478042602539062;
2449006410.2575898;-85.459449768066406;
2449166666.6678462;-85.576446533203125;
2449326923.0781026;-85.444534301757813;
2449487179.488359;-85.568740844726563;
2449647435.8986154;-85.633590698242188;
2449807692.3088717;-85.666130065917969;
2449967948.7191281;-85.639328002929688;
2450128205.1293845;-85.601181030273438;
2450288461.5396409;-85.625961303710938;
2450448717.9498973;-85.625961303710938;
2450608974.3601537;-85.62786865234375;
2450769230.7704101;-85.637420654296875;
2450929487.1806664;-85.700698852539063;
2451089743.5909228;-85.668045043945313;
2451250000.0011792;-85.710334777832031;
2451410256.4114356;-85.731529235839844;
2451570512.8216925;-85.731735229492188;
2451730769.2319489;-85.737892150878906;
2451891025.6422052;-85.724807739257813;
2452051282.0524616;-85.685295104980469;
2452211538.462718;-85.601188659667969;
2452371794.8729744;-85.625961303710938;
2452532051.2832308;-85.565109252929688;
2452692307.6934872;-85.5367431640625;
2452852564.1037436;-85.557479858398437;
2453012820.5139999;-85.625953674316406;
2453173076.9242563;-85.603080749511719;
2453333333.3345127;-85.578376770019531;
2453493589.7447691;-85.618331909179687;
2453653846.1550255;-85.629776000976563;
2453814102.5652819;-85.6910400390625;
2453974358.9755383;-85.671714782714844;
2454134615.3857946;-85.603034973144531;
2454294871.796051;-85.658462524414062;
2454455128.2063074;-85.687217712402344;
2454615384.6165643;-85.37396240234375;
2454775641.0268207;-85.368064880371094;
2454935897.437077;-85.495216369628906;
2455096153.8473334;-85.472740173339844;
2455256410.2575898;-85.427574157714844;
2455416666.6678462;-84.864463806152344;
2455576923.0781026;-84.990447998046875;
2455737179.488359;-85.262977600097656;
2455897435.8986154;-85.463356018066406;
2456057692.3088717;-85.483985900878906;
2456217948.7191281;-85.525398254394531;
2456378205.1293845;-85.474571228027344;
2456538461.5396409;-85.648735046386719;
2456698717.9498973;-84.806793212890625;
2456858974.3601537;-85.055221557617188;
2457019230.7704101;-85.214126586914063;
2457179487.1806664;-85.267051696777344;
2457339743.5909228;-85.375564575195313;
2457500000.0011792;-85.217658996582031;
2457660256.4114356;-85.064064025878906;
2457820512.8216925;-84.906524658203125;
2457980769.2319489;-85.0858154296875;
2458141025.6422052;-85.237770080566406;
2458301282.0524616;-85.226890563964844;
2458461538.462718;-85.252983093261719;
2458621794.8729744;-84.818084716796875;
2458782051.2832308;-85.175880432128906;
2458942307.6934872;-85.292709350585938;
2459102564.1037436;-85.329513549804688;
2459262820.5139999;-85.347999572753906;
2459423076.9242563;-85.268753051757813;
2459583333.3345127;-85.360671997070313;
2459743589.7447691;-85.546096801757813;
2459903846.1550255;-85.644950866699219;
2460064102.5652819;-85.6929931640625;
2460224358.9755383;-85.66412353515625;
2460384615.3857946;-85.650749206542969;
2460544871.796051;-85.68133544921875;
2460705128.2063074;-85.679428100585938;
2460865384.6165643;-85.620170593261719;
2461025641.0268207;-85.641143798828125;
2461185897.437077;-85.627853393554687;
2461346153.8473334;-85.712211608886719;
2461506410.2575898;-85.771881103515625;
2461666666.6678462;-85.854087829589844;
2461826923.0781026;-85.83062744140625;
2461987179.488359;-85.81109619140625;
2462147435.8986154;-85.832572937011719;
2462307692.3088717;-85.852119445800781;
2462467948.7191281;-85.903190612792969;
2462628205.1293845;-85.883468627929688;
2462788461.5396409;-85.875663757324219;
2462948717.9498973;-85.87567138671875;
2463108974.3601537;-85.899269104003906;
2463269230.7704101;-85.855964660644531;
2463429487.1806664;-85.873680114746094;
2463589743.5909228;-85.863876342773438;
2463750000.0011792;-85.873710632324219;
2463910256.4114356;-85.840377807617188;
2464070512.8216925;-85.828643798828125;
2464230769.2319489;-85.84429931640625;
2464391025.6422052;-85.9031982421875;
2464551282.0524616;-85.848190307617188;
2464711538.462718;-85.867759704589844;
2464871794.8729744;-85.881553649902344;
2465032051.2832308;-85.920951843261719;
2465192307.6934872;-85.889404296875;
2465352564.1037436;-85.911087036132812;
2465512820.5139999;-85.903175354003906;
2465673076.9242563;-85.903160095214844;
2465833333.3345127;-85.852134704589844;
2465993589.7447691;-85.877609252929688;
2466153846.1550255;-85.84234619140625;
2466314102.5652819;-85.89727783203125;
2466474358.9755383;-85.848220825195313;
2466634615.3857946;-85.889419555664063;
2466794871.796051;-85.85406494140625;
2466955128.2063074;-85.838432312011719;
2467115384.6165643;-85.83642578125;
2467275641.0268207;-85.795494079589844;
2467435897.437077;-85.830619812011719;
2467596153.8473334;-85.83843994140625;
2467756410.2575898;-85.852127075195313;
2467916666.6678462;-85.920951843261719;
2468076923.0781026;-85.875602722167969;
2468237179.488359;-85.852134704589844;
2468397435.8986154;-85.840370178222656;
2468557692.3088717;-85.89727783203125;
2468717948.7191281;-85.889366149902344;
2468878205.1293845;-85.844291687011719;
2469038461.5396409;-85.865814208984375;
2469198717.9498973;-85.838432312011719;
2469358974.3601537;-85.856033325195313;
2469519230.7704101;-85.883506774902344;
2469679487.1806664;-85.887374877929688;
2469839743.5909228;-85.883415222167969;
2470000000.0011792;-85.850051879882812;
2470160256.4114356;-85.881546020507813;
2470320512.8216925;-85.826622009277344;
2470480769.2319489;-85.865837097167969;
2470641025.6422052;-85.809104919433594;
2470801282.0524616;-85.863815307617188;
2470961538.462718;-85.832489013671875;
2471121794.8729744;-85.856056213378906;
2471282051.2832308;-85.76434326171875;
2471442307.6934872;-85.852119445800781;
2471602564.1037436;-85.820831298828125;
2471762820.5139999;-85.859970092773437;
2471923076.9242563;-85.761947631835938;
2472083333.3345127;-85.828536987304688;
2472243589.7447691;-85.752288818359375;
2472403846.1550255;-85.805152893066406;
2472564102.5652819;-85.775367736816406;
2472724358.9755383;-85.737014770507813;
2472884615.3857946;-85.840362548828125;
2473044871.796051;-85.625381469726563;
2473205128.2063074;-85.818878173828125;
2473365384.6165643;-85.690895080566406;
2473525641.0268207;-85.7738037109375;
2473685897.437077;-85.694419860839844;
2473846153.8473334;-85.818893432617188;
2474006410.2575898;-85.644874572753906;
2474166666.6678462;-85.7818603515625;
2474326923.0781026;-85.714027404785156;
2474487179.488359;-85.828659057617188;
2474647435.8986154;-85.7177734375;
2474807692.3088717;-85.860244750976563;
2474967948.7191281;-85.764274597167969;
2475128205.1293845;-85.811088562011719;
2475288461.5396409;-85.717933654785156;
2475448717.9498973;-85.824745178222656;
2475608974.3601537;-85.7373046875;
2475769230.7704101;-85.826553344726563;
2475929487.1806664;-85.785682678222656;
2476089743.5909228;-85.807205200195313;
2476250000.0011792;-85.793571472167969;
2476410256.4114356;-85.81890869140625;
2476570512.8216925;-85.768234252929687;
2476730769.2319489;-85.721900939941406;
2476891025.6422052;-85.689125061035156;
2477051282.0524616;-85.723808288574219;
2477211538.462718;-85.7392578125;
2477371794.8729744;-85.69683837890625;
2477532051.2832308;-85.692985534667969;
2477692307.6934872;-85.710334777832031;
2477852564.1037436;-85.719963073730469;
2478012820.5139999;-85.7296142578125;
2478173076.9242563;-85.696792602539063;
2478333333.3345127;-85.664192199707031;
2478493589.7447691;-85.708404541015625;
2478653846.1550255;-85.748931884765625;
2478814102.5652819;-85.748954772949219;
2478974358.9755383;-85.725746154785156;
2479134615.3857946;-85.741188049316406;
2479294871.796051;-85.789688110351562;
2479455128.2063074;-85.82476806640625;
2479615384.6165643;-85.807212829589844;
2479775641.0268207;-85.82672119140625;
2479935897.437077;-85.8388671875;
2480096153.8473334;-85.824485778808594;
2480256410.2575898;-85.844306945800781;
2480416666.6678462;-85.830619812011719;
2480576923.0781026;-85.850181579589844;
2480737179.488359;-85.891365051269531;
2480897435.8986154;-85.899261474609375;
2481057692.3088717;-85.846260070800781;
2481217948.7191281;-85.869781494140625;
2481378205.1293845;-85.899261474609375;
2481538461.5396409;-85.887466430664063;
2481698717.9498973;-85.895332336425781;
2481858974.3601537;-85.913063049316406;
2482019230.7704101;-85.915031433105469;
2482179487.1806664;-85.893356323242187;
2482339743.5909228;-85.907150268554688;
2482500000.0011792;-85.91107177734375;
2482660256.4114356;-85.952590942382812;
2482820512.8216925;-85.899261474609375;
2482980769.2319489;-85.901229858398438;
2483141025.6422052;-85.897293090820313;
2483301282.0524616;-85.918983459472656;
2483461538.462718;-85.92291259765625;
2483621794.8729744;-85.922897338867188;
2483782051.2832308;-85.901229858398438;
2483942307.6934872;-85.923194885253906;
2484102564.1037436;-85.891395568847656;
2484262820.5139999;-85.928848266601562;
