Type;ESU;
Version;4.43;
Date;03.Jun 16;
Mode;ANALYZER;
Center Freq;2434262820.514000;Hz
Freq Offset;0.000000;Hz
Span;100000000.000000;Hz
x-Axis;LIN;
Start;2384262820.514000;Hz
Stop;2484262820.514000;Hz
Ref Level;-9.000000;dBm
Level Offset;0.000000;dB
Ref Position;100.000000;%
y-Axis;LOG;
Level Range;100.000000;dB
Rf Att;5.000000;dB
RBW;2000000.000000;Hz
VBW;50.000000;Hz
SWT;2.500000;s
Trace Mode;CLR/WRITE;
Detector;RMS;
Sweep Count;0;
Trace 1:;;
x-Unit;Hz;
y-Unit;dBm;
Values;625;
2384262820.5139999;-85.796920776367188;
2384423076.9242563;-85.750885009765625;
2384583333.3345127;-85.718040466308594;
2384743589.7447691;-85.729621887207031;
2384903846.1550255;-85.766372680664063;
2385064102.5652819;-85.774139404296875;
2385224358.9755383;-85.756683349609375;
2385384615.3857946;-85.733482360839844;
2385544871.796051;-85.747024536132813;
2385705128.2063074;-85.727684020996094;
2385865384.6165643;-85.712265014648437;
2386025641.0268207;-85.698760986328125;
2386185897.437077;-85.725761413574219;
2386346153.8473334;-85.708404541015625;
2386506410.2575898;-85.693008422851562;
2386666666.6678462;-85.702629089355469;
2386826923.0781026;-85.704559326171875;
2386987179.488359;-85.710334777832031;
2387147435.8986154;-85.727653503417969;
2387307692.3088717;-85.7103271484375;
2387467948.7191281;-85.66802978515625;
2387628205.1293845;-85.725761413574219;
2387788461.5396409;-85.673789978027344;
2387948717.9498973;-85.714187622070313;
2388108974.3601537;-85.712249755859375;
2388269230.7704101;-85.689170837402344;
2388429487.1806664;-85.664215087890625;
2388589743.5909228;-85.66229248046875;
2388750000.0011792;-85.671859741210938;
2388910256.4114356;-85.67950439453125;
2389070512.8216925;-85.694915771484375;
2389230769.2319489;-85.669952392578125;
2389391025.6422052;-85.679550170898437;
2389551282.0524616;-85.643150329589844;
2389711538.462718;-85.694900512695312;
2389871794.8729744;-85.633598327636719;
2390032051.2832308;-85.654823303222656;
2390192307.6934872;-85.652168273925781;
2390352564.1037436;-85.662246704101563;
2390512820.5139999;-85.646980285644531;
2390673076.9242563;-85.625930786132813;
2390833333.3345127;-85.704330444335937;
2390993589.7447691;-85.625961303710938;
2391153846.1550255;-85.618331909179687;
2391314102.5652819;-85.525405883789063;
2391474358.9755383;-85.599212646484375;
2391634615.3857946;-85.561210632324219;
2391794871.796051;-85.616134643554688;
2391955128.2063074;-85.597007751464844;
2392115384.6165643;-85.575439453125;
2392275641.0268207;-85.599220275878906;
2392435897.437077;-85.504020690917969;
2392596153.8473334;-85.574569702148438;
2392756410.2575898;-85.41046142578125;
2392916666.6678462;-85.529167175292969;
2393076923.0781026;-85.328697204589844;
2393237179.488359;-85.497817993164063;
2393397435.8986154;-85.406700134277344;
2393557692.3088717;-85.495674133300781;
2393717948.7191281;-85.425613403320313;
2393878205.1293845;-85.396316528320312;
2394038461.5396409;-85.457290649414063;
2394198717.9498973;-85.389228820800781;
2394358974.3601537;-85.506355285644531;
2394519230.7704101;-85.430511474609375;
2394679487.1806664;-85.538543701171875;
2394839743.5909228;-85.430984497070313;
2395000000.0011792;-85.559181213378906;
2395160256.4114356;-85.414596557617188;
2395320512.8216925;-85.474189758300781;
2395480769.2319489;-85.478118896484375;
2395641025.6422052;-85.52294921875;
2395801282.0524616;-85.546112060546875;
2395961538.462718;-85.496826171875;
2396121794.8729744;-85.599266052246094;
2396282051.2832308;-85.502670288085938;
2396442307.6934872;-85.599197387695313;
2396602564.1037436;-85.512100219726563;
2396762820.5139999;-85.559425354003906;
2396923076.9242563;-85.540374755859375;
2397083333.3345127;-85.606758117675781;
2397243589.7447691;-85.553718566894531;
2397403846.1550255;-85.56683349609375;
2397564102.5652819;-85.574569702148438;
2397724358.9755383;-85.557365417480469;
2397884615.3857946;-85.570762634277344;
2398044871.796051;-85.585906982421875;
2398205128.2063074;-85.625953674316406;
2398365384.6165643;-85.622116088867188;
2398525641.0268207;-85.631683349609375;
2398685897.437077;-85.549942016601562;
2398846153.8473334;-85.610710144042969;
2399006410.2575898;-85.546173095703125;
2399166666.6678462;-85.568878173828125;
2399326923.0781026;-85.553756713867187;
2399487179.488359;-85.591690063476563;
2399647435.8986154;-85.601181030273438;
2399807692.3088717;-85.576423645019531;
2399967948.7191281;-85.574546813964844;
2400128205.1293845;-85.56695556640625;
2400288461.5396409;-85.620246887207031;
2400448717.9498973;-85.534828186035156;
2400608974.3601537;-85.612594604492187;
2400769230.7704101;-85.56890869140625;
2400929487.1806664;-85.606887817382812;
2401089743.5909228;-85.610664367675781;
2401250000.0011792;-85.631668090820312;
2401410256.4114356;-85.625953674316406;
2401570512.8216925;-85.585968017578125;
2401730769.2319489;-85.622154235839844;
2401891025.6422052;-85.568878173828125;
2402051282.0524616;-85.536735534667969;
2402211538.462718;-85.559394836425781;
2402371794.8729744;-85.616424560546875;
2402532051.2832308;-85.601188659667969;
2402692307.6934872;-85.6085205078125;
2402852564.1037436;-85.597152709960937;
2403012820.5139999;-85.615036010742188;
2403173076.9242563;-85.606880187988281;
2403333333.3345127;-85.612403869628906;
2403493589.7447691;-85.615074157714844;
2403653846.1550255;-85.578582763671875;
2403814102.5652819;-85.595481872558594;
2403974358.9755383;-85.587844848632813;
2404134615.3857946;-85.645065307617188;
2404294871.796051;-85.582191467285156;
2404455128.2063074;-85.572700500488281;
2404615384.6165643;-85.606903076171875;
2404775641.0268207;-85.610710144042969;
2404935897.437077;-85.650779724121094;
2405096153.8473334;-85.603096008300781;
2405256410.2575898;-85.624038696289062;
2405416666.6678462;-85.6527099609375;
2405576923.0781026;-85.645065307617188;
2405737179.488359;-85.601127624511719;
2405897435.8986154;-85.629783630371094;
2406057692.3088717;-85.595466613769531;
2406217948.7191281;-85.631690979003906;
2406378205.1293845;-85.641227722167969;
2406538461.5396409;-85.666107177734375;
2406698717.9498973;-85.631683349609375;
2406858974.3601537;-85.625953674316406;
2407019230.7704101;-85.64697265625;
2407179487.1806664;-85.639328002929688;
2407339743.5909228;-85.624053955078125;
2407500000.0011792;-85.606895446777344;
2407660256.4114356;-85.648887634277344;
2407820512.8216925;-85.620223999023437;
2407980769.2319489;-85.622146606445313;
2408141025.6422052;-85.610710144042969;
2408301282.0524616;-85.645050048828125;
2408461538.462718;-85.629776000976563;
2408621794.8729744;-85.646926879882812;
2408782051.2832308;-85.62786865234375;
2408942307.6934872;-85.610710144042969;
2409102564.1037436;-85.627876281738281;
2409262820.5139999;-85.589752197265625;
2409423076.9242563;-85.668045043945313;
2409583333.3345127;-85.620208740234375;
2409743589.7447691;-85.683387756347656;
2409903846.1550255;-85.645072937011719;
2410064102.5652819;-85.629745483398438;
2410224358.9755383;-85.561309814453125;
2410384615.3857946;-85.606895446777344;
2410544871.796051;-85.620246887207031;
2410705128.2063074;-85.618331909179687;
2410865384.6165643;-85.624061584472656;
2411025641.0268207;-85.620246887207031;
2411185897.437077;-85.63360595703125;
2411346153.8473334;-85.641204833984375;
2411506410.2575898;-85.683021545410156;
2411666666.6678462;-85.624061584472656;
2411826923.0781026;-85.633590698242188;
2411987179.488359;-85.6011962890625;
2412147435.8986154;-85.623786926269531;
2412307692.3088717;-85.616432189941406;
2412467948.7191281;-85.66607666015625;
2412628205.1293845;-85.685317993164063;
2412788461.5396409;-85.675704956054688;
2412948717.9498973;-85.671859741210938;
2413108974.3601537;-85.641242980957031;
2413269230.7704101;-85.650779724121094;
2413429487.1806664;-85.694931030273438;
2413589743.5909228;-85.660369873046875;
2413750000.0011792;-85.639328002929688;
2413910256.4114356;-85.654632568359375;
2414070512.8216925;-85.668052673339844;
2414230769.2319489;-85.67572021484375;
2414391025.6422052;-85.666130065917969;
2414551282.0524616;-85.641242980957031;
2414711538.462718;-85.664146423339844;
2414871794.8729744;-85.711433410644531;
2415032051.2832308;-85.675712585449219;
2415192307.6934872;-85.689155578613281;
2415352564.1037436;-85.681480407714844;
2415512820.5139999;-85.656501770019531;
2415673076.9242563;-85.641212463378906;
2415833333.3345127;-85.66229248046875;
2415993589.7447691;-85.664199829101563;
2416153846.1550255;-85.668037414550781;
2416314102.5652819;-85.66229248046875;
2416474358.9755383;-85.693000793457031;
2416634615.3857946;-85.648895263671875;
2416794871.796051;-85.658462524414062;
2416955128.2063074;-85.694931030273438;
2417115384.6165643;-85.654632568359375;
2417275641.0268207;-85.660926818847656;
2417435897.437077;-85.694931030273438;
2417596153.8473334;-85.658409118652344;
2417756410.2575898;-85.614501953125;
2417916666.6678462;-85.673744201660156;
2418076923.0781026;-85.719963073730469;
2418237179.488359;-85.677558898925781;
2418397435.8986154;-85.616416931152344;
2418557692.3088717;-85.6202392578125;
2418717948.7191281;-85.610710144042969;
2418878205.1293845;-85.639335632324219;
2419038461.5396409;-85.612602233886719;
2419198717.9498973;-85.643119812011719;
2419358974.3601537;-85.677619934082031;
2419519230.7704101;-85.628143310546875;
2419679487.1806664;-85.625930786132813;
2419839743.5909228;-85.624053955078125;
2420000000.0011792;-85.604995727539063;
2420160256.4114356;-85.669929504394531;
2420320512.8216925;-85.6527099609375;
2420480769.2319489;-85.685302734375;
2420641025.6422052;-85.700698852539063;
2420801282.0524616;-85.650810241699219;
2420961538.462718;-85.639320373535156;
2421121794.8729744;-85.627876281738281;
2421282051.2832308;-85.622154235839844;
2421442307.6934872;-85.615074157714844;
2421602564.1037436;-85.650802612304688;
2421762820.5139999;-85.625961303710938;
2421923076.9242563;-85.620246887207031;
2422083333.3345127;-85.624053955078125;
2422243589.7447691;-85.616416931152344;
2422403846.1550255;-85.635398864746094;
2422564102.5652819;-85.691062927246094;
2422724358.9755383;-85.63360595703125;
2422884615.3857946;-85.622116088867188;
2423044871.796051;-85.612617492675781;
2423205128.2063074;-85.601173400878906;
2423365384.6165643;-85.624046325683594;
2423525641.0268207;-85.610710144042969;
2423685897.437077;-85.641250610351563;
2423846153.8473334;-85.624053955078125;
2424006410.2575898;-85.618339538574219;
2424166666.6678462;-85.601173400878906;
2424326923.0781026;-85.616432189941406;
2424487179.488359;-85.61822509765625;
2424647435.8986154;-85.641166687011719;
2424807692.3088717;-85.6011962890625;
2424967948.7191281;-85.587844848632813;
2425128205.1293845;-85.624061584472656;
2425288461.5396409;-85.576423645019531;
2425448717.9498973;-85.584022521972656;
2425608974.3601537;-85.546157836914063;
2425769230.7704101;-85.5291748046875;
2425929487.1806664;-85.517852783203125;
2426089743.5909228;-85.508064270019531;
2426250000.0011792;-85.482017517089844;
2426410256.4114356;-85.402107238769531;
2426570512.8216925;-85.412605285644531;
2426730769.2319489;-85.142288208007813;
2426891025.6422052;-85.157760620117188;
2427051282.0524616;-84.4591064453125;
2427211538.462718;-84.850135803222656;
2427371794.8729744;-83.6649169921875;
2427532051.2832308;-83.501296997070313;
2427692307.6934872;-82.076072692871094;
2427852564.1037436;-80.808036804199219;
2428012820.5139999;-80.681549072265625;
2428173076.9242563;-77.952011108398437;
2428333333.3345127;-78.57421875;
2428493589.7447691;-73.594863891601562;
2428653846.1550255;-74.076126098632812;
2428814102.5652819;-70.121826171875;
2428974358.9755383;-69.779869079589844;
2429134615.3857946;-67.074142456054687;
2429294871.796051;-64.705238342285156;
2429455128.2063074;-63.409496307373047;
2429615384.6165643;-61.015720367431641;
2429775641.0268207;-60.688301086425781;
2429935897.437077;-57.663642883300781;
2430096153.8473334;-57.181900024414063;
2430256410.2575898;-54.087516784667969;
2430416666.6678462;-54.177032470703125;
2430576923.0781026;-51.225704193115234;
2430737179.488359;-50.5457763671875;
2430897435.8986154;-47.947719573974609;
2431057692.3088717;-47.183891296386719;
2431217948.7191281;-45.481689453125;
2431378205.1293845;-44.129093170166016;
2431538461.5396409;-43.232067108154297;
2431698717.9498973;-40.854911804199219;
2431858974.3601537;-40.308681488037109;
2432019230.7704101;-38.541095733642578;
2432179487.1806664;-38.238006591796875;
2432339743.5909228;-36.482334136962891;
2432500000.0011792;-35.452495574951172;
2432660256.4114356;-34.486297607421875;
2432820512.8216925;-33.864692687988281;
2432980769.2319489;-33.233741760253906;
2433141025.6422052;-32.598228454589844;
2433301282.0524616;-31.894081115722656;
2433461538.462718;-31.812595367431641;
2433621794.8729744;-31.591350555419922;
2433782051.2832308;-31.740957260131836;
2433942307.6934872;-31.642457962036133;
2434102564.1037436;-32.325428009033203;
2434262820.5139999;-32.559482574462891;
2434423076.9242563;-33.313156127929688;
2434583333.3345127;-33.707645416259766;
2434743589.7447691;-34.680194854736328;
2434903846.1550255;-35.780651092529297;
2435064102.5652819;-36.728775024414063;
2435224358.9755383;-37.801292419433594;
2435384615.3857946;-38.727756500244141;
2435544871.796051;-40.111221313476562;
2435705128.2063074;-41.574153900146484;
2435865384.6165643;-43.013713836669922;
2436025641.0268207;-43.902389526367188;
2436185897.437077;-45.363574981689453;
2436346153.8473334;-46.389698028564453;
2436506410.2575898;-48.421504974365234;
2436666666.6678462;-49.491214752197266;
2436826923.0781026;-50.790363311767578;
2436987179.488359;-51.962619781494141;
2437147435.8986154;-53.233669281005859;
2437307692.3088717;-55.152641296386719;
2437467948.7191281;-56.128570556640625;
2437628205.1293845;-57.627777099609375;
2437788461.5396409;-58.437873840332031;
2437948717.9498973;-60.169643402099609;
2438108974.3601537;-61.737461090087891;
2438269230.7704101;-63.158164978027344;
2438429487.1806664;-64.250480651855469;
2438589743.5909228;-65.546340942382812;
2438750000.0011792;-67.0325927734375;
2438910256.4114356;-68.928718566894531;
2439070512.8216925;-70.48138427734375;
2439230769.2319489;-71.710395812988281;
2439391025.6422052;-73.44183349609375;
2439551282.0524616;-74.866561889648438;
2439711538.462718;-77.563613891601563;
2439871794.8729744;-78.849708557128906;
2440032051.2832308;-80.497726440429688;
2440192307.6934872;-81.565513610839844;
2440352564.1037436;-82.81207275390625;
2440512820.5139999;-83.954933166503906;
2440673076.9242563;-84.499465942382812;
2440833333.3345127;-84.879783630371094;
2440993589.7447691;-85.082252502441406;
2441153846.1550255;-85.299774169921875;
2441314102.5652819;-85.483932495117188;
2441474358.9755383;-85.585929870605469;
2441634615.3857946;-85.637413024902344;
2441794871.796051;-85.664192199707031;
2441955128.2063074;-85.679557800292969;
2442115384.6165643;-85.664146423339844;
2442275641.0268207;-85.616432189941406;
2442435897.437077;-85.61260986328125;
2442596153.8473334;-85.570793151855469;
2442756410.2575898;-85.5367431640625;
2442916666.6678462;-85.4840087890625;
2443076923.0781026;-85.438980102539063;
2443237179.488359;-85.261474609375;
2443397435.8986154;-85.107406616210938;
2443557692.3088717;-84.978874206542969;
2443717948.7191281;-84.86273193359375;
2443878205.1293845;-84.674179077148438;
2444038461.5396409;-84.436180114746094;
2444198717.9498973;-83.943550109863281;
2444358974.3601537;-84.403732299804687;
2444519230.7704101;-83.843864440917969;
2444679487.1806664;-83.416061401367188;
2444839743.5909228;-83.157867431640625;
2445000000.0011792;-83.019622802734375;
2445160256.4114356;-82.474517822265625;
2445320512.8216925;-81.9969482421875;
2445480769.2319489;-82.600288391113281;
2445641025.6422052;-81.616889953613281;
2445801282.0524616;-80.875770568847656;
2445961538.462718;-80.753395080566406;
2446121794.8729744;-82.559844970703125;
2446282051.2832308;-80.049964904785156;
2446442307.6934872;-78.855964660644531;
2446602564.1037436;-78.202377319335938;
2446762820.5139999;-77.644477844238281;
2446923076.9242563;-77.148841857910156;
2447083333.3345127;-76.945159912109375;
2447243589.7447691;-80.644256591796875;
2447403846.1550255;-84.049568176269531;
2447564102.5652819;-85.210617065429687;
2447724358.9755383;-85.472602844238281;
2447884615.3857946;-85.513839721679688;
2448044871.796051;-85.660293579101563;
2448205128.2063074;-85.685295104980469;
2448365384.6165643;-85.687232971191406;
2448525641.0268207;-85.698715209960937;
2448685897.437077;-85.689132690429688;
2448846153.8473334;-85.756698608398437;
2449006410.2575898;-85.504936218261719;
2449166666.6678462;-85.547622680664063;
2449326923.0781026;-85.679290771484375;
2449487179.488359;-85.606895446777344;
2449647435.8986154;-85.694915771484375;
2449807692.3088717;-85.595329284667969;
2449967948.7191281;-85.698768615722656;
2450128205.1293845;-85.662178039550781;
2450288461.5396409;-85.69293212890625;
2450448717.9498973;-85.620246887207031;
2450608974.3601537;-85.664093017578125;
2450769230.7704101;-85.686874389648438;
2450929487.1806664;-85.598991394042969;
2451089743.5909228;-85.660270690917969;
2451250000.0011792;-85.70648193359375;
2451410256.4114356;-85.733474731445313;
2451570512.8216925;-85.599128723144531;
2451730769.2319489;-85.593421936035156;
2451891025.6422052;-85.641227722167969;
2452051282.0524616;-85.678695678710937;
2452211538.462718;-85.654243469238281;
2452371794.8729744;-85.601783752441406;
2452532051.2832308;-85.388496398925781;
2452692307.6934872;-85.527305603027344;
2452852564.1037436;-85.546104431152344;
2453012820.5139999;-85.6776123046875;
2453173076.9242563;-85.642921447753906;
2453333333.3345127;-85.461311340332031;
2453493589.7447691;-85.545425415039063;
2453653846.1550255;-85.739280700683594;
2453814102.5652819;-85.658172607421875;
2453974358.9755383;-85.603096008300781;
2454134615.3857946;-85.527061462402344;
2454294871.796051;-85.692848205566406;
2454455128.2063074;-85.652458190917969;
2454615384.6165643;-85.495262145996094;
2454775641.0268207;-85.4931640625;
2454935897.437077;-85.60498046875;
2455096153.8473334;-85.641197204589844;
2455256410.2575898;-85.72186279296875;
2455416666.6678462;-85.660255432128906;
2455576923.0781026;-85.469184875488281;
2455737179.488359;-85.318244934082031;
2455897435.8986154;-85.582077026367188;
2456057692.3088717;-85.600990295410156;
2456217948.7191281;-85.627792358398438;
2456378205.1293845;-85.072685241699219;
2456538461.5396409;-84.607986450195312;
2456698717.9498973;-84.757766723632813;
2456858974.3601537;-85.101676940917969;
2457019230.7704101;-85.201446533203125;
2457179487.1806664;-85.243331909179687;
2457339743.5909228;-85.323997497558594;
2457500000.0011792;-85.370254516601563;
2457660256.4114356;-85.527153015136719;
2457820512.8216925;-85.544227600097656;
2457980769.2319489;-85.669845581054687;
2458141025.6422052;-85.809127807617188;
2458301282.0524616;-85.783828735351563;
2458461538.462718;-85.731536865234375;
2458621794.8729744;-85.791549682617188;
2458782051.2832308;-85.81494140625;
2458942307.6934872;-85.803291320800781;
2459102564.1037436;-85.869705200195312;
2459262820.5139999;-85.850181579589844;
2459423076.9242563;-85.834487915039063;
2459583333.3345127;-85.8638916015625;
2459743589.7447691;-85.781913757324219;
2459903846.1550255;-85.764396667480469;
2460064102.5652819;-85.718025207519531;
2460224358.9755383;-85.7412109375;
2460384615.3857946;-85.731536865234375;
2460544871.796051;-85.787727355957031;
2460705128.2063074;-85.754753112792969;
2460865384.6165643;-85.72186279296875;
2461025641.0268207;-85.76251220703125;
2461185897.437077;-85.779922485351563;
2461346153.8473334;-85.852134704589844;
2461506410.2575898;-85.809120178222656;
2461666666.6678462;-85.879585266113281;
2461826923.0781026;-85.869781494140625;
2461987179.488359;-85.818824768066406;
2462147435.8986154;-85.834365844726563;
2462307692.3088717;-85.869606018066406;
2462467948.7191281;-85.850173950195313;
2462628205.1293845;-85.826667785644531;
2462788461.5396409;-85.867805480957031;
2462948717.9498973;-85.842247009277344;
2463108974.3601537;-85.873703002929687;
2463269230.7704101;-85.785797119140625;
2463429487.1806664;-85.832542419433594;
2463589743.5909228;-85.809089660644531;
2463750000.0011792;-85.818870544433594;
2463910256.4114356;-85.871749877929688;
2464070512.8216925;-85.859840393066406;
2464230769.2319489;-85.846267700195313;
2464391025.6422052;-85.791557312011719;
2464551282.0524616;-85.891387939453125;
2464711538.462718;-85.828636169433594;
2464871794.8729744;-85.793495178222656;
2465032051.2832308;-85.793533325195313;
2465192307.6934872;-85.785697937011719;
2465352564.1037436;-85.783851623535156;
2465512820.5139999;-85.75067138671875;
2465673076.9242563;-85.813018798828125;
2465833333.3345127;-85.719757080078125;
2465993589.7447691;-85.830543518066406;
2466153846.1550255;-85.783760070800781;
2466314102.5652819;-85.861900329589844;
2466474358.9755383;-85.779891967773438;
2466634615.3857946;-85.801025390625;
2466794871.796051;-85.770118713378906;
2466955128.2063074;-85.818328857421875;
2467115384.6165643;-85.7799072265625;
2467275641.0268207;-85.7467041015625;
2467435897.437077;-85.78961181640625;
2467596153.8473334;-85.667335510253906;
2467756410.2575898;-85.810897827148438;
2467916666.6678462;-85.678825378417969;
2468076923.0781026;-85.81494140625;
2468237179.488359;-85.658187866210937;
2468397435.8986154;-85.754310607910156;
2468557692.3088717;-85.617851257324219;
2468717948.7191281;-85.681838989257813;
2468878205.1293845;-85.654289245605469;
2469038461.5396409;-85.618209838867188;
2469198717.9498973;-85.7291259765625;
2469358974.3601537;-85.559043884277344;
2469519230.7704101;-85.704238891601562;
2469679487.1806664;-85.471481323242188;
2469839743.5909228;-85.724983215332031;
2470000000.0011792;-85.441207885742188;
2470160256.4114356;-85.568183898925781;
2470320512.8216925;-85.39849853515625;
2470480769.2319489;-85.392616271972656;
2470641025.6422052;-85.579330444335938;
2470801282.0524616;-85.290657043457031;
2470961538.462718;-85.600051879882813;
2471121794.8729744;-85.21575927734375;
2471282051.2832308;-85.60052490234375;
2471442307.6934872;-85.060661315917969;
2471602564.1037436;-85.486831665039063;
2471762820.5139999;-85.163337707519531;
2471923076.9242563;-85.33074951171875;
2472083333.3345127;-85.347740173339844;
2472243589.7447691;-85.328353881835938;
2472403846.1550255;-85.437248229980469;
2472564102.5652819;-85.309906005859375;
2472724358.9755383;-85.5491943359375;
2472884615.3857946;-85.389358520507813;
2473044871.796051;-85.686744689941406;
2473205128.2063074;-85.433502197265625;
2473365384.6165643;-85.7662353515625;
2473525641.0268207;-85.545547485351562;
2473685897.437077;-85.703598022460938;
2473846153.8473334;-85.671470642089844;
2474006410.2575898;-85.7037353515625;
2474166666.6678462;-85.7332763671875;
2474326923.0781026;-85.719520568847656;
2474487179.488359;-85.752296447753906;
2474647435.8986154;-85.737503051757813;
2474807692.3088717;-85.789642333984375;
2474967948.7191281;-85.731300354003906;
2475128205.1293845;-85.822799682617188;
2475288461.5396409;-85.737266540527344;
2475448717.9498973;-85.811004638671875;
2475608974.3601537;-85.669868469238281;
2475769230.7704101;-85.762458801269531;
2475929487.1806664;-85.809104919433594;
2476089743.5909228;-85.80303955078125;
2476250000.0011792;-85.799400329589844;
2476410256.4114356;-85.79547119140625;
2476570512.8216925;-85.826698303222656;
2476730769.2319489;-85.79742431640625;
2476891025.6422052;-85.818893432617188;
2477051282.0524616;-85.816825866699219;
2477211538.462718;-85.899238586425781;
2477371794.8729744;-85.865859985351563;
2477532051.2832308;-85.846237182617187;
2477692307.6934872;-85.858001708984375;
2477852564.1037436;-85.82275390625;
2478012820.5139999;-85.840400695800781;
2478173076.9242563;-85.859970092773437;
2478333333.3345127;-85.89532470703125;
2478493589.7447691;-85.857986450195313;
2478653846.1550255;-85.848213195800781;
2478814102.5652819;-85.84625244140625;
2478974358.9755383;-85.901237487792969;
2479134615.3857946;-85.842353820800781;
2479294871.796051;-85.842315673828125;
2479455128.2063074;-85.887428283691406;
2479615384.6165643;-85.887458801269531;
2479775641.0268207;-85.873695373535156;
2479935897.437077;-85.90911865234375;
2480096153.8473334;-85.918975830078125;
2480256410.2575898;-85.859962463378906;
2480416666.6678462;-85.907150268554688;
2480576923.0781026;-85.907150268554688;
2480737179.488359;-85.895248413085938;
2480897435.8986154;-85.867782592773438;
2481057692.3088717;-85.893898010253906;
2481217948.7191281;-85.867805480957031;
2481378205.1293845;-85.903190612792969;
2481538461.5396409;-85.913063049316406;
2481698717.9498973;-85.889419555664063;
2481858974.3601537;-85.907150268554688;
2482019230.7704101;-85.873680114746094;
2482179487.1806664;-85.916999816894531;
2482339743.5909228;-85.87957763671875;
2482500000.0011792;-85.9031982421875;
2482660256.4114356;-85.867813110351563;
2482820512.8216925;-85.897285461425781;
2482980769.2319489;-85.9150390625;
2483141025.6422052;-85.909126281738281;
2483301282.0524616;-85.92095947265625;
2483461538.462718;-85.8677978515625;
2483621794.8729744;-85.854103088378906;
2483782051.2832308;-85.83062744140625;
2483942307.6934872;-85.8619384765625;
2484102564.1037436;-85.885482788085938;
2484262820.5139999;-85.918983459472656;
