Type;ESU;
Version;4.43;
Date;03.Jun 16;
Mode;ANALYZER;
Center Freq;2434262820.514000;Hz
Freq Offset;0.000000;Hz
Span;100000000.000000;Hz
x-Axis;LIN;
Start;2384262820.514000;Hz
Stop;2484262820.514000;Hz
Ref Level;-9.000000;dBm
Level Offset;0.000000;dB
Ref Position;100.000000;%
y-Axis;LOG;
Level Range;100.000000;dB
Rf Att;5.000000;dB
RBW;2000000.000000;Hz
VBW;30.000000;Hz
SWT;4.200000;s
Trace Mode;CLR/WRITE;
Detector;RMS;
Sweep Count;0;
Trace 1:;;
x-Unit;Hz;
y-Unit;dBm;
Values;625;
2384262820.5139999;-85.760208129882813;
2384423076.9242563;-85.779983520507813;
2384583333.3345127;-85.774154663085938;
2384743589.7447691;-85.756698608398437;
2384903846.1550255;-85.719963073730469;
2385064102.5652819;-85.714187622070313;
2385224358.9755383;-85.698776245117188;
2385384615.3857946;-85.733489990234375;
2385544871.796051;-85.725753784179688;
2385705128.2063074;-85.727691650390625;
2385865384.6165643;-85.721900939941406;
2386025641.0268207;-85.704551696777344;
2386185897.437077;-85.708412170410156;
2386346153.8473334;-85.710334777832031;
2386506410.2575898;-85.707763671875;
2386666666.6678462;-85.737350463867188;
2386826923.0781026;-85.766387939453125;
2386987179.488359;-85.729606628417969;
2387147435.8986154;-85.716117858886719;
2387307692.3088717;-85.710334777832031;
2387467948.7191281;-85.708412170410156;
2387628205.1293845;-85.708412170410156;
2387788461.5396409;-85.719970703125;
2387948717.9498973;-85.721900939941406;
2388108974.3601537;-85.712265014648437;
2388269230.7704101;-85.698783874511719;
2388429487.1806664;-85.689155578613281;
2388589743.5909228;-85.698783874511719;
2388750000.0011792;-85.710334777832031;
2388910256.4114356;-85.709480285644531;
2389070512.8216925;-85.70648193359375;
2389230769.2319489;-85.716117858886719;
2389391025.6422052;-85.712265014648437;
2389551282.0524616;-85.700698852539063;
2389711538.462718;-85.704559326171875;
2389871794.8729744;-85.694923400878906;
2390032051.2832308;-85.694923400878906;
2390192307.6934872;-85.710334777832031;
2390352564.1037436;-85.712265014648437;
2390512820.5139999;-85.702629089355469;
2390673076.9242563;-85.706459045410156;
2390833333.3345127;-85.712265014648437;
2390993589.7447691;-85.710334777832031;
2391153846.1550255;-85.700912475585937;
2391314102.5652819;-85.6929931640625;
2391474358.9755383;-85.698776245117188;
2391634615.3857946;-85.700698852539063;
2391794871.796051;-85.671890258789063;
2391955128.2063074;-85.698776245117188;
2392115384.6165643;-85.704559326171875;
2392275641.0268207;-85.704544067382812;
2392435897.437077;-85.691085815429687;
2392596153.8473334;-85.669967651367188;
2392756410.2575898;-85.681465148925781;
2392916666.6678462;-85.627876281738281;
2393076923.0781026;-85.658462524414062;
2393237179.488359;-85.671875;
2393397435.8986154;-85.687232971191406;
2393557692.3088717;-85.685317993164063;
2393717948.7191281;-85.625968933105469;
2393878205.1293845;-85.639533996582031;
2394038461.5396409;-85.631683349609375;
2394198717.9498973;-85.618339538574219;
2394358974.3601537;-85.616424560546875;
2394519230.7704101;-85.616432189941406;
2394679487.1806664;-85.627861022949219;
2394839743.5909228;-85.648895263671875;
2395000000.0011792;-85.641242980957031;
2395160256.4114356;-85.631690979003906;
2395320512.8216925;-85.633590698242188;
2395480769.2319489;-85.689155578613281;
2395641025.6422052;-85.687232971191406;
2395801282.0524616;-85.658470153808594;
2395961538.462718;-85.637413024902344;
2396121794.8729744;-85.641242980957031;
2396282051.2832308;-85.625961303710938;
2396442307.6934872;-85.618339538574219;
2396602564.1037436;-85.620246887207031;
2396762820.5139999;-85.648025512695313;
2396923076.9242563;-85.681472778320312;
2397083333.3345127;-85.691085815429687;
2397243589.7447691;-85.677604675292969;
2397403846.1550255;-85.639328002929688;
2397564102.5652819;-85.620246887207031;
2397724358.9755383;-85.639335632324219;
2397884615.3857946;-85.654640197753906;
2398044871.796051;-85.633598327636719;
2398205128.2063074;-85.625961303710938;
2398365384.6165643;-85.618324279785156;
2398525641.0268207;-85.616432189941406;
2398685897.437077;-85.635513305664063;
2398846153.8473334;-85.622154235839844;
2399006410.2575898;-85.631690979003906;
2399166666.6678462;-85.627876281738281;
2399326923.0781026;-85.620246887207031;
2399487179.488359;-85.635513305664063;
2399647435.8986154;-85.658462524414062;
2399807692.3088717;-85.635482788085937;
2399967948.7191281;-85.669960021972656;
2400128205.1293845;-85.691085815429687;
2400288461.5396409;-85.63104248046875;
2400448717.9498973;-85.614524841308594;
2400608974.3601537;-85.616432189941406;
2400769230.7704101;-85.622146606445313;
2400929487.1806664;-85.624061584472656;
2401089743.5909228;-85.627861022949219;
2401250000.0011792;-85.631690979003906;
2401410256.4114356;-85.625968933105469;
2401570512.8216925;-85.616432189941406;
2401730769.2319489;-85.582176208496094;
2401891025.6422052;-85.593589782714844;
2402051282.0524616;-85.610710144042969;
2402211538.462718;-85.618339538574219;
2402371794.8729744;-85.618339538574219;
2402532051.2832308;-85.620246887207031;
2402692307.6934872;-85.616432189941406;
2402852564.1037436;-85.629776000976563;
2403012820.5139999;-85.622154235839844;
2403173076.9242563;-85.618339538574219;
2403333333.3345127;-85.603096008300781;
2403493589.7447691;-85.599288940429688;
2403653846.1550255;-85.615798950195313;
2403814102.5652819;-85.616432189941406;
2403974358.9755383;-85.616432189941406;
2404134615.3857946;-85.620246887207031;
2404294871.796051;-85.620246887207031;
2404455128.2063074;-85.608802795410156;
2404615384.6165643;-85.605003356933594;
2404775641.0268207;-85.62786865234375;
2404935897.437077;-85.625961303710938;
2405096153.8473334;-85.635513305664063;
2405256410.2575898;-85.639335632324219;
2405416666.6678462;-85.629356384277344;
2405576923.0781026;-85.622154235839844;
2405737179.488359;-85.625961303710938;
2405897435.8986154;-85.624061584472656;
2406057692.3088717;-85.622146606445313;
2406217948.7191281;-85.604995727539063;
2406378205.1293845;-85.622154235839844;
2406538461.5396409;-85.635505676269531;
2406698717.9498973;-85.618339538574219;
2406858974.3601537;-85.624061584472656;
2407019230.7704101;-85.618339538574219;
2407179487.1806664;-85.625961303710938;
2407339743.5909228;-85.627876281738281;
2407500000.0011792;-85.641204833984375;
2407660256.4114356;-85.677635192871094;
2407820512.8216925;-85.679557800292969;
2407980769.2319489;-85.643157958984375;
2408141025.6422052;-85.620246887207031;
2408301282.0524616;-85.624061584472656;
2408461538.462718;-85.624061584472656;
2408621794.8729744;-85.625968933105469;
2408782051.2832308;-85.646949768066406;
2408942307.6934872;-85.650779724121094;
2409102564.1037436;-85.625968933105469;
2409262820.5139999;-85.631690979003906;
2409423076.9242563;-85.65484619140625;
2409583333.3345127;-85.637413024902344;
2409743589.7447691;-85.629783630371094;
2409903846.1550255;-85.650772094726563;
2410064102.5652819;-85.669967651367188;
2410224358.9755383;-85.658447265625;
2410384615.3857946;-85.669944763183594;
2410544871.796051;-85.702629089355469;
2410705128.2063074;-85.70648193359375;
2410865384.6165643;-85.687217712402344;
2411025641.0268207;-85.627876281738281;
2411185897.437077;-85.662269592285156;
2411346153.8473334;-85.694931030273438;
2411506410.2575898;-85.685684204101563;
2411666666.6678462;-85.650794982910156;
2411826923.0781026;-85.685317993164063;
2411987179.488359;-85.700706481933594;
2412147435.8986154;-85.700706481933594;
2412307692.3088717;-85.70648193359375;
2412467948.7191281;-85.704559326171875;
2412628205.1293845;-85.696861267089844;
2412788461.5396409;-85.658462524414062;
2412948717.9498973;-85.635505676269531;
2413108974.3601537;-85.70648193359375;
2413269230.7704101;-85.718040466308594;
2413429487.1806664;-85.704551696777344;
2413589743.5909228;-85.683403015136719;
2413750000.0011792;-85.677642822265625;
2413910256.4114356;-85.685310363769531;
2414070512.8216925;-85.691085815429687;
2414230769.2319489;-85.687240600585938;
2414391025.6422052;-85.677642822265625;
2414551282.0524616;-85.712265014648437;
2414711538.462718;-85.708412170410156;
2414871794.8729744;-85.710334777832031;
2415032051.2832308;-85.698776245117188;
2415192307.6934872;-85.66229248046875;
2415352564.1037436;-85.654632568359375;
2415512820.5139999;-85.650802612304688;
2415673076.9242563;-85.627876281738281;
2415833333.3345127;-85.6412353515625;
2415993589.7447691;-85.66229248046875;
2416153846.1550255;-85.683372497558594;
2416314102.5652819;-85.710334777832031;
2416474358.9755383;-85.691085815429687;
2416634615.3857946;-85.693008422851562;
2416794871.796051;-85.698783874511719;
2416955128.2063074;-85.702621459960937;
2417115384.6165643;-85.70648193359375;
2417275641.0268207;-85.677635192871094;
2417435897.437077;-85.696861267089844;
2417596153.8473334;-85.694931030273438;
2417756410.2575898;-85.710334777832031;
2417916666.6678462;-85.696853637695313;
2418076923.0781026;-85.687248229980469;
2418237179.488359;-85.689170837402344;
2418397435.8986154;-85.641227722167969;
2418557692.3088717;-85.643150329589844;
2418717948.7191281;-85.673789978027344;
2418878205.1293845;-85.716117858886719;
2419038461.5396409;-85.718040466308594;
2419198717.9498973;-85.70648193359375;
2419358974.3601537;-85.683395385742188;
2419519230.7704101;-85.700698852539063;
2419679487.1806664;-85.648872375488281;
2419839743.5909228;-85.643157958984375;
2420000000.0011792;-85.639335632324219;
2420160256.4114356;-85.660308837890625;
2420320512.8216925;-85.712257385253906;
2420480769.2319489;-85.700706481933594;
2420641025.6422052;-85.681480407714844;
2420801282.0524616;-85.666114807128906;
2420961538.462718;-85.702629089355469;
2421121794.8729744;-85.698776245117188;
2421282051.2832308;-85.698783874511719;
2421442307.6934872;-85.70648193359375;
2421602564.1037436;-85.698783874511719;
2421762820.5139999;-85.679550170898437;
2421923076.9242563;-85.691085815429687;
2422083333.3345127;-85.679557800292969;
2422243589.7447691;-85.681480407714844;
2422403846.1550255;-85.70263671875;
2422564102.5652819;-85.702629089355469;
2422724358.9755383;-85.691085815429687;
2422884615.3857946;-85.704559326171875;
2423044871.796051;-85.70703125;
2423205128.2063074;-85.688926696777344;
2423365384.6165643;-85.680656433105469;
2423525641.0268207;-85.702629089355469;
2423685897.437077;-85.689170837402344;
2423846153.8473334;-85.693008422851562;
2424006410.2575898;-85.710334777832031;
2424166666.6678462;-85.712265014648437;
2424326923.0781026;-85.712265014648437;
2424487179.488359;-85.70263671875;
2424647435.8986154;-85.66229248046875;
2424807692.3088717;-85.666130065917969;
2424967948.7191281;-85.691078186035156;
2425128205.1293845;-85.714187622070313;
2425288461.5396409;-85.718048095703125;
2425448717.9498973;-85.721893310546875;
2425608974.3601537;-85.700706481933594;
2425769230.7704101;-85.700691223144531;
2425929487.1806664;-85.702613830566406;
2426089743.5909228;-85.677619934082031;
2426250000.0011792;-85.714187622070313;
2426410256.4114356;-85.702621459960937;
2426570512.8216925;-85.718040466308594;
2426730769.2319489;-85.700698852539063;
2426891025.6422052;-85.699195861816406;
2427051282.0524616;-85.710334777832031;
2427211538.462718;-85.708412170410156;
2427371794.8729744;-85.712265014648437;
2427532051.2832308;-85.70648193359375;
2427692307.6934872;-85.70648193359375;
2427852564.1037436;-85.710334777832031;
2428012820.5139999;-85.694892883300781;
2428173076.9242563;-85.645050048828125;
2428333333.3345127;-85.667991638183594;
2428493589.7447691;-85.675712585449219;
2428653846.1550255;-85.608802795410156;
2428814102.5652819;-85.498847961425781;
2428974358.9755383;-85.408706665039063;
2429134615.3857946;-85.280975341796875;
2429294871.796051;-85.074028015136719;
2429455128.2063074;-84.88165283203125;
2429615384.6165643;-84.492134094238281;
2429775641.0268207;-84.055015563964844;
2429935897.437077;-83.621978759765625;
2430096153.8473334;-83.184638977050781;
2430256410.2575898;-82.105545043945312;
2430416666.6678462;-81.159858703613281;
2430576923.0781026;-80.096176147460938;
2430737179.488359;-78.642227172851563;
2430897435.8986154;-77.391593933105469;
2431057692.3088717;-76.006111145019531;
2431217948.7191281;-74.547897338867188;
2431378205.1293845;-73.399017333984375;
2431538461.5396409;-71.892288208007812;
2431698717.9498973;-70.043930053710938;
2431858974.3601537;-68.548385620117188;
2432019230.7704101;-67.068504333496094;
2432179487.1806664;-65.525253295898437;
2432339743.5909228;-64.604080200195313;
2432500000.0011792;-63.386798858642578;
2432660256.4114356;-62.07489013671875;
2432820512.8216925;-61.065513610839844;
2432980769.2319489;-59.563301086425781;
2433141025.6422052;-58.037830352783203;
2433301282.0524616;-56.844821929931641;
2433461538.462718;-55.522483825683594;
2433621794.8729744;-54.524085998535156;
2433782051.2832308;-53.899604797363281;
2433942307.6934872;-53.075656890869141;
2434102564.1037436;-52.419181823730469;
2434262820.5139999;-52.007869720458984;
2434423076.9242563;-51.574874877929688;
2434583333.3345127;-51.336891174316406;
2434743589.7447691;-51.341854095458984;
2434903846.1550255;-51.667610168457031;
2435064102.5652819;-52.289470672607422;
2435224358.9755383;-52.968547821044922;
2435384615.3857946;-53.880435943603516;
2435544871.796051;-54.765285491943359;
2435705128.2063074;-55.519302368164062;
2435865384.6165643;-56.705955505371094;
2436025641.0268207;-57.838287353515625;
2436185897.437077;-59.045421600341797;
2436346153.8473334;-60.927333831787109;
2436506410.2575898;-62.737415313720703;
2436666666.6678462;-64.271537780761719;
2436826923.0781026;-66.553421020507812;
2436987179.488359;-68.076652526855469;
2437147435.8986154;-69.020851135253906;
2437307692.3088717;-70.792266845703125;
2437467948.7191281;-71.725830078125;
2437628205.1293845;-72.517929077148438;
2437788461.5396409;-74.308387756347656;
2437948717.9498973;-75.433059692382813;
2438108974.3601537;-76.317977905273438;
2438269230.7704101;-77.967506408691406;
2438429487.1806664;-78.831268310546875;
2438589743.5909228;-79.467491149902344;
2438750000.0011792;-80.888648986816406;
2438910256.4114356;-81.612762451171875;
2439070512.8216925;-82.214317321777344;
2439230769.2319489;-83.282569885253906;
2439391025.6422052;-83.734916687011719;
2439551282.0524616;-84.06475830078125;
2439711538.462718;-84.58697509765625;
2439871794.8729744;-84.820899963378906;
2440032051.2832308;-84.982345581054687;
2440192307.6934872;-85.297897338867188;
2440352564.1037436;-85.446517944335938;
2440512820.5139999;-85.482078552246094;
2440673076.9242563;-85.620155334472656;
2440833333.3345127;-85.67572021484375;
2440993589.7447691;-85.708396911621094;
2441153846.1550255;-85.739280700683594;
2441314102.5652819;-85.781913757324219;
2441474358.9755383;-85.807212829589844;
2441634615.3857946;-85.81890869140625;
2441794871.796051;-85.813056945800781;
2441955128.2063074;-85.844306945800781;
2442115384.6165643;-85.826705932617188;
2442275641.0268207;-85.81890869140625;
2442435897.437077;-85.840400695800781;
2442596153.8473334;-85.84234619140625;
2442756410.2575898;-85.81890869140625;
2442916666.6678462;-85.815010070800781;
2443076923.0781026;-85.828666687011719;
2443237179.488359;-85.871734619140625;
2443397435.8986154;-85.803314208984375;
2443557692.3088717;-85.809158325195313;
2443717948.7191281;-85.826713562011719;
2443878205.1293845;-85.822799682617188;
2444038461.5396409;-85.815010070800781;
2444198717.9498973;-85.809158325195313;
2444358974.3601537;-85.816963195800781;
2444519230.7704101;-85.832557678222656;
2444679487.1806664;-85.807212829589844;
2444839743.5909228;-85.799423217773437;
2445000000.0011792;-85.803314208984375;
2445160256.4114356;-85.807205200195313;
2445320512.8216925;-85.82086181640625;
2445480769.2319489;-85.82281494140625;
2445641025.6422052;-85.815010070800781;
2445801282.0524616;-85.813056945800781;
2445961538.462718;-85.731437683105469;
2446121794.8729744;-85.718048095703125;
2446282051.2832308;-85.758621215820313;
2446442307.6934872;-85.807205200195313;
2446602564.1037436;-85.776084899902344;
2446762820.5139999;-85.7955322265625;
2446923076.9242563;-85.820854187011719;
2447083333.3345127;-85.809158325195313;
2447243589.7447691;-85.807212829589844;
2447403846.1550255;-85.822807312011719;
2447564102.5652819;-85.81890869140625;
2447724358.9755383;-85.81890869140625;
2447884615.3857946;-85.816963195800781;
2448044871.796051;-85.813056945800781;
2448205128.2063074;-85.804183959960937;
2448365384.6165643;-85.799407958984375;
2448525641.0268207;-85.793556213378906;
2448685897.437077;-85.816963195800781;
2448846153.8473334;-85.816963195800781;
2449006410.2575898;-85.826713562011719;
2449166666.6678462;-85.828666687011719;
2449326923.0781026;-85.82086181640625;
2449487179.488359;-85.81890869140625;
2449647435.8986154;-85.82476806640625;
2449807692.3088717;-85.819778442382813;
2449967948.7191281;-85.81695556640625;
2450128205.1293845;-85.82086181640625;
2450288461.5396409;-85.816963195800781;
2450448717.9498973;-85.816963195800781;
2450608974.3601537;-85.81890869140625;
2450769230.7704101;-85.82281494140625;
2450929487.1806664;-85.84429931640625;
2451089743.5909228;-85.883529663085937;
2451250000.0011792;-85.85015869140625;
2451410256.4114356;-85.83538818359375;
2451570512.8216925;-85.826713562011719;
2451730769.2319489;-85.793502807617187;
2451891025.6422052;-85.723808288574219;
2452051282.0524616;-85.706428527832031;
2452211538.462718;-85.799400329589844;
2452371794.8729744;-85.811088562011719;
2452532051.2832308;-85.671806335449219;
2452692307.6934872;-85.663978576660156;
2452852564.1037436;-85.807182312011719;
2453012820.5139999;-85.842353820800781;
2453173076.9242563;-85.840614318847656;
2453333333.3345127;-85.82086181640625;
2453493589.7447691;-85.81890869140625;
2453653846.1550255;-85.850181579589844;
2453814102.5652819;-85.842353820800781;
2453974358.9755383;-85.811080932617188;
2454134615.3857946;-85.859977722167969;
2454294871.796051;-85.828666687011719;
2454455128.2063074;-85.82086181640625;
2454615384.6165643;-85.82086181640625;
2454775641.0268207;-85.82086181640625;
2454935897.437077;-85.844306945800781;
2455096153.8473334;-85.834526062011719;
2455256410.2575898;-83.859474182128906;
2455416666.6678462;-85.324676513671875;
2455576923.0781026;-85.748847961425781;
2455737179.488359;-85.801368713378906;
2455897435.8986154;-85.712837219238281;
2456057692.3088717;-85.043746948242188;
2456217948.7191281;-84.913711547851563;
2456378205.1293845;-85.016220092773438;
2456538461.5396409;-85.294677734375;
2456698717.9498973;-77.78717041015625;
2456858974.3601537;-74.876510620117187;
2457019230.7704101;-76.687088012695312;
2457179487.1806664;-82.223968505859375;
2457339743.5909228;-84.712478637695313;
2457500000.0011792;-75.004356384277344;
2457660256.4114356;-74.2476806640625;
2457820512.8216925;-76.701820373535156;
2457980769.2319489;-82.532333374023437;
2458141025.6422052;-80.067466735839844;
2458301282.0524616;-78.976036071777344;
2458461538.462718;-77.192573547363281;
2458621794.8729744;-82.5067138671875;
2458782051.2832308;-84.839546203613281;
2458942307.6934872;-84.937904357910156;
2459102564.1037436;-84.929908752441406;
2459262820.5139999;-85.349662780761719;
2459423076.9242563;-85.765937805175781;
2459583333.3345127;-85.905166625976563;
2459743589.7447691;-85.887458801269531;
2459903846.1550255;-85.891387939453125;
2460064102.5652819;-85.893356323242187;
2460224358.9755383;-85.867805480957031;
2460384615.3857946;-85.9031982421875;
2460544871.796051;-85.893341064453125;
2460705128.2063074;-85.838432312011719;
2460865384.6165643;-85.856056213378906;
2461025641.0268207;-85.901222229003906;
2461185897.437077;-85.905174255371094;
2461346153.8473334;-85.895332336425781;
2461506410.2575898;-85.896430969238281;
2461666666.6678462;-85.887458801269531;
2461826923.0781026;-85.887451171875;
2461987179.488359;-85.873710632324219;
2462147435.8986154;-85.91302490234375;
2462307692.3088717;-85.907142639160156;
2462467948.7191281;-85.891403198242188;
2462628205.1293845;-85.913063049316406;
2462788461.5396409;-85.756492614746094;
2462948717.9498973;-85.842353820800781;
2463108974.3601537;-85.844314575195313;
2463269230.7704101;-85.899261474609375;
2463429487.1806664;-85.909126281738281;
2463589743.5909228;-85.917015075683594;
2463750000.0011792;-85.881553649902344;
2463910256.4114356;-85.911094665527344;
2464070512.8216925;-85.903427124023438;
2464230769.2319489;-85.909126281738281;
2464391025.6422052;-85.909126281738281;
2464551282.0524616;-85.913063049316406;
2464711538.462718;-85.457038879394531;
2464871794.8729744;-85.537895202636719;
2465032051.2832308;-85.78765869140625;
2465192307.6934872;-85.848197937011719;
2465352564.1037436;-85.907150268554688;
2465512820.5139999;-85.899261474609375;
2465673076.9242563;-85.662399291992188;
2465833333.3345127;-85.625320434570313;
2465993589.7447691;-85.820854187011719;
2466153846.1550255;-85.832572937011719;
2466314102.5652819;-85.867820739746094;
2466474358.9755383;-85.899261474609375;
2466634615.3857946;-85.893356323242187;
2466794871.796051;-85.443305969238281;
2466955128.2063074;-85.758544921875;
2467115384.6165643;-85.852134704589844;
2467275641.0268207;-85.873703002929687;
2467435897.437077;-85.889419555664063;
2467596153.8473334;-85.897262573242187;
2467756410.2575898;-85.482963562011719;
2467916666.6678462;-85.797401428222656;
2468076923.0781026;-85.918937683105469;
2468237179.488359;-85.907142639160156;
2468397435.8986154;-85.887466430664063;
2468557692.3088717;-85.911094665527344;
2468717948.7191281;-85.746078491210938;
2468878205.1293845;-85.764373779296875;
2469038461.5396409;-85.861907958984375;
2469198717.9498973;-85.917015075683594;
2469358974.3601537;-85.9150390625;
2469519230.7704101;-85.909126281738281;
2469679487.1806664;-85.765106201171875;
2469839743.5909228;-85.748786926269531;
2470000000.0011792;-85.883506774902344;
2470160256.4114356;-85.911094665527344;
2470320512.8216925;-85.89532470703125;
2470480769.2319489;-85.909126281738281;
2470641025.6422052;-85.911094665527344;
2470801282.0524616;-85.918983459472656;
2470961538.462718;-85.909126281738281;
2471121794.8729744;-85.897300720214844;
2471282051.2832308;-85.911094665527344;
2471442307.6934872;-85.911094665527344;
2471602564.1037436;-85.899246215820313;
2471762820.5139999;-85.895309448242188;
2471923076.9242563;-85.913063049316406;
2472083333.3345127;-85.907150268554688;
2472243589.7447691;-85.9150390625;
2472403846.1550255;-85.909111022949219;
2472564102.5652819;-85.911094665527344;
2472724358.9755383;-85.909126281738281;
2472884615.3857946;-85.913063049316406;
2473044871.796051;-85.909126281738281;
2473205128.2063074;-85.905181884765625;
2473365384.6165643;-85.894676208496094;
2473525641.0268207;-85.881546020507813;
2473685897.437077;-85.8658447265625;
2473846153.8473334;-85.907150268554688;
2474006410.2575898;-85.905181884765625;
2474166666.6678462;-85.89532470703125;
2474326923.0781026;-85.899261474609375;
2474487179.488359;-85.905174255371094;
2474647435.8986154;-85.911079406738281;
2474807692.3088717;-85.911094665527344;
2474967948.7191281;-85.871742248535156;
2475128205.1293845;-85.842353820800781;
2475288461.5396409;-85.828666687011719;
2475448717.9498973;-85.830619812011719;
2475608974.3601537;-85.828666687011719;
2475769230.7704101;-85.82086181640625;
2475929487.1806664;-85.81890869140625;
2476089743.5909228;-85.816963195800781;
2476250000.0011792;-85.82086181640625;
2476410256.4114356;-85.82086181640625;
2476570512.8216925;-85.816963195800781;
2476730769.2319489;-85.809158325195313;
2476891025.6422052;-85.815010070800781;
2477051282.0524616;-85.801368713378906;
2477211538.462718;-85.795516967773438;
2477371794.8729744;-85.762504577636719;
2477532051.2832308;-85.714179992675781;
2477692307.6934872;-85.70648193359375;
2477852564.1037436;-85.724899291992188;
2478012820.5139999;-85.735397338867188;
2478173076.9242563;-85.712265014648437;
2478333333.3345127;-85.714187622070313;
2478493589.7447691;-85.7296142578125;
2478653846.1550255;-85.7296142578125;
2478814102.5652819;-85.774070739746094;
2478974358.9755383;-85.81890869140625;
2479134615.3857946;-85.776077270507813;
2479294871.796051;-85.805259704589844;
2479455128.2063074;-85.822807312011719;
2479615384.6165643;-85.826713562011719;
2479775641.0268207;-85.856040954589844;
2479935897.437077;-85.87762451171875;
2480096153.8473334;-85.83062744140625;
2480256410.2575898;-85.836471557617188;
2480416666.6678462;-85.856056213378906;
2480576923.0781026;-85.8638916015625;
2480737179.488359;-85.854087829589844;
2480897435.8986154;-85.836479187011719;
2481057692.3088717;-85.877639770507813;
2481217948.7191281;-85.869781494140625;
2481378205.1293845;-85.9189453125;
2481538461.5396409;-85.913063049316406;
2481698717.9498973;-85.92095947265625;
2481858974.3601537;-85.928855895996094;
2482019230.7704101;-85.911094665527344;
2482179487.1806664;-85.917015075683594;
2482339743.5909228;-85.922935485839844;
2482500000.0011792;-85.917015075683594;
2482660256.4114356;-85.913063049316406;
2482820512.8216925;-85.913063049316406;
2482980769.2319489;-85.918983459472656;
2483141025.6422052;-85.911094665527344;
2483301282.0524616;-85.918983459472656;
2483461538.462718;-85.909126281738281;
2483621794.8729744;-85.9150390625;
2483782051.2832308;-85.917015075683594;
2483942307.6934872;-85.909126281738281;
2484102564.1037436;-85.92095947265625;
2484262820.5139999;-85.919197082519531;
