Type;ESU;
Version;4.43;
Date;03.Jun 16;
Mode;ANALYZER;
Center Freq;2434262820.514000;Hz
Freq Offset;0.000000;Hz
Span;100000000.000000;Hz
x-Axis;LIN;
Start;2384262820.514000;Hz
Stop;2484262820.514000;Hz
Ref Level;-9.000000;dBm
Level Offset;0.000000;dB
Ref Position;100.000000;%
y-Axis;LOG;
Level Range;100.000000;dB
Rf Att;5.000000;dB
RBW;2000000.000000;Hz
VBW;50.000000;Hz
SWT;2.500000;s
Trace Mode;CLR/WRITE;
Detector;RMS;
Sweep Count;0;
Trace 1:;;
x-Unit;Hz;
y-Unit;dBm;
Values;625;
2384262820.5139999;-85.696990966796875;
2384423076.9242563;-85.665000915527344;
2384583333.3345127;-85.695999145507813;
2384743589.7447691;-85.697486877441406;
2384903846.1550255;-85.721893310546875;
2385064102.5652819;-85.691055297851563;
2385224358.9755383;-85.706474304199219;
2385384615.3857946;-85.666122436523438;
2385544871.796051;-85.7083740234375;
2385705128.2063074;-85.700691223144531;
2385865384.6165643;-85.660346984863281;
2386025641.0268207;-85.669952392578125;
2386185897.437077;-85.667976379394531;
2386346153.8473334;-85.660369873046875;
2386506410.2575898;-85.639266967773438;
2386666666.6678462;-85.645011901855469;
2386826923.0781026;-85.641159057617188;
2386987179.488359;-85.673797607421875;
2387147435.8986154;-85.641151428222656;
2387307692.3088717;-85.716117858886719;
2387467948.7191281;-85.6929931640625;
2387628205.1293845;-85.691024780273438;
2387788461.5396409;-85.660308837890625;
2387948717.9498973;-85.6640625;
2388108974.3601537;-85.650779724121094;
2388269230.7704101;-85.625877380371094;
2388429487.1806664;-85.639335632324219;
2388589743.5909228;-85.601127624511719;
2388750000.0011792;-85.658454895019531;
2388910256.4114356;-85.544120788574219;
2389070512.8216925;-85.671836853027344;
2389230769.2319489;-85.580184936523438;
2389391025.6422052;-85.587516784667969;
2389551282.0524616;-85.5516357421875;
2389711538.462718;-85.589195251464844;
2389871794.8729744;-85.612556457519531;
2390032051.2832308;-85.517204284667969;
2390192307.6934872;-85.631446838378906;
2390352564.1037436;-85.507919311523438;
2390512820.5139999;-85.580192565917969;
2390673076.9242563;-85.352935791015625;
2390833333.3345127;-85.473838806152344;
2390993589.7447691;-85.383987426757813;
2391153846.1550255;-85.470687866210937;
2391314102.5652819;-85.393699645996094;
2391474358.9755383;-85.352378845214844;
2391634615.3857946;-85.419845581054688;
2391794871.796051;-85.268569946289063;
2391955128.2063074;-85.511955261230469;
2392115384.6165643;-85.261756896972656;
2392275641.0268207;-85.547943115234375;
2392435897.437077;-85.258583068847656;
2392596153.8473334;-85.520889282226563;
2392756410.2575898;-85.358345031738281;
2392916666.6678462;-85.450904846191406;
2393076923.0781026;-85.509796142578125;
2393237179.488359;-85.471694946289063;
2393397435.8986154;-85.553665161132812;
2393557692.3088717;-85.47589111328125;
2393717948.7191281;-85.583984375;
2393878205.1293845;-85.485649108886719;
2394038461.5396409;-85.635421752929688;
2394198717.9498973;-85.49896240234375;
2394358974.3601537;-85.610687255859375;
2394519230.7704101;-85.491401672363281;
2394679487.1806664;-85.622032165527344;
2394839743.5909228;-85.506454467773437;
2395000000.0011792;-85.589523315429687;
2395160256.4114356;-85.563156127929688;
2395320512.8216925;-85.547698974609375;
2395480769.2319489;-85.540512084960937;
2395641025.6422052;-85.525276184082031;
2395801282.0524616;-85.624061584472656;
2395961538.462718;-85.500846862792969;
2396121794.8729744;-85.601158142089844;
2396282051.2832308;-85.559326171875;
2396442307.6934872;-85.620170593261719;
2396602564.1037436;-85.549964904785156;
2396762820.5139999;-85.620155334472656;
2396923076.9242563;-85.587852478027344;
2397083333.3345127;-85.59539794921875;
2397243589.7447691;-85.625953674316406;
2397403846.1550255;-85.549896240234375;
2397564102.5652819;-85.608802795410156;
2397724358.9755383;-85.583961486816406;
2397884615.3857946;-85.615028381347656;
2398044871.796051;-85.543220520019531;
2398205128.2063074;-85.595413208007813;
2398365384.6165643;-85.586982727050781;
2398525641.0268207;-85.584579467773438;
2398685897.437077;-85.607307434082031;
2398846153.8473334;-85.508918762207031;
2399006410.2575898;-85.582107543945313;
2399166666.6678462;-85.603034973144531;
2399326923.0781026;-85.639328002929688;
2399487179.488359;-85.612586975097656;
2399647435.8986154;-85.622123718261719;
2399807692.3088717;-85.604988098144531;
2399967948.7191281;-85.599250793457031;
2400128205.1293845;-85.597366333007813;
2400288461.5396409;-85.618293762207031;
2400448717.9498973;-85.616424560546875;
2400608974.3601537;-85.595474243164063;
2400769230.7704101;-85.608795166015625;
2400929487.1806664;-85.606887817382812;
2401089743.5909228;-85.603096008300781;
2401250000.0011792;-85.572677612304688;
2401410256.4114356;-85.608802795410156;
2401570512.8216925;-85.603073120117187;
2401730769.2319489;-85.591667175292969;
2401891025.6422052;-85.593582153320313;
2402051282.0524616;-85.610710144042969;
2402211538.462718;-85.629776000976563;
2402371794.8729744;-85.61260986328125;
2402532051.2832308;-85.616432189941406;
2402692307.6934872;-85.587867736816406;
2402852564.1037436;-85.624053955078125;
2403012820.5139999;-85.574592590332031;
2403173076.9242563;-85.616432189941406;
2403333333.3345127;-85.604995727539063;
2403493589.7447691;-85.578369140625;
2403653846.1550255;-85.612586975097656;
2403814102.5652819;-85.595481872558594;
2403974358.9755383;-85.625961303710938;
2404134615.3857946;-85.603057861328125;
2404294871.796051;-85.622154235839844;
2404455128.2063074;-85.576438903808594;
2404615384.6165643;-85.589775085449219;
2404775641.0268207;-85.595474243164063;
2404935897.437077;-85.618339538574219;
2405096153.8473334;-85.584083557128906;
2405256410.2575898;-85.6297607421875;
2405416666.6678462;-85.641189575195313;
2405576923.0781026;-85.658454895019531;
2405737179.488359;-85.637413024902344;
2405897435.8986154;-85.631629943847656;
2406057692.3088717;-85.624061584472656;
2406217948.7191281;-85.595466613769531;
2406378205.1293845;-85.6202392578125;
2406538461.5396409;-85.580245971679688;
2406698717.9498973;-85.622154235839844;
2406858974.3601537;-85.603096008300781;
2407019230.7704101;-85.606903076171875;
2407179487.1806664;-85.614524841308594;
2407339743.5909228;-85.60498046875;
2407500000.0011792;-85.614494323730469;
2407660256.4114356;-85.612594604492187;
2407820512.8216925;-85.631668090820312;
2407980769.2319489;-85.618309020996094;
2408141025.6422052;-85.673797607421875;
2408301282.0524616;-85.63165283203125;
2408461538.462718;-85.676963806152344;
2408621794.8729744;-85.6412353515625;
2408782051.2832308;-85.658721923828125;
2408942307.6934872;-85.625968933105469;
2409102564.1037436;-85.627838134765625;
2409262820.5139999;-85.628143310546875;
2409423076.9242563;-85.608978271484375;
2409583333.3345127;-85.666107177734375;
2409743589.7447691;-85.603073120117187;
2409903846.1550255;-85.625961303710938;
2410064102.5652819;-85.608795166015625;
2410224358.9755383;-85.614501953125;
2410384615.3857946;-85.629714965820313;
2410544871.796051;-85.616401672363281;
2410705128.2063074;-85.62786865234375;
2410865384.6165643;-85.669937133789063;
2411025641.0268207;-85.666114807128906;
2411185897.437077;-85.671852111816406;
2411346153.8473334;-85.700698852539063;
2411506410.2575898;-85.656517028808594;
2411666666.6678462;-85.6297607421875;
2411826923.0781026;-85.641250610351563;
2411987179.488359;-85.616432189941406;
2412147435.8986154;-85.639320373535156;
2412307692.3088717;-85.629776000976563;
2412467948.7191281;-85.666130065917969;
2412628205.1293845;-85.645072937011719;
2412788461.5396409;-85.654632568359375;
2412948717.9498973;-85.691078186035156;
2413108974.3601537;-85.700431823730469;
2413269230.7704101;-85.687232971191406;
2413429487.1806664;-85.693008422851562;
2413589743.5909228;-85.70648193359375;
2413750000.0011792;-85.671867370605469;
2413910256.4114356;-85.645072937011719;
2414070512.8216925;-85.620246887207031;
2414230769.2319489;-85.646980285644531;
2414391025.6422052;-85.664215087890625;
2414551282.0524616;-85.6412353515625;
2414711538.462718;-85.627876281738281;
2414871794.8729744;-85.62786865234375;
2415032051.2832308;-85.620231628417969;
2415192307.6934872;-85.633598327636719;
2415352564.1037436;-85.635505676269531;
2415512820.5139999;-85.612602233886719;
2415673076.9242563;-85.639328002929688;
2415833333.3345127;-85.654365539550781;
2415993589.7447691;-85.622154235839844;
2416153846.1550255;-85.62786865234375;
2416314102.5652819;-85.635498046875;
2416474358.9755383;-85.610710144042969;
2416634615.3857946;-85.624046325683594;
2416794871.796051;-85.618331909179687;
2416955128.2063074;-85.631690979003906;
2417115384.6165643;-85.637420654296875;
2417275641.0268207;-85.633590698242188;
2417435897.437077;-85.625946044921875;
2417596153.8473334;-85.633598327636719;
2417756410.2575898;-85.63360595703125;
2417916666.6678462;-85.62213134765625;
2418076923.0781026;-85.691619873046875;
2418237179.488359;-85.685325622558594;
2418397435.8986154;-85.631668090820312;
2418557692.3088717;-85.620246887207031;
2418717948.7191281;-85.616416931152344;
2418878205.1293845;-85.629776000976563;
2419038461.5396409;-85.618309020996094;
2419198717.9498973;-85.606887817382812;
2419358974.3601537;-85.604949951171875;
2419519230.7704101;-85.620246887207031;
2419679487.1806664;-85.612617492675781;
2419839743.5909228;-85.614517211914062;
2420000000.0011792;-85.599250793457031;
2420160256.4114356;-85.603073120117187;
2420320512.8216925;-85.580291748046875;
2420480769.2319489;-85.620246887207031;
2420641025.6422052;-85.625961303710938;
2420801282.0524616;-85.553726196289063;
2420961538.462718;-85.585929870605469;
2421121794.8729744;-85.614517211914062;
2421282051.2832308;-85.631690979003906;
2421442307.6934872;-85.5916748046875;
2421602564.1037436;-85.616432189941406;
2421762820.5139999;-85.627861022949219;
2421923076.9242563;-85.654640197753906;
2422083333.3345127;-85.629783630371094;
2422243589.7447691;-85.623779296875;
2422403846.1550255;-85.629753112792969;
2422564102.5652819;-85.620140075683594;
2422724358.9755383;-85.606895446777344;
2422884615.3857946;-85.576461791992188;
2423044871.796051;-85.574592590332031;
2423205128.2063074;-85.527290344238281;
2423365384.6165643;-85.610694885253906;
2423525641.0268207;-85.580276489257813;
2423685897.437077;-85.5916748046875;
2423846153.8473334;-85.580291748046875;
2424006410.2575898;-85.604988098144531;
2424166666.6678462;-85.56890869140625;
2424326923.0781026;-85.542396545410156;
2424487179.488359;-85.512222290039063;
2424647435.8986154;-85.470817565917969;
2424807692.3088717;-85.478355407714844;
2424967948.7191281;-85.493354797363281;
2425128205.1293845;-85.538619995117188;
2425288461.5396409;-85.347686767578125;
2425448717.9498973;-85.44049072265625;
2425608974.3601537;-85.132293701171875;
2425769230.7704101;-85.1746826171875;
2425929487.1806664;-84.884498596191406;
2426089743.5909228;-84.399131774902344;
2426250000.0011792;-84.131477355957031;
2426410256.4114356;-83.344573974609375;
2426570512.8216925;-83.454307556152344;
2426730769.2319489;-80.643600463867188;
2426891025.6422052;-81.109909057617187;
2427051282.0524616;-77.733268737792969;
2427211538.462718;-78.067909240722656;
2427371794.8729744;-74.105972290039063;
2427532051.2832308;-72.824508666992188;
2427692307.6934872;-69.245498657226563;
2427852564.1037436;-67.7529296875;
2428012820.5139999;-65.859100341796875;
2428173076.9242563;-63.755775451660156;
2428333333.3345127;-62.186065673828125;
2428493589.7447691;-59.118728637695313;
2428653846.1550255;-58.595268249511719;
2428814102.5652819;-55.531055450439453;
2428974358.9755383;-55.581680297851562;
2429134615.3857946;-51.869319915771484;
2429294871.796051;-51.454116821289063;
2429455128.2063074;-48.741012573242187;
2429615384.6165643;-47.968368530273438;
2429775641.0268207;-46.20831298828125;
2429935897.437077;-44.463241577148438;
2430096153.8473334;-42.471683502197266;
2430256410.2575898;-41.180839538574219;
2430416666.6678462;-39.992561340332031;
2430576923.0781026;-38.247699737548828;
2430737179.488359;-37.175762176513672;
2430897435.8986154;-34.889331817626953;
2431057692.3088717;-34.376483917236328;
2431217948.7191281;-32.467449188232422;
2431378205.1293845;-31.949424743652344;
2431538461.5396409;-30.029905319213867;
2431698717.9498973;-28.936738967895508;
2431858974.3601537;-28.030792236328125;
2432019230.7704101;-27.198741912841797;
2432179487.1806664;-26.485151290893555;
2432339743.5909228;-25.59202766418457;
2432500000.0011792;-24.900619506835938;
2432660256.4114356;-24.68589973449707;
2432820512.8216925;-24.264017105102539;
2432980769.2319489;-24.300844192504883;
2433141025.6422052;-24.11693000793457;
2433301282.0524616;-24.650569915771484;
2433461538.462718;-24.794834136962891;
2433621794.8729744;-25.382102966308594;
2433782051.2832308;-25.813144683837891;
2433942307.6934872;-26.796693801879883;
2434102564.1037436;-27.926618576049805;
2434262820.5139999;-28.624412536621094;
2434423076.9242563;-29.736911773681641;
2434583333.3345127;-30.418281555175781;
2434743589.7447691;-32.296070098876953;
2434903846.1550255;-33.497074127197266;
2435064102.5652819;-34.786472320556641;
2435224358.9755383;-35.730117797851563;
2435384615.3857946;-36.957118988037109;
2435544871.796051;-38.608516693115234;
2435705128.2063074;-40.220218658447266;
2435865384.6165643;-41.373050689697266;
2436025641.0268207;-42.407814025878906;
2436185897.437077;-43.750473022460938;
2436346153.8473334;-45.270332336425781;
2436506410.2575898;-47.177410125732422;
2436666666.6678462;-47.870861053466797;
2436826923.0781026;-49.436027526855469;
2436987179.488359;-50.122283935546875;
2437147435.8986154;-52.049407958984375;
2437307692.3088717;-53.609142303466797;
2437467948.7191281;-54.723838806152344;
2437628205.1293845;-55.944965362548828;
2437788461.5396409;-56.93292236328125;
2437948717.9498973;-58.83837890625;
2438108974.3601537;-60.580093383789063;
2438269230.7704101;-62.1038818359375;
2438429487.1806664;-63.128459930419922;
2438589743.5909228;-64.823509216308594;
2438750000.0011792;-66.588432312011719;
2438910256.4114356;-69.196884155273438;
2439070512.8216925;-70.197174072265625;
2439230769.2319489;-72.320091247558594;
2439391025.6422052;-73.448295593261719;
2439551282.0524616;-76.178108215332031;
2439711538.462718;-78.407310485839844;
2439871794.8729744;-79.810691833496094;
2440032051.2832308;-81.032035827636719;
2440192307.6934872;-82.095191955566406;
2440352564.1037436;-83.457771301269531;
2440512820.5139999;-84.30572509765625;
2440673076.9242563;-84.6669921875;
2440833333.3345127;-84.897666931152344;
2440993589.7447691;-85.161277770996094;
2441153846.1550255;-85.362663269042969;
2441314102.5652819;-85.469017028808594;
2441474358.9755383;-85.531044006347656;
2441634615.3857946;-85.561332702636719;
2441794871.796051;-85.614517211914062;
2441955128.2063074;-85.620246887207031;
2442115384.6165643;-85.624046325683594;
2442275641.0268207;-85.685035705566406;
2442435897.437077;-85.691062927246094;
2442596153.8473334;-85.666114807128906;
2442756410.2575898;-85.625961303710938;
2442916666.6678462;-85.702613830566406;
2443076923.0781026;-85.721900939941406;
2443237179.488359;-85.716110229492188;
2443397435.8986154;-85.714187622070313;
2443557692.3088717;-85.733482360839844;
2443717948.7191281;-85.756629943847656;
2443878205.1293845;-85.774131774902344;
2444038461.5396409;-85.768325805664062;
2444198717.9498973;-85.733451843261719;
2444358974.3601537;-85.712265014648437;
2444519230.7704101;-85.748886108398438;
2444679487.1806664;-85.77801513671875;
2444839743.5909228;-85.708412170410156;
2445000000.0011792;-85.762466430664063;
2445160256.4114356;-85.723800659179687;
2445320512.8216925;-85.70648193359375;
2445480769.2319489;-85.725761413574219;
2445641025.6422052;-85.729621887207031;
2445801282.0524616;-85.729072570800781;
2445961538.462718;-85.748947143554688;
2446121794.8729744;-85.770271301269531;
2446282051.2832308;-85.677543640136719;
2446442307.6934872;-85.791587829589844;
2446602564.1037436;-85.789688110351562;
2446762820.5139999;-85.81304931640625;
2446923076.9242563;-85.815010070800781;
2447083333.3345127;-85.814994812011719;
2447243589.7447691;-85.803306579589844;
2447403846.1550255;-85.791633605957031;
2447564102.5652819;-85.822807312011719;
2447724358.9755383;-85.832511901855469;
2447884615.3857946;-85.700401306152344;
2448044871.796051;-85.733482360839844;
2448205128.2063074;-85.737350463867188;
2448365384.6165643;-85.760566711425781;
2448525641.0268207;-85.81890869140625;
2448685897.437077;-85.813026428222656;
2448846153.8473334;-85.81890869140625;
2449006410.2575898;-85.776092529296875;
2449166666.6678462;-85.828659057617188;
2449326923.0781026;-85.776092529296875;
2449487179.488359;-85.814979553222656;
2449647435.8986154;-85.811088562011719;
2449807692.3088717;-85.783859252929688;
2449967948.7191281;-85.797225952148438;
2450128205.1293845;-85.786590576171875;
2450288461.5396409;-85.798980712890625;
2450448717.9498973;-85.76055908203125;
2450608974.3601537;-85.760566711425781;
2450769230.7704101;-85.758636474609375;
2450929487.1806664;-85.764442443847656;
2451089743.5909228;-85.752830505371094;
2451250000.0011792;-85.58551025390625;
2451410256.4114356;-85.213615417480469;
2451570512.8216925;-85.481430053710938;
2451730769.2319489;-85.691001892089844;
2451891025.6422052;-85.721893310546875;
2452051282.0524616;-85.729621887207031;
2452211538.462718;-85.762382507324219;
2452371794.8729744;-85.813056945800781;
2452532051.2832308;-85.793586730957031;
2452692307.6934872;-85.781829833984375;
2452852564.1037436;-85.743110656738281;
2453012820.5139999;-85.766250610351563;
2453173076.9242563;-85.616142272949219;
2453333333.3345127;-85.72381591796875;
2453493589.7447691;-85.727676391601563;
2453653846.1550255;-85.700630187988281;
2453814102.5652819;-85.774124145507813;
2453974358.9755383;-85.729583740234375;
2454134615.3857946;-85.774055480957031;
2454294871.796051;-85.7296142578125;
2454455128.2063074;-85.718017578125;
2454615384.6165643;-85.807197570800781;
2454775641.0268207;-85.721702575683594;
2454935897.437077;-85.714179992675781;
2455096153.8473334;-85.712226867675781;
2455256410.2575898;-85.762496948242188;
2455416666.6678462;-85.685295104980469;
2455576923.0781026;-85.702613830566406;
2455737179.488359;-85.704551696777344;
2455897435.8986154;-85.694915771484375;
2456057692.3088717;-85.735374450683594;
2456217948.7191281;-85.6929931640625;
2456378205.1293845;-85.710334777832031;
2456538461.5396409;-85.553504943847656;
2456698717.9498973;-85.468856811523438;
2456858974.3601537;-85.531044006347656;
2457019230.7704101;-85.615715026855469;
2457179487.1806664;-85.575828552246094;
2457339743.5909228;-85.694015502929688;
2457500000.0011792;-85.595436096191406;
2457660256.4114356;-85.553749084472656;
2457820512.8216925;-85.589767456054688;
2457980769.2319489;-85.52667236328125;
2458141025.6422052;-85.604698181152344;
2458301282.0524616;-85.677528381347656;
2458461538.462718;-85.664108276367188;
2458621794.8729744;-85.629745483398438;
2458782051.2832308;-85.629692077636719;
2458942307.6934872;-85.6412353515625;
2459102564.1037436;-85.677581787109375;
2459262820.5139999;-85.625968933105469;
2459423076.9242563;-85.595283508300781;
2459583333.3345127;-85.597358703613281;
2459743589.7447691;-85.563041687011719;
2459903846.1550255;-85.557502746582031;
2460064102.5652819;-85.468963623046875;
2460224358.9755383;-85.572624206542969;
2460384615.3857946;-85.540428161621094;
2460544871.796051;-85.648818969726563;
2460705128.2063074;-85.627861022949219;
2460865384.6165643;-85.666107177734375;
2461025641.0268207;-85.719749450683594;
2461185897.437077;-85.789649963378906;
2461346153.8473334;-85.799407958984375;
2461506410.2575898;-85.756668090820313;
2461666666.6678462;-85.7799072265625;
2461826923.0781026;-85.805168151855469;
2461987179.488359;-85.834526062011719;
2462147435.8986154;-85.748847961425781;
2462307692.3088717;-85.814926147460938;
2462467948.7191281;-85.750595092773437;
2462628205.1293845;-85.852027893066406;
2462788461.5396409;-85.797431945800781;
2462948717.9498973;-85.834327697753906;
2463108974.3601537;-85.828651428222656;
2463269230.7704101;-85.840171813964844;
2463429487.1806664;-85.887397766113281;
2463589743.5909228;-85.826515197753906;
2463750000.0011792;-85.848228454589844;
2463910256.4114356;-85.78955078125;
2464070512.8216925;-85.865859985351563;
2464230769.2319489;-85.799362182617188;
2464391025.6422052;-85.873680114746094;
2464551282.0524616;-85.80908203125;
2464711538.462718;-85.814796447753906;
2464871794.8729744;-85.741073608398438;
2465032051.2832308;-85.803077697753906;
2465192307.6934872;-85.807121276855469;
2465352564.1037436;-85.731163024902344;
2465512820.5139999;-85.775978088378906;
2465673076.9242563;-85.74871826171875;
2465833333.3345127;-85.838417053222656;
2465993589.7447691;-85.746879577636719;
2466153846.1550255;-85.807174682617188;
2466314102.5652819;-85.768180847167969;
2466474358.9755383;-85.848014831542969;
2466634615.3857946;-85.779876708984375;
2466794871.796051;-85.826438903808594;
2466955128.2063074;-85.840293884277344;
2467115384.6165643;-85.777725219726563;
2467275641.0268207;-85.846176147460938;
2467435897.437077;-85.771469116210937;
2467596153.8473334;-85.801284790039063;
2467756410.2575898;-85.754402160644531;
2467916666.6678462;-85.826698303222656;
2468076923.0781026;-85.706130981445313;
2468237179.488359;-85.857994079589844;
2468397435.8986154;-85.737236022949219;
2468557692.3088717;-85.7813720703125;
2468717948.7191281;-85.744873046875;
2468878205.1293845;-85.79071044921875;
2469038461.5396409;-85.783744812011719;
2469198717.9498973;-85.737136840820312;
2469358974.3601537;-85.786666870117188;
2469519230.7704101;-85.728157043457031;
2469679487.1806664;-85.805191040039063;
2469839743.5909228;-85.610374450683594;
2470000000.0011792;-85.799209594726563;
2470160256.4114356;-85.629127502441406;
2470320512.8216925;-85.738143920898438;
2470480769.2319489;-85.569900512695313;
2470641025.6422052;-85.591270446777344;
2470801282.0524616;-85.621757507324219;
2470961538.462718;-85.490440368652344;
2471121794.8729744;-85.663719177246094;
2471282051.2832308;-85.401451110839844;
2471442307.6934872;-85.661758422851563;
2471602564.1037436;-85.262130737304688;
2471762820.5139999;-85.640762329101563;
2471923076.9242563;-85.242973327636719;
2472083333.3345127;-85.553688049316406;
2472243589.7447691;-85.18731689453125;
2472403846.1550255;-85.375869750976563;
2472564102.5652819;-85.409126281738281;
2472724358.9755383;-85.291275024414063;
2472884615.3857946;-85.497024536132813;
2473044871.796051;-85.293586730957031;
2473205128.2063074;-85.540718078613281;
2473365384.6165643;-85.317787170410156;
2473525641.0268207;-85.682807922363281;
2473685897.437077;-85.368759155273437;
2473846153.8473334;-85.719329833984375;
2474006410.2575898;-85.439338684082031;
2474166666.6678462;-85.652671813964844;
2474326923.0781026;-85.580955505371094;
2474487179.488359;-85.662796020507813;
2474647435.8986154;-85.675430297851563;
2474807692.3088717;-85.645721435546875;
2474967948.7191281;-85.7005615234375;
2475128205.1293845;-85.583366394042969;
2475288461.5396409;-85.733329772949219;
2475448717.9498973;-85.58551025390625;
2475608974.3601537;-85.770240783691406;
2475769230.7704101;-85.631385803222656;
2475929487.1806664;-85.742828369140625;
2476089743.5909228;-85.633468627929688;
2476250000.0011792;-85.731147766113281;
2476410256.4114356;-85.631576538085937;
2476570512.8216925;-85.646629333496094;
2476730769.2319489;-85.723716735839844;
2476891025.6422052;-85.683052062988281;
2477051282.0524616;-85.721885681152344;
2477211538.462718;-85.652549743652344;
2477371794.8729744;-85.710304260253906;
2477532051.2832308;-85.662162780761719;
2477692307.6934872;-85.748939514160156;
2477852564.1037436;-85.681350708007812;
2478012820.5139999;-85.760414123535156;
2478173076.9242563;-85.721878051757812;
2478333333.3345127;-85.700569152832031;
2478493589.7447691;-85.689399719238281;
2478653846.1550255;-85.711074829101563;
2478814102.5652819;-85.76666259765625;
2478974358.9755383;-85.692764282226563;
2479134615.3857946;-85.7353515625;
2479294871.796051;-85.735336303710937;
2479455128.2063074;-85.834518432617188;
2479615384.6165643;-85.777969360351563;
2479775641.0268207;-85.803298950195313;
2479935897.437077;-85.783790588378906;
2480096153.8473334;-85.857986450195313;
2480256410.2575898;-85.793540954589844;
2480416666.6678462;-85.85406494140625;
2480576923.0781026;-85.857994079589844;
2480737179.488359;-85.887413024902344;
2480897435.8986154;-85.893325805664063;
2481057692.3088717;-85.853950500488281;
2481217948.7191281;-85.828666687011719;
2481378205.1293845;-85.822807312011719;
2481538461.5396409;-85.858001708984375;
2481698717.9498973;-85.861892700195313;
2481858974.3601537;-85.903205871582031;
2482019230.7704101;-85.885467529296875;
2482179487.1806664;-85.883499145507813;
2482339743.5909228;-85.915031433105469;
2482500000.0011792;-85.893333435058594;
2482660256.4114356;-85.907432556152344;
2482820512.8216925;-85.873634338378906;
2482980769.2319489;-85.862495422363281;
2483141025.6422052;-85.883514404296875;
2483301282.0524616;-85.879592895507813;
2483461538.462718;-85.840316772460938;
2483621794.8729744;-85.940711975097656;
2483782051.2832308;-85.844261169433594;
2483942307.6934872;-85.883506774902344;
2484102564.1037436;-85.871688842773438;
2484262820.5139999;-85.907119750976563;
