Type;ESU;
Version;4.43;
Date;03.Jun 16;
Mode;ANALYZER;
Center Freq;2434262820.514000;Hz
Freq Offset;0.000000;Hz
Span;100000000.000000;Hz
x-Axis;LIN;
Start;2384262820.514000;Hz
Stop;2484262820.514000;Hz
Ref Level;-9.000000;dBm
Level Offset;0.000000;dB
Ref Position;100.000000;%
y-Axis;LOG;
Level Range;100.000000;dB
Rf Att;5.000000;dB
RBW;2000000.000000;Hz
VBW;50.000000;Hz
SWT;2.500000;s
Trace Mode;CLR/WRITE;
Detector;RMS;
Sweep Count;0;
Trace 1:;;
x-Unit;Hz;
y-Unit;dBm;
Values;625;
2384262820.5139999;-85.716636657714844;
2384423076.9242563;-85.725746154785156;
2384583333.3345127;-85.766380310058594;
2384743589.7447691;-85.706474304199219;
2384903846.1550255;-85.714187622070313;
2385064102.5652819;-85.683380126953125;
2385224358.9755383;-85.727676391601563;
2385384615.3857946;-85.716110229492188;
2385544871.796051;-85.70648193359375;
2385705128.2063074;-85.689155578613281;
2385865384.6165643;-85.708412170410156;
2386025641.0268207;-85.737327575683594;
2386185897.437077;-85.712257385253906;
2386346153.8473334;-85.710334777832031;
2386506410.2575898;-85.708404541015625;
2386666666.6678462;-85.716110229492188;
2386826923.0781026;-85.70648193359375;
2386987179.488359;-85.696853637695313;
2387147435.8986154;-85.723831176757813;
2387307692.3088717;-85.725753784179688;
2387467948.7191281;-85.694892883300781;
2387628205.1293845;-85.708389282226563;
2387788461.5396409;-85.712265014648437;
2387948717.9498973;-85.710334777832031;
2388108974.3601537;-85.716110229492188;
2388269230.7704101;-85.671859741210938;
2388429487.1806664;-85.689064025878906;
2388589743.5909228;-85.708412170410156;
2388750000.0011792;-85.700698852539063;
2388910256.4114356;-85.67572021484375;
2389070512.8216925;-85.693000793457031;
2389230769.2319489;-85.708412170410156;
2389391025.6422052;-85.679534912109375;
2389551282.0524616;-85.666122436523438;
2389711538.462718;-85.679557800292969;
2389871794.8729744;-85.702629089355469;
2390032051.2832308;-85.708412170410156;
2390192307.6934872;-85.675712585449219;
2390352564.1037436;-85.718040466308594;
2390512820.5139999;-85.687240600585938;
2390673076.9242563;-85.693000793457031;
2390833333.3345127;-85.708412170410156;
2390993589.7447691;-85.698768615722656;
2391153846.1550255;-85.645065307617188;
2391314102.5652819;-85.702606201171875;
2391474358.9755383;-85.702629089355469;
2391634615.3857946;-85.693000793457031;
2391794871.796051;-85.70263671875;
2391955128.2063074;-85.624038696289062;
2392115384.6165643;-85.618316650390625;
2392275641.0268207;-85.595489501953125;
2392435897.437077;-85.608757019042969;
2392596153.8473334;-85.603073120117187;
2392756410.2575898;-85.580207824707031;
2392916666.6678462;-85.603073120117187;
2393076923.0781026;-85.5517578125;
2393237179.488359;-85.565116882324219;
2393397435.8986154;-85.483909606933594;
2393557692.3088717;-85.587684631347656;
2393717948.7191281;-85.515884399414062;
2393878205.1293845;-85.543792724609375;
2394038461.5396409;-85.513954162597656;
2394198717.9498973;-85.543739318847656;
2394358974.3601537;-85.519721984863281;
2394519230.7704101;-85.453620910644531;
2394679487.1806664;-85.547981262207031;
2394839743.5909228;-85.474357604980469;
2395000000.0011792;-85.56317138671875;
2395160256.4114356;-85.418258666992188;
2395320512.8216925;-85.549949645996094;
2395480769.2319489;-85.424018859863281;
2395641025.6422052;-85.551803588867188;
2395801282.0524616;-85.4669189453125;
2395961538.462718;-85.566909790039062;
2396121794.8729744;-85.498977661132813;
2396282051.2832308;-85.582122802734375;
2396442307.6934872;-85.521614074707031;
2396602564.1037436;-85.555580139160156;
2396762820.5139999;-85.570724487304687;
2396923076.9242563;-85.591598510742188;
2397083333.3345127;-85.604995727539063;
2397243589.7447691;-85.570762634277344;
2397403846.1550255;-85.610710144042969;
2397564102.5652819;-85.570625305175781;
2397724358.9755383;-85.546165466308594;
2397884615.3857946;-85.585968017578125;
2398044871.796051;-85.61260986328125;
2398205128.2063074;-85.578346252441406;
2398365384.6165643;-85.608810424804688;
2398525641.0268207;-85.587852478027344;
2398685897.437077;-85.627861022949219;
2398846153.8473334;-85.614517211914062;
2399006410.2575898;-85.625946044921875;
2399166666.6678462;-85.629783630371094;
2399326923.0781026;-85.597373962402344;
2399487179.488359;-85.625938415527344;
2399647435.8986154;-85.608772277832031;
2399807692.3088717;-85.576499938964844;
2399967948.7191281;-85.595481872558594;
2400128205.1293845;-85.616432189941406;
2400288461.5396409;-85.608802795410156;
2400448717.9498973;-85.633598327636719;
2400608974.3601537;-85.614517211914062;
2400769230.7704101;-85.622154235839844;
2400929487.1806664;-85.584083557128906;
2401089743.5909228;-85.620231628417969;
2401250000.0011792;-85.606895446777344;
2401410256.4114356;-85.631675720214844;
2401570512.8216925;-85.620246887207031;
2401730769.2319489;-85.618339538574219;
2401891025.6422052;-85.614517211914062;
2402051282.0524616;-85.61724853515625;
2402211538.462718;-85.605636596679688;
2402371794.8729744;-85.623779296875;
2402532051.2832308;-85.597396850585938;
2402692307.6934872;-85.625961303710938;
2402852564.1037436;-85.591690063476563;
2403012820.5139999;-85.608810424804688;
2403173076.9242563;-85.631668090820312;
2403333333.3345127;-85.641197204589844;
2403493589.7447691;-85.610710144042969;
2403653846.1550255;-85.595466613769531;
2403814102.5652819;-85.612617492675781;
2403974358.9755383;-85.6090087890625;
2404134615.3857946;-85.616424560546875;
2404294871.796051;-85.615074157714844;
2404455128.2063074;-85.566780090332031;
2404615384.6165643;-85.591667175292969;
2404775641.0268207;-85.616432189941406;
2404935897.437077;-85.616432189941406;
2405096153.8473334;-85.618339538574219;
2405256410.2575898;-85.624053955078125;
2405416666.6678462;-85.618339538574219;
2405576923.0781026;-85.614524841308594;
2405737179.488359;-85.6202392578125;
2405897435.8986154;-85.599288940429688;
2406057692.3088717;-85.620246887207031;
2406217948.7191281;-85.624053955078125;
2406378205.1293845;-85.62786865234375;
2406538461.5396409;-85.5992431640625;
2406698717.9498973;-85.601188659667969;
2406858974.3601537;-85.610710144042969;
2407019230.7704101;-85.620246887207031;
2407179487.1806664;-85.606895446777344;
2407339743.5909228;-85.660369873046875;
2407500000.0011792;-85.593589782714844;
2407660256.4114356;-85.614517211914062;
2407820512.8216925;-85.614524841308594;
2407980769.2319489;-85.622154235839844;
2408141025.6422052;-85.639328002929688;
2408301282.0524616;-85.650802612304688;
2408461538.462718;-85.624061584472656;
2408621794.8729744;-85.610679626464844;
2408782051.2832308;-85.683395385742188;
2408942307.6934872;-85.650802612304688;
2409102564.1037436;-85.660369873046875;
2409262820.5139999;-85.62786865234375;
2409423076.9242563;-85.652687072753906;
2409583333.3345127;-85.601181030273438;
2409743589.7447691;-85.631690979003906;
2409903846.1550255;-85.620246887207031;
2410064102.5652819;-85.593574523925781;
2410224358.9755383;-85.610710144042969;
2410384615.3857946;-85.618331909179687;
2410544871.796051;-85.639335632324219;
2410705128.2063074;-85.631683349609375;
2410865384.6165643;-85.637420654296875;
2411025641.0268207;-85.668014526367188;
2411185897.437077;-85.658447265625;
2411346153.8473334;-85.631690979003906;
2411506410.2575898;-85.660621643066406;
2411666666.6678462;-85.687240600585938;
2411826923.0781026;-85.645042419433594;
2411987179.488359;-85.682853698730469;
2412147435.8986154;-85.677642822265625;
2412307692.3088717;-85.698776245117188;
2412467948.7191281;-85.648895263671875;
2412628205.1293845;-85.646949768066406;
2412788461.5396409;-85.618331909179687;
2412948717.9498973;-85.691078186035156;
2413108974.3601537;-85.704559326171875;
2413269230.7704101;-85.702629089355469;
2413429487.1806664;-85.702621459960937;
2413589743.5909228;-85.700706481933594;
2413750000.0011792;-85.702629089355469;
2413910256.4114356;-85.704551696777344;
2414070512.8216925;-85.637413024902344;
2414230769.2319489;-85.631683349609375;
2414391025.6422052;-85.647804260253906;
2414551282.0524616;-85.619163513183594;
2414711538.462718;-85.612884521484375;
2414871794.8729744;-85.643135070800781;
2415032051.2832308;-85.704551696777344;
2415192307.6934872;-85.694931030273438;
2415352564.1037436;-85.685302734375;
2415512820.5139999;-85.698783874511719;
2415673076.9242563;-85.710334777832031;
2415833333.3345127;-85.648872375488281;
2415993589.7447691;-85.620246887207031;
2416153846.1550255;-85.624053955078125;
2416314102.5652819;-85.625946044921875;
2416474358.9755383;-85.681480407714844;
2416634615.3857946;-85.693000793457031;
2416794871.796051;-85.691635131835938;
2416955128.2063074;-85.668464660644531;
2417115384.6165643;-85.625953674316406;
2417275641.0268207;-85.666099548339844;
2417435897.437077;-85.72381591796875;
2417596153.8473334;-85.698783874511719;
2417756410.2575898;-85.679557800292969;
2417916666.6678462;-85.675697326660156;
2418076923.0781026;-85.637413024902344;
2418237179.488359;-85.618339538574219;
2418397435.8986154;-85.625961303710938;
2418557692.3088717;-85.618339538574219;
2418717948.7191281;-85.625968933105469;
2418878205.1293845;-85.654617309570313;
2419038461.5396409;-85.693832397460938;
2419198717.9498973;-85.649742126464844;
2419358974.3601537;-85.636871337890625;
2419519230.7704101;-85.679557800292969;
2419679487.1806664;-85.660377502441406;
2419839743.5909228;-85.656547546386719;
2420000000.0011792;-85.658462524414062;
2420160256.4114356;-85.618324279785156;
2420320512.8216925;-85.612617492675781;
2420480769.2319489;-85.620246887207031;
2420641025.6422052;-85.624061584472656;
2420801282.0524616;-85.608810424804688;
2420961538.462718;-85.614517211914062;
2421121794.8729744;-85.625968933105469;
2421282051.2832308;-85.628135681152344;
2421442307.6934872;-85.622146606445313;
2421602564.1037436;-85.650802612304688;
2421762820.5139999;-85.677635192871094;
2421923076.9242563;-85.669967651367188;
2422083333.3345127;-85.666130065917969;
2422243589.7447691;-85.66229248046875;
2422403846.1550255;-85.614517211914062;
2422564102.5652819;-85.635513305664063;
2422724358.9755383;-85.625961303710938;
2422884615.3857946;-85.6202392578125;
2423044871.796051;-85.624053955078125;
2423205128.2063074;-85.618324279785156;
2423365384.6165643;-85.582420349121094;
2423525641.0268207;-85.618339538574219;
2423685897.437077;-85.635490417480469;
2423846153.8473334;-85.622154235839844;
2424006410.2575898;-85.637413024902344;
2424166666.6678462;-85.643150329589844;
2424326923.0781026;-85.62786865234375;
2424487179.488359;-85.614517211914062;
2424647435.8986154;-85.66033935546875;
2424807692.3088717;-85.639335632324219;
2424967948.7191281;-85.627876281738281;
2425128205.1293845;-85.643150329589844;
2425288461.5396409;-85.650802612304688;
2425448717.9498973;-85.648887634277344;
2425608974.3601537;-85.629745483398438;
2425769230.7704101;-85.629753112792969;
2425929487.1806664;-85.648895263671875;
2426089743.5909228;-85.635498046875;
2426250000.0011792;-85.629776000976563;
2426410256.4114356;-85.614524841308594;
2426570512.8216925;-85.5517578125;
2426730769.2319489;-85.572669982910156;
2426891025.6422052;-85.548049926757813;
2427051282.0524616;-85.587760925292969;
2427211538.462718;-85.384788513183594;
2427371794.8729744;-85.347854614257813;
2427532051.2832308;-85.163978576660156;
2427692307.6934872;-84.990348815917969;
2427852564.1037436;-84.814170837402344;
2428012820.5139999;-83.541000366210938;
2428173076.9242563;-83.868118286132813;
2428333333.3345127;-81.821922302246094;
2428493589.7447691;-82.431266784667969;
2428653846.1550255;-79.166213989257813;
2428814102.5652819;-79.515617370605469;
2428974358.9755383;-75.321189880371094;
2429134615.3857946;-75.397712707519531;
2429294871.796051;-71.866783142089844;
2429455128.2063074;-71.212699890136719;
2429615384.6165643;-67.945480346679688;
2429775641.0268207;-66.675430297851563;
2429935897.437077;-64.802299499511719;
2430096153.8473334;-63.212909698486328;
2430256410.2575898;-61.718364715576172;
2430416666.6678462;-59.276191711425781;
2430576923.0781026;-57.922069549560547;
2430737179.488359;-55.935314178466797;
2430897435.8986154;-55.337631225585937;
2431057692.3088717;-52.649024963378906;
2431217948.7191281;-51.948024749755859;
2431378205.1293845;-49.480319976806641;
2431538461.5396409;-49.191650390625;
2431698717.9498973;-46.801021575927734;
2431858974.3601537;-46.057579040527344;
2432019230.7704101;-43.684417724609375;
2432179487.1806664;-42.80279541015625;
2432339743.5909228;-41.34320068359375;
2432500000.0011792;-40.419357299804688;
2432660256.4114356;-39.331199645996094;
2432820512.8216925;-37.80706787109375;
2432980769.2319489;-37.061832427978516;
2433141025.6422052;-36.023677825927734;
2433301282.0524616;-35.4385986328125;
2433461538.462718;-34.762416839599609;
2433621794.8729744;-34.031040191650391;
2433782051.2832308;-33.893329620361328;
2433942307.6934872;-33.538829803466797;
2434102564.1037436;-33.71112060546875;
2434262820.5139999;-33.468048095703125;
2434423076.9242563;-34.002937316894531;
2434583333.3345127;-34.298000335693359;
2434743589.7447691;-34.925125122070313;
2434903846.1550255;-35.492511749267578;
2435064102.5652819;-36.222900390625;
2435224358.9755383;-37.5;
2435384615.3857946;-38.245956420898438;
2435544871.796051;-39.400188446044922;
2435705128.2063074;-40.188819885253906;
2435865384.6165643;-41.703842163085938;
2436025641.0268207;-43.096420288085938;
2436185897.437077;-44.666744232177734;
2436346153.8473334;-45.459274291992187;
2436506410.2575898;-46.848293304443359;
2436666666.6678462;-47.993824005126953;
2436826923.0781026;-49.939964294433594;
2436987179.488359;-51.173969268798828;
2437147435.8986154;-52.386436462402344;
2437307692.3088717;-53.658840179443359;
2437467948.7191281;-54.835403442382813;
2437628205.1293845;-56.832004547119141;
2437788461.5396409;-57.760051727294922;
2437948717.9498973;-59.220279693603516;
2438108974.3601537;-60.102367401123047;
2438269230.7704101;-61.875522613525391;
2438429487.1806664;-63.392040252685547;
2438589743.5909228;-64.990264892578125;
2438750000.0011792;-65.869010925292969;
2438910256.4114356;-67.198989868164062;
2439070512.8216925;-68.637550354003906;
2439230769.2319489;-70.645484924316406;
2439391025.6422052;-72.169685363769531;
2439551282.0524616;-73.463882446289063;
2439711538.462718;-74.942352294921875;
2439871794.8729744;-76.578414916992188;
2440032051.2832308;-78.741836547851563;
2440192307.6934872;-80.068275451660156;
2440352564.1037436;-81.375267028808594;
2440512820.5139999;-82.351577758789063;
2440673076.9242563;-83.584121704101562;
2440833333.3345127;-84.541358947753906;
2440993589.7447691;-85.032218933105469;
2441153846.1550255;-85.261344909667969;
2441314102.5652819;-85.424156188964844;
2441474358.9755383;-85.453201293945313;
2441634615.3857946;-85.589714050292969;
2441794871.796051;-85.67950439453125;
2441955128.2063074;-85.754753112792969;
2442115384.6165643;-85.758636474609375;
2442275641.0268207;-85.768302917480469;
2442435897.437077;-85.768287658691406;
2442596153.8473334;-85.718025207519531;
2442756410.2575898;-85.787704467773438;
2442916666.6678462;-85.807212829589844;
2443076923.0781026;-85.745071411132812;
2443237179.488359;-85.777999877929688;
2443397435.8986154;-85.816963195800781;
2443557692.3088717;-85.797454833984375;
2443717948.7191281;-85.766380310058594;
2443878205.1293845;-85.748954772949219;
2444038461.5396409;-85.737350463867188;
2444198717.9498973;-85.721900939941406;
2444358974.3601537;-85.712257385253906;
2444519230.7704101;-85.729621887207031;
2444679487.1806664;-85.712257385253906;
2444839743.5909228;-85.770256042480469;
2445000000.0011792;-85.805252075195313;
2445160256.4114356;-85.799415588378906;
2445320512.8216925;-85.698234558105469;
2445480769.2319489;-85.710334777832031;
2445641025.6422052;-85.771095275878906;
2445801282.0524616;-85.791633605957031;
2445961538.462718;-85.7528076171875;
2446121794.8729744;-85.73541259765625;
2446282051.2832308;-85.733489990234375;
2446442307.6934872;-85.748947143554688;
2446602564.1037436;-85.797470092773438;
2446762820.5139999;-85.741195678710938;
2446923076.9242563;-85.675651550292969;
2447083333.3345127;-85.610702514648437;
2447243589.7447691;-85.646965026855469;
2447403846.1550255;-85.646957397460938;
2447564102.5652819;-85.637405395507813;
2447724358.9755383;-85.662208557128906;
2447884615.3857946;-85.633415222167969;
2448044871.796051;-85.625946044921875;
2448205128.2063074;-85.645027160644531;
2448365384.6165643;-83.789176940917969;
2448525641.0268207;-79.437393188476562;
2448685897.437077;-82.38714599609375;
2448846153.8473334;-84.376846313476562;
2449006410.2575898;-85.299232482910156;
2449166666.6678462;-85.593505859375;
2449326923.0781026;-85.627761840820312;
2449487179.488359;-80.682029724121094;
2449647435.8986154;-81.491592407226562;
2449807692.3088717;-84.354240417480469;
2449967948.7191281;-85.240020751953125;
2450128205.1293845;-85.548042297363281;
2450288461.5396409;-85.480026245117187;
2450448717.9498973;-85.376823425292969;
2450608974.3601537;-85.324066162109375;
2450769230.7704101;-85.32794189453125;
2450929487.1806664;-85.174789428710938;
2451089743.5909228;-85.06976318359375;
2451250000.0011792;-85.060844421386719;
2451410256.4114356;-85.003707885742188;
2451570512.8216925;-84.918983459472656;
2451730769.2319489;-84.952415466308594;
2451891025.6422052;-84.948936462402344;
2452051282.0524616;-84.904922485351563;
2452211538.462718;-84.889129638671875;
2452371794.8729744;-84.815788269042969;
2452532051.2832308;-84.901405334472656;
2452692307.6934872;-84.943565368652344;
2452852564.1037436;-84.971893310546875;
2453012820.5139999;-84.934822082519531;
2453173076.9242563;-84.991409301757813;
2453333333.3345127;-85.037612915039063;
2453493589.7447691;-85.0537109375;
2453653846.1550255;-85.110748291015625;
2453814102.5652819;-85.194145202636719;
2453974358.9755383;-85.272605895996094;
2454134615.3857946;-85.342391967773438;
2454294871.796051;-85.259292602539063;
2454455128.2063074;-85.241386413574219;
2454615384.6165643;-85.287208557128906;
2454775641.0268207;-85.418487548828125;
2454935897.437077;-85.398002624511719;
2455096153.8473334;-85.359130859375;
2455256410.2575898;-85.412940979003906;
2455416666.6678462;-85.420280456542969;
2455576923.0781026;-85.444671630859375;
2455737179.488359;-85.397972106933594;
2455897435.8986154;-85.431617736816406;
2456057692.3088717;-85.384956359863281;
2456217948.7191281;-85.491302490234375;
2456378205.1293845;-85.692733764648438;
2456538461.5396409;-85.820854187011719;
2456698717.9498973;-85.826698303222656;
2456858974.3601537;-85.662139892578125;
2457019230.7704101;-85.557395935058594;
2457179487.1806664;-85.623893737792969;
2457339743.5909228;-85.7547607421875;
2457500000.0011792;-85.816871643066406;
2457660256.4114356;-85.875663757324219;
2457820512.8216925;-85.850143432617188;
2457980769.2319489;-85.805252075195313;
2458141025.6422052;-85.795501708984375;
2458301282.0524616;-85.828666687011719;
2458461538.462718;-85.856056213378906;
2458621794.8729744;-85.844085693359375;
2458782051.2832308;-85.835647583007813;
2458942307.6934872;-85.837127685546875;
2459102564.1037436;-85.82672119140625;
2459262820.5139999;-85.821510314941406;
2459423076.9242563;-85.836471557617188;
2459583333.3345127;-85.887435913085937;
2459743589.7447691;-85.83843994140625;
2459903846.1550255;-85.832572937011719;
2460064102.5652819;-85.887458801269531;
2460224358.9755383;-85.881568908691406;
2460384615.3857946;-85.905174255371094;
2460544871.796051;-85.891395568847656;
2460705128.2063074;-85.883529663085937;
2460865384.6165643;-85.891387939453125;
2461025641.0268207;-85.836456298828125;
2461185897.437077;-85.83843994140625;
2461346153.8473334;-85.822807312011719;
2461506410.2575898;-85.846260070800781;
2461666666.6678462;-85.814987182617188;
2461826923.0781026;-85.830619812011719;
2461987179.488359;-85.885498046875;
2462147435.8986154;-85.871734619140625;
2462307692.3088717;-85.834518432617188;
2462467948.7191281;-85.871726989746094;
2462628205.1293845;-85.905166625976563;
2462788461.5396409;-85.869766235351563;
2462948717.9498973;-85.859970092773437;
2463108974.3601537;-85.840385437011719;
2463269230.7704101;-85.83648681640625;
2463429487.1806664;-85.828666687011719;
2463589743.5909228;-85.828666687011719;
2463750000.0011792;-85.848220825195313;
2463910256.4114356;-85.893333435058594;
2464070512.8216925;-85.905166625976563;
2464230769.2319489;-85.8638916015625;
2464391025.6422052;-85.879600524902344;
2464551282.0524616;-85.920944213867188;
2464711538.462718;-85.907150268554688;
2464871794.8729744;-85.913063049316406;
2465032051.2832308;-85.852104187011719;
2465192307.6934872;-85.832572937011719;
2465352564.1037436;-85.811088562011719;
2465512820.5139999;-85.82476806640625;
2465673076.9242563;-85.846206665039063;
2465833333.3345127;-85.903205871582031;
2465993589.7447691;-85.89532470703125;
2466153846.1550255;-85.903190612792969;
2466314102.5652819;-85.828666687011719;
2466474358.9755383;-85.848182678222656;
2466634615.3857946;-85.902915954589844;
2466794871.796051;-85.854484558105469;
2466955128.2063074;-85.82672119140625;
2467115384.6165643;-85.830162048339844;
2467275641.0268207;-85.900650024414063;
2467435897.437077;-85.873611450195312;
2467596153.8473334;-85.844581604003906;
2467756410.2575898;-85.8214111328125;
2467916666.6678462;-85.824485778808594;
2468076923.0781026;-85.80523681640625;
2468237179.488359;-85.826713562011719;
2468397435.8986154;-85.779930114746094;
2468557692.3088717;-85.826713562011719;
2468717948.7191281;-85.766380310058594;
2468878205.1293845;-85.803237915039063;
2469038461.5396409;-85.772109985351563;
2469198717.9498973;-85.853988647460938;
2469358974.3601537;-85.84234619140625;
2469519230.7704101;-85.756233215332031;
2469679487.1806664;-85.820838928222656;
2469839743.5909228;-85.756370544433594;
2470000000.0011792;-85.816947937011719;
2470160256.4114356;-85.712043762207031;
2470320512.8216925;-85.83233642578125;
2470480769.2319489;-85.671546936035156;
2470641025.6422052;-85.76544189453125;
2470801282.0524616;-85.721626281738281;
2470961538.462718;-85.67620849609375;
2471121794.8729744;-85.696548461914063;
2471282051.2832308;-85.628021240234375;
2471442307.6934872;-85.723640441894531;
2471602564.1037436;-85.562477111816406;
2471762820.5139999;-85.754600524902344;
2471923076.9242563;-85.553199768066406;
2472083333.3345127;-85.717544555664063;
2472243589.7447691;-85.612167358398438;
2472403846.1550255;-85.779617309570313;
2472564102.5652819;-85.579788208007812;
2472724358.9755383;-85.742805480957031;
2472884615.3857946;-85.692726135253906;
2473044871.796051;-85.7640380859375;
2473205128.2063074;-85.779800415039063;
2473365384.6165643;-85.785629272460938;
2473525641.0268207;-85.854049682617188;
2473685897.437077;-85.8148193359375;
2473846153.8473334;-85.83062744140625;
2474006410.2575898;-85.764404296875;
2474166666.6678462;-85.861907958984375;
2474326923.0781026;-85.799385070800781;
2474487179.488359;-85.822799682617188;
2474647435.8986154;-85.838432312011719;
2474807692.3088717;-85.857986450195313;
2474967948.7191281;-85.842330932617187;
2475128205.1293845;-85.88153076171875;
2475288461.5396409;-85.83062744140625;
2475448717.9498973;-85.81109619140625;
2475608974.3601537;-85.836479187011719;
2475769230.7704101;-85.820014953613281;
2475929487.1806664;-85.8388671875;
2476089743.5909228;-85.837867736816406;
2476250000.0011792;-85.828666687011719;
2476410256.4114356;-85.820854187011719;
2476570512.8216925;-85.861915588378906;
2476730769.2319489;-85.881568908691406;
2476891025.6422052;-85.887466430664063;
2477051282.0524616;-85.826713562011719;
2477211538.462718;-85.854080200195313;
2477371794.8729744;-85.824760437011719;
2477532051.2832308;-85.883506774902344;
2477692307.6934872;-85.907142639160156;
2477852564.1037436;-85.842353820800781;
2478012820.5139999;-85.901153564453125;
2478173076.9242563;-85.915031433105469;
2478333333.3345127;-85.909126281738281;
2478493589.7447691;-85.907150268554688;
2478653846.1550255;-85.907142639160156;
2478814102.5652819;-85.901237487792969;
2478974358.9755383;-85.824752807617188;
2479134615.3857946;-85.83648681640625;
2479294871.796051;-85.85406494140625;
2479455128.2063074;-85.899246215820313;
2479615384.6165643;-85.915031433105469;
2479775641.0268207;-85.889434814453125;
2479935897.437077;-85.901237487792969;
2480096153.8473334;-85.901237487792969;
2480256410.2575898;-85.918983459472656;
2480416666.6678462;-85.883529663085937;
2480576923.0781026;-85.909111022949219;
2480737179.488359;-85.911094665527344;
2480897435.8986154;-85.902923583984375;
2481057692.3088717;-85.905181884765625;
2481217948.7191281;-85.911094665527344;
2481378205.1293845;-85.922920227050781;
2481538461.5396409;-85.928840637207031;
2481698717.9498973;-85.913063049316406;
2481858974.3601537;-85.90911865234375;
2482019230.7704101;-85.909126281738281;
2482179487.1806664;-85.911094665527344;
2482339743.5909228;-85.9051513671875;
2482500000.0011792;-85.883499145507813;
2482660256.4114356;-85.907150268554688;
2482820512.8216925;-85.883522033691406;
2482980769.2319489;-85.895317077636719;
2483141025.6422052;-85.891372680664063;
2483301282.0524616;-85.873710632324219;
2483461538.462718;-85.909126281738281;
2483621794.8729744;-85.885490417480469;
2483782051.2832308;-85.922927856445312;
2483942307.6934872;-85.879585266113281;
2484102564.1037436;-85.909103393554688;
2484262820.5139999;-85.90911865234375;
