Type;ESU;
Version;4.43;
Date;03.Jun 16;
Mode;ANALYZER;
Center Freq;2434262820.514000;Hz
Freq Offset;0.000000;Hz
Span;100000000.000000;Hz
x-Axis;LIN;
Start;2384262820.514000;Hz
Stop;2484262820.514000;Hz
Ref Level;-9.000000;dBm
Level Offset;0.000000;dB
Ref Position;100.000000;%
y-Axis;LOG;
Level Range;100.000000;dB
Rf Att;5.000000;dB
RBW;2000000.000000;Hz
VBW;30.000000;Hz
SWT;4.200000;s
Trace Mode;CLR/WRITE;
Detector;RMS;
Sweep Count;0;
Trace 1:;;
x-Unit;Hz;
y-Unit;dBm;
Values;625;
2384262820.5139999;-85.706832885742187;
2384423076.9242563;-85.714187622070313;
2384583333.3345127;-85.704551696777344;
2384743589.7447691;-85.721473693847656;
2384903846.1550255;-85.719978332519531;
2385064102.5652819;-85.716117858886719;
2385224358.9755383;-85.710334777832031;
2385384615.3857946;-85.708412170410156;
2385544871.796051;-85.70648193359375;
2385705128.2063074;-85.710334777832031;
2385865384.6165643;-85.710334777832031;
2386025641.0268207;-85.718048095703125;
2386185897.437077;-85.704551696777344;
2386346153.8473334;-85.706474304199219;
2386506410.2575898;-85.702613830566406;
2386666666.6678462;-85.719970703125;
2386826923.0781026;-85.714187622070313;
2386987179.488359;-85.714614868164063;
2387147435.8986154;-85.718040466308594;
2387307692.3088717;-85.710334777832031;
2387467948.7191281;-85.714187622070313;
2387628205.1293845;-85.70648193359375;
2387788461.5396409;-85.70648193359375;
2387948717.9498973;-85.70648193359375;
2388108974.3601537;-85.70648193359375;
2388269230.7704101;-85.70648193359375;
2388429487.1806664;-85.687240600585938;
2388589743.5909228;-85.716117858886719;
2388750000.0011792;-85.718048095703125;
2388910256.4114356;-85.708412170410156;
2389070512.8216925;-85.716331481933594;
2389230769.2319489;-85.66802978515625;
2389391025.6422052;-85.654632568359375;
2389551282.0524616;-85.687232971191406;
2389711538.462718;-85.716117858886719;
2389871794.8729744;-85.708404541015625;
2390032051.2832308;-85.694923400878906;
2390192307.6934872;-85.696853637695313;
2390352564.1037436;-85.696846008300781;
2390512820.5139999;-85.692985534667969;
2390673076.9242563;-85.696853637695313;
2390833333.3345127;-85.704551696777344;
2390993589.7447691;-85.687248229980469;
2391153846.1550255;-85.687248229980469;
2391314102.5652819;-85.694931030273438;
2391474358.9755383;-85.68914794921875;
2391634615.3857946;-85.673591613769531;
2391794871.796051;-85.702629089355469;
2391955128.2063074;-85.710334777832031;
2392115384.6165643;-85.708404541015625;
2392275641.0268207;-85.710334777832031;
2392435897.437077;-85.679557800292969;
2392596153.8473334;-85.702629089355469;
2392756410.2575898;-85.698776245117188;
2392916666.6678462;-85.706474304199219;
2393076923.0781026;-85.689155578613281;
2393237179.488359;-85.712265014648437;
2393397435.8986154;-85.685302734375;
2393557692.3088717;-85.668037414550781;
2393717948.7191281;-85.669967651367188;
2393878205.1293845;-85.685325622558594;
2394038461.5396409;-85.643150329589844;
2394198717.9498973;-85.648872375488281;
2394358974.3601537;-85.670173645019531;
2394519230.7704101;-85.654624938964844;
2394679487.1806664;-85.70648193359375;
2394839743.5909228;-85.691078186035156;
2395000000.0011792;-85.687240600585938;
2395160256.4114356;-85.702621459960937;
2395320512.8216925;-85.687240600585938;
2395480769.2319489;-85.660369873046875;
2395641025.6422052;-85.618339538574219;
2395801282.0524616;-85.622154235839844;
2395961538.462718;-85.620246887207031;
2396121794.8729744;-85.620246887207031;
2396282051.2832308;-85.622154235839844;
2396442307.6934872;-85.624053955078125;
2396602564.1037436;-85.637428283691406;
2396762820.5139999;-85.631690979003906;
2396923076.9242563;-85.622154235839844;
2397083333.3345127;-85.622154235839844;
2397243589.7447691;-85.644622802734375;
2397403846.1550255;-85.648880004882813;
2397564102.5652819;-85.6412353515625;
2397724358.9755383;-85.635498046875;
2397884615.3857946;-85.624061584472656;
2398044871.796051;-85.622146606445313;
2398205128.2063074;-85.656547546386719;
2398365384.6165643;-85.633590698242188;
2398525641.0268207;-85.625961303710938;
2398685897.437077;-85.629776000976563;
2398846153.8473334;-85.618331909179687;
2399006410.2575898;-85.591667175292969;
2399166666.6678462;-85.622154235839844;
2399326923.0781026;-85.637420654296875;
2399487179.488359;-85.643150329589844;
2399647435.8986154;-85.643142700195313;
2399807692.3088717;-85.631690979003906;
2399967948.7191281;-85.622154235839844;
2400128205.1293845;-85.612625122070313;
2400288461.5396409;-85.625968933105469;
2400448717.9498973;-85.633583068847656;
2400608974.3601537;-85.6202392578125;
2400769230.7704101;-85.619186401367188;
2400929487.1806664;-85.616432189941406;
2401089743.5909228;-85.622154235839844;
2401250000.0011792;-85.620246887207031;
2401410256.4114356;-85.620246887207031;
2401570512.8216925;-85.612625122070313;
2401730769.2319489;-85.612625122070313;
2401891025.6422052;-85.625961303710938;
2402051282.0524616;-85.608802795410156;
2402211538.462718;-85.618339538574219;
2402371794.8729744;-85.616432189941406;
2402532051.2832308;-85.62786865234375;
2402692307.6934872;-85.625961303710938;
2402852564.1037436;-85.624053955078125;
2403012820.5139999;-85.622154235839844;
2403173076.9242563;-85.624061584472656;
2403333333.3345127;-85.635498046875;
2403493589.7447691;-85.624061584472656;
2403653846.1550255;-85.614524841308594;
2403814102.5652819;-85.622581481933594;
2403974358.9755383;-85.616432189941406;
2404134615.3857946;-85.616432189941406;
2404294871.796051;-85.622154235839844;
2404455128.2063074;-85.618339538574219;
2404615384.6165643;-85.635513305664063;
2404775641.0268207;-85.666130065917969;
2404935897.437077;-85.664215087890625;
2405096153.8473334;-85.650802612304688;
2405256410.2575898;-85.622146606445313;
2405416666.6678462;-85.646980285644531;
2405576923.0781026;-85.641250610351563;
2405737179.488359;-85.614097595214844;
2405897435.8986154;-85.614524841308594;
2406057692.3088717;-85.624053955078125;
2406217948.7191281;-85.625968933105469;
2406378205.1293845;-85.625961303710938;
2406538461.5396409;-85.643150329589844;
2406698717.9498973;-85.622154235839844;
2406858974.3601537;-85.637413024902344;
2407019230.7704101;-85.625961303710938;
2407179487.1806664;-85.616432189941406;
2407339743.5909228;-85.624061584472656;
2407500000.0011792;-85.618331909179687;
2407660256.4114356;-85.619186401367188;
2407820512.8216925;-85.620246887207031;
2407980769.2319489;-85.625961303710938;
2408141025.6422052;-85.643157958984375;
2408301282.0524616;-85.666130065917969;
2408461538.462718;-85.687240600585938;
2408621794.8729744;-85.660385131835938;
2408782051.2832308;-85.658462524414062;
2408942307.6934872;-85.633598327636719;
2409102564.1037436;-85.643150329589844;
2409262820.5139999;-85.624061584472656;
2409423076.9242563;-85.616432189941406;
2409583333.3345127;-85.633590698242188;
2409743589.7447691;-85.658462524414062;
2409903846.1550255;-85.673583984375;
2410064102.5652819;-85.673797607421875;
2410224358.9755383;-85.673805236816406;
2410384615.3857946;-85.693008422851562;
2410544871.796051;-85.664215087890625;
2410705128.2063074;-85.639320373535156;
2410865384.6165643;-85.637420654296875;
2411025641.0268207;-85.689125061035156;
2411185897.437077;-85.694931030273438;
2411346153.8473334;-85.650810241699219;
2411506410.2575898;-85.65655517578125;
2411666666.6678462;-85.643157958984375;
2411826923.0781026;-85.631690979003906;
2411987179.488359;-85.658470153808594;
2412147435.8986154;-85.696853637695313;
2412307692.3088717;-85.698783874511719;
2412467948.7191281;-85.668022155761719;
2412628205.1293845;-85.631690979003906;
2412788461.5396409;-85.652702331542969;
2412948717.9498973;-85.702629089355469;
2413108974.3601537;-85.70648193359375;
2413269230.7704101;-85.710334777832031;
2413429487.1806664;-85.708412170410156;
2413589743.5909228;-85.700698852539063;
2413750000.0011792;-85.662300109863281;
2413910256.4114356;-85.669960021972656;
2414070512.8216925;-85.694931030273438;
2414230769.2319489;-85.708412170410156;
2414391025.6422052;-85.708412170410156;
2414551282.0524616;-85.6929931640625;
2414711538.462718;-85.603988647460938;
2414871794.8729744;-85.559303283691406;
2415032051.2832308;-85.645072937011719;
2415192307.6934872;-85.520362854003906;
2415352564.1037436;-85.495033264160156;
2415512820.5139999;-85.624053955078125;
2415673076.9242563;-85.652687072753906;
2415833333.3345127;-85.675704956054688;
2415993589.7447691;-85.696853637695313;
2416153846.1550255;-85.668037414550781;
2416314102.5652819;-85.666130065917969;
2416474358.9755383;-85.689170837402344;
2416634615.3857946;-85.698776245117188;
2416794871.796051;-85.671890258789063;
2416955128.2063074;-85.668052673339844;
2417115384.6165643;-85.698768615722656;
2417275641.0268207;-85.687248229980469;
2417435897.437077;-85.70648193359375;
2417596153.8473334;-85.693008422851562;
2417756410.2575898;-85.702629089355469;
2417916666.6678462;-85.694931030273438;
2418076923.0781026;-85.700706481933594;
2418237179.488359;-85.668052673339844;
2418397435.8986154;-85.70648193359375;
2418557692.3088717;-85.704544067382812;
2418717948.7191281;-85.704551696777344;
2418878205.1293845;-85.679542541503906;
2419038461.5396409;-85.650802612304688;
2419198717.9498973;-85.666130065917969;
2419358974.3601537;-85.698783874511719;
2419519230.7704101;-85.694931030273438;
2419679487.1806664;-85.702621459960937;
2419839743.5909228;-85.66229248046875;
2420000000.0011792;-85.645072937011719;
2420160256.4114356;-85.641250610351563;
2420320512.8216925;-85.631690979003906;
2420480769.2319489;-85.64697265625;
2420641025.6422052;-85.664215087890625;
2420801282.0524616;-85.671882629394531;
2420961538.462718;-85.698776245117188;
2421121794.8729744;-85.691085815429687;
2421282051.2832308;-85.70648193359375;
2421442307.6934872;-85.683395385742188;
2421602564.1037436;-85.708412170410156;
2421762820.5139999;-85.708412170410156;
2421923076.9242563;-85.696853637695313;
2422083333.3345127;-85.708412170410156;
2422243589.7447691;-85.691085815429687;
2422403846.1550255;-85.679557800292969;
2422564102.5652819;-85.70648193359375;
2422724358.9755383;-85.708412170410156;
2422884615.3857946;-85.70648193359375;
2423044871.796051;-85.687248229980469;
2423205128.2063074;-85.710319519042969;
2423365384.6165643;-85.645042419433594;
2423525641.0268207;-85.652717590332031;
2423685897.437077;-85.66229248046875;
2423846153.8473334;-85.666130065917969;
2424006410.2575898;-85.669967651367188;
2424166666.6678462;-85.70263671875;
2424326923.0781026;-85.710334777832031;
2424487179.488359;-85.70648193359375;
2424647435.8986154;-85.646598815917969;
2424807692.3088717;-85.627777099609375;
2424967948.7191281;-85.700698852539063;
2425128205.1293845;-85.596664428710937;
2425288461.5396409;-85.566871643066406;
2425448717.9498973;-85.650802612304688;
2425608974.3601537;-85.689155578613281;
2425769230.7704101;-85.708404541015625;
2425929487.1806664;-85.700698852539063;
2426089743.5909228;-85.712905883789063;
2426250000.0011792;-85.708412170410156;
2426410256.4114356;-85.70648193359375;
2426570512.8216925;-85.712265014648437;
2426730769.2319489;-85.70648193359375;
2426891025.6422052;-85.70648193359375;
2427051282.0524616;-85.716110229492188;
2427211538.462718;-85.714187622070313;
2427371794.8729744;-85.712265014648437;
2427532051.2832308;-85.698783874511719;
2427692307.6934872;-85.706466674804688;
2427852564.1037436;-85.698776245117188;
2428012820.5139999;-85.666091918945313;
2428173076.9242563;-85.658370971679688;
2428333333.3345127;-85.5858154296875;
2428493589.7447691;-85.530616760253906;
2428653846.1550255;-85.239288330078125;
2428814102.5652819;-84.977798461914063;
2428974358.9755383;-84.761886596679688;
2429134615.3857946;-83.944656372070313;
2429294871.796051;-83.457138061523438;
2429455128.2063074;-82.554435729980469;
2429615384.6165643;-81.187484741210937;
2429775641.0268207;-79.806755065917969;
2429935897.437077;-78.399085998535156;
2430096153.8473334;-76.114814758300781;
2430256410.2575898;-74.516365051269531;
2430416666.6678462;-72.708793640136719;
2430576923.0781026;-70.849136352539062;
2430737179.488359;-69.522102355957031;
2430897435.8986154;-67.876861572265625;
2431057692.3088717;-65.964584350585938;
2431217948.7191281;-64.346969604492188;
2431378205.1293845;-62.84844970703125;
2431538461.5396409;-61.033489227294922;
2431698717.9498973;-59.687278747558594;
2431858974.3601537;-58.150802612304688;
2432019230.7704101;-56.261333465576172;
2432179487.1806664;-54.985206604003906;
2432339743.5909228;-53.349277496337891;
2432500000.0011792;-51.899593353271484;
2432660256.4114356;-50.680732727050781;
2432820512.8216925;-49.130233764648438;
2432980769.2319489;-47.788692474365234;
2433141025.6422052;-46.750858306884766;
2433301282.0524616;-45.511466979980469;
2433461538.462718;-44.468009948730469;
2433621794.8729744;-43.689949035644531;
2433782051.2832308;-42.742645263671875;
2433942307.6934872;-42.074031829833984;
2434102564.1037436;-41.588314056396484;
2434262820.5139999;-41.091476440429688;
2434423076.9242563;-40.873935699462891;
2434583333.3345127;-40.766407012939453;
2434743589.7447691;-40.778423309326172;
2434903846.1550255;-41.081966400146484;
2435064102.5652819;-41.350299835205078;
2435224358.9755383;-41.907459259033203;
2435384615.3857946;-42.613204956054688;
2435544871.796051;-43.271705627441406;
2435705128.2063074;-44.308135986328125;
2435865384.6165643;-45.371467590332031;
2436025641.0268207;-46.216617584228516;
2436185897.437077;-47.632266998291016;
2436346153.8473334;-48.760749816894531;
2436506410.2575898;-49.721229553222656;
2436666666.6678462;-51.474784851074219;
2436826923.0781026;-52.680770874023438;
2436987179.488359;-53.740890502929687;
2437147435.8986154;-55.440284729003906;
2437307692.3088717;-56.726764678955078;
2437467948.7191281;-57.810291290283203;
2437628205.1293845;-59.534351348876953;
2437788461.5396409;-60.790180206298828;
2437948717.9498973;-61.944171905517578;
2438108974.3601537;-63.686073303222656;
2438269230.7704101;-64.897056579589844;
2438429487.1806664;-65.914512634277344;
2438589743.5909228;-67.596038818359375;
2438750000.0011792;-68.809127807617188;
2438910256.4114356;-69.862403869628906;
2439070512.8216925;-71.610748291015625;
2439230769.2319489;-72.936134338378906;
2439391025.6422052;-74.020736694335938;
2439551282.0524616;-75.799705505371094;
2439711538.462718;-77.100868225097656;
2439871794.8729744;-78.249565124511719;
2440032051.2832308;-80.034530639648438;
2440192307.6934872;-81.220840454101563;
2440352564.1037436;-82.141654968261719;
2440512820.5139999;-83.458694458007813;
2440673076.9242563;-84.176589965820313;
2440833333.3345127;-84.608474731445312;
2440993589.7447691;-85.161064147949219;
2441153846.1550255;-85.335067749023437;
2441314102.5652819;-85.461235046386719;
2441474358.9755383;-85.64886474609375;
2441634615.3857946;-85.675704956054688;
2441794871.796051;-85.739250183105469;
2441955128.2063074;-85.807205200195313;
2442115384.6165643;-85.81890869140625;
2442275641.0268207;-85.816963195800781;
2442435897.437077;-85.805259704589844;
2442596153.8473334;-85.7935791015625;
2442756410.2575898;-85.779975891113281;
2442916666.6678462;-85.731513977050781;
2443076923.0781026;-85.770263671875;
2443237179.488359;-85.710334777832031;
2443397435.8986154;-85.210258483886719;
2443557692.3088717;-85.382102966308594;
2443717948.7191281;-85.624000549316406;
2443878205.1293845;-85.635482788085937;
2444038461.5396409;-85.758552551269531;
2444198717.9498973;-85.81890869140625;
2444358974.3601537;-85.82281494140625;
2444519230.7704101;-85.828636169433594;
2444679487.1806664;-85.834510803222656;
2444839743.5909228;-85.816963195800781;
2445000000.0011792;-85.785789489746094;
2445160256.4114356;-85.809150695800781;
2445320512.8216925;-85.793571472167969;
2445480769.2319489;-85.778038024902344;
2445641025.6422052;-85.795524597167969;
2445801282.0524616;-85.718025207519531;
2445961538.462718;-85.747001647949219;
2446121794.8729744;-85.797462463378906;
2446282051.2832308;-85.777984619140625;
2446442307.6934872;-85.801353454589844;
2446602564.1037436;-85.832572937011719;
2446762820.5139999;-85.816963195800781;
2446923076.9242563;-85.81890869140625;
2447083333.3345127;-85.807205200195313;
2447243589.7447691;-85.772209167480469;
2447403846.1550255;-85.801368713378906;
2447564102.5652819;-85.81500244140625;
2447724358.9755383;-85.695762634277344;
2447884615.3857946;-85.7412109375;
2448044871.796051;-85.81304931640625;
2448205128.2063074;-85.801353454589844;
2448365384.6165643;-85.778022766113281;
2448525641.0268207;-85.766380310058594;
2448685897.437077;-85.795516967773438;
2448846153.8473334;-85.828659057617188;
2449006410.2575898;-85.824760437011719;
2449166666.6678462;-85.816963195800781;
2449326923.0781026;-85.8145751953125;
2449487179.488359;-85.82086181640625;
2449647435.8986154;-85.82672119140625;
2449807692.3088717;-85.815010070800781;
2449967948.7191281;-85.816963195800781;
2450128205.1293845;-85.815010070800781;
2450288461.5396409;-85.795463562011719;
2450448717.9498973;-85.727691650390625;
2450608974.3601537;-85.7547607421875;
2450769230.7704101;-85.815010070800781;
2450929487.1806664;-85.81890869140625;
2451089743.5909228;-85.800666809082031;
2451250000.0011792;-85.731513977050781;
2451410256.4114356;-85.768333435058594;
2451570512.8216925;-85.772209167480469;
2451730769.2319489;-85.781906127929688;
2451891025.6422052;-85.760566711425781;
2452051282.0524616;-85.766380310058594;
2452211538.462718;-85.737319946289063;
2452371794.8729744;-85.718017578125;
2452532051.2832308;-85.70648193359375;
2452692307.6934872;-85.704536437988281;
2452852564.1037436;-85.699195861816406;
2453012820.5139999;-85.743148803710937;
2453173076.9242563;-85.787704467773438;
2453333333.3345127;-85.702629089355469;
2453493589.7447691;-85.799369812011719;
2453653846.1550255;-85.677566528320312;
2453814102.5652819;-85.63739013671875;
2453974358.9755383;-85.725692749023437;
2454134615.3857946;-85.81109619140625;
2454294871.796051;-85.725746154785156;
2454455128.2063074;-85.803291320800781;
2454615384.6165643;-85.828651428222656;
2454775641.0268207;-85.769584655761719;
2454935897.437077;-85.838432312011719;
2455096153.8473334;-85.815010070800781;
2455256410.2575898;-85.809158325195313;
2455416666.6678462;-85.824760437011719;
2455576923.0781026;-85.838424682617187;
2455737179.488359;-85.824752807617188;
2455897435.8986154;-85.81695556640625;
2456057692.3088717;-85.824760437011719;
2456217948.7191281;-85.81500244140625;
2456378205.1293845;-85.82086181640625;
2456538461.5396409;-85.816963195800781;
2456698717.9498973;-85.826713562011719;
2456858974.3601537;-85.82476806640625;
2457019230.7704101;-85.83453369140625;
2457179487.1806664;-85.850181579589844;
2457339743.5909228;-85.820854187011719;
2457500000.0011792;-85.881538391113281;
2457660256.4114356;-85.897300720214844;
2457820512.8216925;-85.90911865234375;
2457980769.2319489;-85.889419555664063;
2458141025.6422052;-85.830619812011719;
2458301282.0524616;-85.828666687011719;
2458461538.462718;-85.82281494140625;
2458621794.8729744;-85.857986450195313;
2458782051.2832308;-85.907150268554688;
2458942307.6934872;-85.8658447265625;
2459102564.1037436;-85.85015869140625;
2459262820.5139999;-85.826713562011719;
2459423076.9242563;-85.848220825195313;
2459583333.3345127;-85.883506774902344;
2459743589.7447691;-85.852134704589844;
2459903846.1550255;-85.907150268554688;
2460064102.5652819;-85.879592895507813;
2460224358.9755383;-85.901237487792969;
2460384615.3857946;-85.911064147949219;
2460544871.796051;-85.895332336425781;
2460705128.2063074;-85.893363952636719;
2460865384.6165643;-85.915687561035156;
2461025641.0268207;-85.9150390625;
2461185897.437077;-85.907150268554688;
2461346153.8473334;-85.891395568847656;
2461506410.2575898;-85.852134704589844;
2461666666.6678462;-85.856048583984375;
2461826923.0781026;-85.901237487792969;
2461987179.488359;-85.9150390625;
2462147435.8986154;-85.907150268554688;
2462307692.3088717;-85.903205871582031;
2462467948.7191281;-85.917015075683594;
2462628205.1293845;-85.909126281738281;
2462788461.5396409;-85.907150268554688;
2462948717.9498973;-85.911094665527344;
2463108974.3601537;-85.883514404296875;
2463269230.7704101;-85.907150268554688;
2463429487.1806664;-85.917449951171875;
2463589743.5909228;-85.9031982421875;
2463750000.0011792;-85.913063049316406;
2463910256.4114356;-85.924911499023438;
2464070512.8216925;-85.9150390625;
2464230769.2319489;-85.9150390625;
2464391025.6422052;-85.90911865234375;
2464551282.0524616;-85.9150390625;
2464711538.462718;-85.891372680664063;
2464871794.8729744;-85.909126281738281;
2465032051.2832308;-85.89532470703125;
2465192307.6934872;-85.895317077636719;
2465352564.1037436;-85.913063049316406;
2465512820.5139999;-85.913063049316406;
2465673076.9242563;-85.913063049316406;
2465833333.3345127;-85.901237487792969;
2465993589.7447691;-85.864982604980469;
2466153846.1550255;-85.869773864746094;
2466314102.5652819;-85.911094665527344;
2466474358.9755383;-85.911094665527344;
2466634615.3857946;-85.918983459472656;
2466794871.796051;-85.920951843261719;
2466955128.2063074;-85.911094665527344;
2467115384.6165643;-85.913063049316406;
2467275641.0268207;-85.913063049316406;
2467435897.437077;-85.909126281738281;
2467596153.8473334;-85.913055419921875;
2467756410.2575898;-85.901237487792969;
2467916666.6678462;-85.895332336425781;
2468076923.0781026;-85.913063049316406;
2468237179.488359;-85.917007446289062;
2468397435.8986154;-85.913055419921875;
2468557692.3088717;-85.917007446289062;
2468717948.7191281;-85.911094665527344;
2468878205.1293845;-85.912193298339844;
2469038461.5396409;-85.90911865234375;
2469198717.9498973;-85.917015075683594;
2469358974.3601537;-85.903213500976563;
2469519230.7704101;-85.893363952636719;
2469679487.1806664;-85.913063049316406;
2469839743.5909228;-85.911094665527344;
2470000000.0011792;-85.897293090820313;
2470160256.4114356;-85.9031982421875;
2470320512.8216925;-85.907150268554688;
2470480769.2319489;-85.901222229003906;
2470641025.6422052;-85.901237487792969;
2470801282.0524616;-85.8658447265625;
2470961538.462718;-85.899269104003906;
2471121794.8729744;-85.899261474609375;
2471282051.2832308;-85.893348693847656;
2471442307.6934872;-85.9150390625;
2471602564.1037436;-85.909126281738281;
2471762820.5139999;-85.907150268554688;
2471923076.9242563;-85.905174255371094;
2472083333.3345127;-85.913063049316406;
2472243589.7447691;-85.913063049316406;
2472403846.1550255;-85.912193298339844;
2472564102.5652819;-85.911094665527344;
2472724358.9755383;-85.909126281738281;
2472884615.3857946;-85.885498046875;
2473044871.796051;-85.9150390625;
2473205128.2063074;-85.895332336425781;
2473365384.6165643;-85.887458801269531;
2473525641.0268207;-85.909126281738281;
2473685897.437077;-85.909126281738281;
2473846153.8473334;-85.922920227050781;
2474006410.2575898;-85.899261474609375;
2474166666.6678462;-85.9031982421875;
2474326923.0781026;-85.89532470703125;
2474487179.488359;-85.895332336425781;
2474647435.8986154;-85.895332336425781;
2474807692.3088717;-85.889434814453125;
2474967948.7191281;-85.87567138671875;
2475128205.1293845;-85.854103088378906;
2475288461.5396409;-85.830612182617188;
2475448717.9498973;-85.82281494140625;
2475608974.3601537;-85.826713562011719;
2475769230.7704101;-85.809150695800781;
2475929487.1806664;-85.813056945800781;
2476089743.5909228;-85.811103820800781;
2476250000.0011792;-85.813056945800781;
2476410256.4114356;-85.812843322753906;
2476570512.8216925;-85.81890869140625;
2476730769.2319489;-85.795501708984375;
2476891025.6422052;-85.764457702636719;
2477051282.0524616;-85.731536865234375;
2477211538.462718;-85.7392578125;
2477371794.8729744;-85.750869750976562;
2477532051.2832308;-85.714187622070313;
2477692307.6934872;-85.700706481933594;
2477852564.1037436;-85.712265014648437;
2478012820.5139999;-85.714187622070313;
2478173076.9242563;-85.702629089355469;
2478333333.3345127;-85.691085815429687;
2478493589.7447691;-85.716110229492188;
2478653846.1550255;-85.716117858886719;
2478814102.5652819;-85.714187622070313;
2478974358.9755383;-85.748916625976563;
2479134615.3857946;-85.824760437011719;
2479294871.796051;-85.813056945800781;
2479455128.2063074;-85.81500244140625;
2479615384.6165643;-85.82086181640625;
2479775641.0268207;-85.822807312011719;
2479935897.437077;-85.82281494140625;
2480096153.8473334;-85.832550048828125;
2480256410.2575898;-85.846267700195313;
2480416666.6678462;-85.826713562011719;
2480576923.0781026;-85.81890869140625;
2480737179.488359;-85.84234619140625;
2480897435.8986154;-85.859977722167969;
2481057692.3088717;-85.881561279296875;
2481217948.7191281;-85.907150268554688;
2481378205.1293845;-85.899269104003906;
2481538461.5396409;-85.913063049316406;
2481698717.9498973;-85.9150390625;
2481858974.3601537;-85.907150268554688;
2482019230.7704101;-85.906929016113281;
2482179487.1806664;-85.918983459472656;
2482339743.5909228;-85.927726745605469;
2482500000.0011792;-85.9139404296875;
2482660256.4114356;-85.909126281738281;
2482820512.8216925;-85.909126281738281;
2482980769.2319489;-85.895317077636719;
2483141025.6422052;-85.903205871582031;
2483301282.0524616;-85.913063049316406;
2483461538.462718;-85.917007446289062;
2483621794.8729744;-85.917015075683594;
2483782051.2832308;-85.909126281738281;
2483942307.6934872;-85.9150390625;
2484102564.1037436;-85.90911865234375;
2484262820.5139999;-85.92095947265625;
