Type;ESU;
Version;4.43;
Date;03.Jun 16;
Mode;ANALYZER;
Center Freq;2434262820.514000;Hz
Freq Offset;0.000000;Hz
Span;100000000.000000;Hz
x-Axis;LIN;
Start;2384262820.514000;Hz
Stop;2484262820.514000;Hz
Ref Level;-9.000000;dBm
Level Offset;0.000000;dB
Ref Position;100.000000;%
y-Axis;LOG;
Level Range;100.000000;dB
Rf Att;5.000000;dB
RBW;2000000.000000;Hz
VBW;30.000000;Hz
SWT;4.200000;s
Trace Mode;CLR/WRITE;
Detector;RMS;
Sweep Count;0;
Trace 1:;;
x-Unit;Hz;
y-Unit;dBm;
Values;625;
2384262820.5139999;-85.709053039550781;
2384423076.9242563;-85.708412170410156;
2384583333.3345127;-85.708412170410156;
2384743589.7447691;-85.70648193359375;
2384903846.1550255;-85.714187622070313;
2385064102.5652819;-85.712265014648437;
2385224358.9755383;-85.702621459960937;
2385384615.3857946;-85.696861267089844;
2385544871.796051;-85.70648193359375;
2385705128.2063074;-85.712265014648437;
2385865384.6165643;-85.708396911621094;
2386025641.0268207;-85.710334777832031;
2386185897.437077;-85.702621459960937;
2386346153.8473334;-85.727676391601563;
2386506410.2575898;-85.709480285644531;
2386666666.6678462;-85.716110229492188;
2386826923.0781026;-85.710334777832031;
2386987179.488359;-85.712265014648437;
2387147435.8986154;-85.693008422851562;
2387307692.3088717;-85.698783874511719;
2387467948.7191281;-85.693000793457031;
2387628205.1293845;-85.710334777832031;
2387788461.5396409;-85.706474304199219;
2387948717.9498973;-85.708412170410156;
2388108974.3601537;-85.706474304199219;
2388269230.7704101;-85.704551696777344;
2388429487.1806664;-85.716102600097656;
2388589743.5909228;-85.755836486816406;
2388750000.0011792;-85.708412170410156;
2388910256.4114356;-85.716110229492188;
2389070512.8216925;-85.698783874511719;
2389230769.2319489;-85.714187622070313;
2389391025.6422052;-85.700691223144531;
2389551282.0524616;-85.700698852539063;
2389711538.462718;-85.704559326171875;
2389871794.8729744;-85.698783874511719;
2390032051.2832308;-85.698783874511719;
2390192307.6934872;-85.687240600585938;
2390352564.1037436;-85.708412170410156;
2390512820.5139999;-85.704551696777344;
2390673076.9242563;-85.70648193359375;
2390833333.3345127;-85.70263671875;
2390993589.7447691;-85.714187622070313;
2391153846.1550255;-85.70648193359375;
2391314102.5652819;-85.714187622070313;
2391474358.9755383;-85.704559326171875;
2391634615.3857946;-85.702629089355469;
2391794871.796051;-85.704559326171875;
2391955128.2063074;-85.708412170410156;
2392115384.6165643;-85.70648193359375;
2392275641.0268207;-85.716110229492188;
2392435897.437077;-85.708412170410156;
2392596153.8473334;-85.662277221679688;
2392756410.2575898;-85.664215087890625;
2392916666.6678462;-85.691078186035156;
2393076923.0781026;-85.694931030273438;
2393237179.488359;-85.696853637695313;
2393397435.8986154;-85.698776245117188;
2393557692.3088717;-85.67864990234375;
2393717948.7191281;-85.637428283691406;
2393878205.1293845;-85.6297607421875;
2394038461.5396409;-85.683364868164062;
2394198717.9498973;-85.70263671875;
2394358974.3601537;-85.693000793457031;
2394519230.7704101;-85.662239074707031;
2394679487.1806664;-85.620246887207031;
2394839743.5909228;-85.633598327636719;
2395000000.0011792;-85.622146606445313;
2395160256.4114356;-85.643142700195313;
2395320512.8216925;-85.646957397460938;
2395480769.2319489;-85.62786865234375;
2395641025.6422052;-85.622154235839844;
2395801282.0524616;-85.616432189941406;
2395961538.462718;-85.631690979003906;
2396121794.8729744;-85.650772094726563;
2396282051.2832308;-85.706474304199219;
2396442307.6934872;-85.712905883789063;
2396602564.1037436;-85.673782348632813;
2396762820.5139999;-85.637413024902344;
2396923076.9242563;-85.618339538574219;
2397083333.3345127;-85.629783630371094;
2397243589.7447691;-85.620246887207031;
2397403846.1550255;-85.63360595703125;
2397564102.5652819;-85.658462524414062;
2397724358.9755383;-85.620246887207031;
2397884615.3857946;-85.618339538574219;
2398044871.796051;-85.622154235839844;
2398205128.2063074;-85.614524841308594;
2398365384.6165643;-85.631683349609375;
2398525641.0268207;-85.625968933105469;
2398685897.437077;-85.616432189941406;
2398846153.8473334;-85.624061584472656;
2399006410.2575898;-85.618339538574219;
2399166666.6678462;-85.618339538574219;
2399326923.0781026;-85.622146606445313;
2399487179.488359;-85.641250610351563;
2399647435.8986154;-85.610687255859375;
2399807692.3088717;-85.625946044921875;
2399967948.7191281;-85.622154235839844;
2400128205.1293845;-85.620246887207031;
2400288461.5396409;-85.624061584472656;
2400448717.9498973;-85.622146606445313;
2400608974.3601537;-85.622146606445313;
2400769230.7704101;-85.618339538574219;
2400929487.1806664;-85.610710144042969;
2401089743.5909228;-85.584083557128906;
2401250000.0011792;-85.616432189941406;
2401410256.4114356;-85.620231628417969;
2401570512.8216925;-85.645050048828125;
2401730769.2319489;-85.622154235839844;
2401891025.6422052;-85.620246887207031;
2402051282.0524616;-85.612625122070313;
2402211538.462718;-85.620246887207031;
2402371794.8729744;-85.616432189941406;
2402532051.2832308;-85.620246887207031;
2402692307.6934872;-85.625961303710938;
2402852564.1037436;-85.612617492675781;
2403012820.5139999;-85.614524841308594;
2403173076.9242563;-85.620246887207031;
2403333333.3345127;-85.622146606445313;
2403493589.7447691;-85.627655029296875;
2403653846.1550255;-85.616432189941406;
2403814102.5652819;-85.624053955078125;
2403974358.9755383;-85.622154235839844;
2404134615.3857946;-85.629776000976563;
2404294871.796051;-85.624061584472656;
2404455128.2063074;-85.633598327636719;
2404615384.6165643;-85.637413024902344;
2404775641.0268207;-85.631683349609375;
2404935897.437077;-85.625968933105469;
2405096153.8473334;-85.64697265625;
2405256410.2575898;-85.632736206054687;
2405416666.6678462;-85.614524841308594;
2405576923.0781026;-85.605003356933594;
2405737179.488359;-85.614524841308594;
2405897435.8986154;-85.625968933105469;
2406057692.3088717;-85.62786865234375;
2406217948.7191281;-85.633598327636719;
2406378205.1293845;-85.6202392578125;
2406538461.5396409;-85.629776000976563;
2406698717.9498973;-85.639335632324219;
2406858974.3601537;-85.631690979003906;
2407019230.7704101;-85.618339538574219;
2407179487.1806664;-85.661636352539062;
2407339743.5909228;-85.693000793457031;
2407500000.0011792;-85.679542541503906;
2407660256.4114356;-85.635505676269531;
2407820512.8216925;-85.622154235839844;
2407980769.2319489;-85.6527099609375;
2408141025.6422052;-85.624061584472656;
2408301282.0524616;-85.622154235839844;
2408461538.462718;-85.614524841308594;
2408621794.8729744;-85.624061584472656;
2408782051.2832308;-85.650802612304688;
2408942307.6934872;-85.669960021972656;
2409102564.1037436;-85.704559326171875;
2409262820.5139999;-85.682121276855469;
2409423076.9242563;-85.70648193359375;
2409583333.3345127;-85.677635192871094;
2409743589.7447691;-85.668045043945313;
2409903846.1550255;-85.658462524414062;
2410064102.5652819;-85.677627563476562;
2410224358.9755383;-85.664215087890625;
2410384615.3857946;-85.66229248046875;
2410544871.796051;-85.671890258789063;
2410705128.2063074;-85.689163208007813;
2410865384.6165643;-85.694931030273438;
2411025641.0268207;-85.687232971191406;
2411185897.437077;-85.708412170410156;
2411346153.8473334;-85.669944763183594;
2411506410.2575898;-85.651954650878906;
2411666666.6678462;-85.660377502441406;
2411826923.0781026;-85.671890258789063;
2411987179.488359;-85.673797607421875;
2412147435.8986154;-85.625968933105469;
2412307692.3088717;-85.629776000976563;
2412467948.7191281;-85.654632568359375;
2412628205.1293845;-85.658462524414062;
2412788461.5396409;-85.67376708984375;
2412948717.9498973;-85.712265014648437;
2413108974.3601537;-85.687240600585938;
2413269230.7704101;-85.694931030273438;
2413429487.1806664;-85.669960021972656;
2413589743.5909228;-85.6929931640625;
2413750000.0011792;-85.698768615722656;
2413910256.4114356;-85.666130065917969;
2414070512.8216925;-85.65655517578125;
2414230769.2319489;-85.681480407714844;
2414391025.6422052;-85.696853637695313;
2414551282.0524616;-85.718040466308594;
2414711538.462718;-85.702629089355469;
2414871794.8729744;-85.675712585449219;
2415032051.2832308;-85.704551696777344;
2415192307.6934872;-85.696846008300781;
2415352564.1037436;-85.70648193359375;
2415512820.5139999;-85.696853637695313;
2415673076.9242563;-85.718017578125;
2415833333.3345127;-85.700706481933594;
2415993589.7447691;-85.70648193359375;
2416153846.1550255;-85.710334777832031;
2416314102.5652819;-85.685325622558594;
2416474358.9755383;-85.668045043945313;
2416634615.3857946;-85.698776245117188;
2416794871.796051;-85.696846008300781;
2416955128.2063074;-85.714179992675781;
2417115384.6165643;-85.704551696777344;
2417275641.0268207;-85.700698852539063;
2417435897.437077;-85.725761413574219;
2417596153.8473334;-85.70263671875;
2417756410.2575898;-85.698783874511719;
2417916666.6678462;-85.687248229980469;
2418076923.0781026;-85.710334777832031;
2418237179.488359;-85.70648193359375;
2418397435.8986154;-85.64312744140625;
2418557692.3088717;-85.624053955078125;
2418717948.7191281;-85.625968933105469;
2418878205.1293845;-85.668037414550781;
2419038461.5396409;-85.704551696777344;
2419198717.9498973;-85.704551696777344;
2419358974.3601537;-85.710334777832031;
2419519230.7704101;-85.689170837402344;
2419679487.1806664;-85.689163208007813;
2419839743.5909228;-85.687232971191406;
2420000000.0011792;-85.708412170410156;
2420160256.4114356;-85.712265014648437;
2420320512.8216925;-85.704551696777344;
2420480769.2319489;-85.714187622070313;
2420641025.6422052;-85.67572021484375;
2420801282.0524616;-85.685317993164063;
2420961538.462718;-85.671875;
2421121794.8729744;-85.652717590332031;
2421282051.2832308;-85.664207458496094;
2421442307.6934872;-85.673797607421875;
2421602564.1037436;-85.698768615722656;
2421762820.5139999;-85.708412170410156;
2421923076.9242563;-85.714187622070313;
2422083333.3345127;-85.694931030273438;
2422243589.7447691;-85.70648193359375;
2422403846.1550255;-85.70263671875;
2422564102.5652819;-85.70648193359375;
2422724358.9755383;-85.677635192871094;
2422884615.3857946;-85.694923400878906;
2423044871.796051;-85.708412170410156;
2423205128.2063074;-85.698783874511719;
2423365384.6165643;-85.696853637695313;
2423525641.0268207;-85.685317993164063;
2423685897.437077;-85.704559326171875;
2423846153.8473334;-85.70263671875;
2424006410.2575898;-85.70648193359375;
2424166666.6678462;-85.702629089355469;
2424326923.0781026;-85.693008422851562;
2424487179.488359;-85.712905883789063;
2424647435.8986154;-85.704551696777344;
2424807692.3088717;-85.693000793457031;
2424967948.7191281;-85.691085815429687;
2425128205.1293845;-85.689170837402344;
2425288461.5396409;-85.681465148925781;
2425448717.9498973;-85.668014526367188;
2425608974.3601537;-85.708412170410156;
2425769230.7704101;-85.712257385253906;
2425929487.1806664;-85.712265014648437;
2426089743.5909228;-85.712265014648437;
2426250000.0011792;-85.714179992675781;
2426410256.4114356;-85.700691223144531;
2426570512.8216925;-85.700691223144531;
2426730769.2319489;-85.710334777832031;
2426891025.6422052;-85.702621459960937;
2427051282.0524616;-85.70648193359375;
2427211538.462718;-85.702629089355469;
2427371794.8729744;-85.700698852539063;
2427532051.2832308;-85.710334777832031;
2427692307.6934872;-85.708412170410156;
2427852564.1037436;-85.710334777832031;
2428012820.5139999;-85.691047668457031;
2428173076.9242563;-85.646965026855469;
2428333333.3345127;-85.627845764160156;
2428493589.7447691;-85.616409301757812;
2428653846.1550255;-85.572547912597656;
2428814102.5652819;-85.451690673828125;
2428974358.9755383;-85.341522216796875;
2429134615.3857946;-85.166084289550781;
2429294871.796051;-84.904891967773438;
2429455128.2063074;-84.508010864257813;
2429615384.6165643;-83.897369384765625;
2429775641.0268207;-82.699554443359375;
2429935897.437077;-81.685287475585937;
2430096153.8473334;-80.472282409667969;
2430256410.2575898;-78.70196533203125;
2430416666.6678462;-77.182785034179687;
2430576923.0781026;-75.711128234863281;
2430737179.488359;-73.907318115234375;
2430897435.8986154;-72.096015930175781;
2431057692.3088717;-70.677513122558594;
2431217948.7191281;-68.732063293457031;
2431378205.1293845;-67.161964416503906;
2431538461.5396409;-65.699272155761719;
2431698717.9498973;-63.963401794433594;
2431858974.3601537;-62.489585876464844;
2432019230.7704101;-61.113166809082031;
2432179487.1806664;-59.206020355224609;
2432339743.5909228;-57.723354339599609;
2432500000.0011792;-56.449478149414063;
2432660256.4114356;-54.825016021728516;
2432820512.8216925;-53.528217315673828;
2432980769.2319489;-52.248367309570313;
2433141025.6422052;-50.737873077392578;
2433301282.0524616;-49.680416107177734;
2433461538.462718;-48.644020080566406;
2433621794.8729744;-47.511142730712891;
2433782051.2832308;-46.707111358642578;
2433942307.6934872;-45.956089019775391;
2434102564.1037436;-45.224357604980469;
2434262820.5139999;-44.811866760253906;
2434423076.9242563;-44.449615478515625;
2434583333.3345127;-44.291854858398438;
2434743589.7447691;-44.273273468017578;
2434903846.1550255;-44.356010437011719;
2435064102.5652819;-44.8172607421875;
2435224358.9755383;-45.170383453369141;
2435384615.3857946;-45.60931396484375;
2435544871.796051;-46.601428985595703;
2435705128.2063074;-47.236499786376953;
2435865384.6165643;-48.078563690185547;
2436025641.0268207;-49.415271759033203;
2436185897.437077;-50.318386077880859;
2436346153.8473334;-51.421829223632813;
2436506410.2575898;-52.983650207519531;
2436666666.6678462;-53.967796325683594;
2436826923.0781026;-55.192092895507812;
2436987179.488359;-56.992778778076172;
2437147435.8986154;-58.007572174072266;
2437307692.3088717;-59.3043212890625;
2437467948.7191281;-60.923805236816406;
2437628205.1293845;-61.968658447265625;
2437788461.5396409;-63.375423431396484;
2437948717.9498973;-65.069709777832031;
2438108974.3601537;-66.110420227050781;
2438269230.7704101;-67.393447875976563;
2438429487.1806664;-69.055412292480469;
2438589743.5909228;-70.037651062011719;
2438750000.0011792;-71.335769653320313;
2438910256.4114356;-72.92120361328125;
2439070512.8216925;-73.887260437011719;
2439230769.2319489;-75.270622253417969;
2439391025.6422052;-76.873977661132812;
2439551282.0524616;-77.775070190429688;
2439711538.462718;-79.056709289550781;
2439871794.8729744;-80.581336975097656;
2440032051.2832308;-81.347366333007813;
2440192307.6934872;-82.453475952148438;
2440352564.1037436;-83.467063903808594;
2440512820.5139999;-83.961837768554688;
2440673076.9242563;-84.543777465820313;
2440833333.3345127;-85.044403076171875;
2440993589.7447691;-85.206817626953125;
2441153846.1550255;-85.42376708984375;
2441314102.5652819;-85.612579345703125;
2441474358.9755383;-85.645065307617188;
2441634615.3857946;-85.696830749511719;
2441794871.796051;-85.714187622070313;
2441955128.2063074;-85.719978332519531;
2442115384.6165643;-85.7989501953125;
2442275641.0268207;-85.82086181640625;
2442435897.437077;-85.81890869140625;
2442596153.8473334;-85.807212829589844;
2442756410.2575898;-85.82281494140625;
2442916666.6678462;-85.815010070800781;
2443076923.0781026;-85.809158325195313;
2443237179.488359;-85.811111450195313;
2443397435.8986154;-85.815010070800781;
2443557692.3088717;-85.81890869140625;
2443717948.7191281;-85.816963195800781;
2443878205.1293845;-85.82281494140625;
2444038461.5396409;-85.797477722167969;
2444198717.9498973;-85.766281127929688;
2444358974.3601537;-85.776039123535156;
2444519230.7704101;-85.809158325195313;
2444679487.1806664;-85.799407958984375;
2444839743.5909228;-85.807212829589844;
2445000000.0011792;-85.818893432617188;
2445160256.4114356;-85.81890869140625;
2445320512.8216925;-85.828659057617188;
2445480769.2319489;-85.809158325195313;
2445641025.6422052;-85.816963195800781;
2445801282.0524616;-85.822807312011719;
2445961538.462718;-85.83843994140625;
2446121794.8729744;-85.795524597167969;
2446282051.2832308;-85.818901062011719;
2446442307.6934872;-85.830612182617188;
2446602564.1037436;-85.777915954589844;
2446762820.5139999;-85.666023254394531;
2446923076.9242563;-85.772178649902344;
2447083333.3345127;-85.803291320800781;
2447243589.7447691;-85.82086181640625;
2447403846.1550255;-85.82476806640625;
2447564102.5652819;-85.815010070800781;
2447724358.9755383;-85.816963195800781;
2447884615.3857946;-85.82281494140625;
2448044871.796051;-85.815010070800781;
2448205128.2063074;-85.818038940429687;
2448365384.6165643;-85.81890869140625;
2448525641.0268207;-85.82672119140625;
2448685897.437077;-85.81890869140625;
2448846153.8473334;-85.816963195800781;
2449006410.2575898;-85.81890869140625;
2449166666.6678462;-85.82281494140625;
2449326923.0781026;-85.816963195800781;
2449487179.488359;-85.82086181640625;
2449647435.8986154;-85.828659057617188;
2449807692.3088717;-85.828445434570313;
2449967948.7191281;-85.81890869140625;
2450128205.1293845;-85.84234619140625;
2450288461.5396409;-85.813056945800781;
2450448717.9498973;-85.815010070800781;
2450608974.3601537;-85.820854187011719;
2450769230.7704101;-85.830619812011719;
2450929487.1806664;-85.834518432617188;
2451089743.5909228;-85.822807312011719;
2451250000.0011792;-85.815010070800781;
2451410256.4114356;-85.821502685546875;
2451570512.8216925;-85.658309936523438;
2451730769.2319489;-85.745025634765625;
2451891025.6422052;-85.811103820800781;
2452051282.0524616;-85.805259704589844;
2452211538.462718;-85.799423217773437;
2452371794.8729744;-85.828666687011719;
2452532051.2832308;-85.774131774902344;
2452692307.6934872;-85.828643798828125;
2452852564.1037436;-85.82281494140625;
2453012820.5139999;-85.811103820800781;
2453173076.9242563;-85.797264099121094;
2453333333.3345127;-61.982364654541016;
2453493589.7447691;-66.449981689453125;
2453653846.1550255;-64.477828979492187;
2453814102.5652819;-53.61273193359375;
2453974358.9755383;-60.473823547363281;
2454134615.3857946;-53.082115173339844;
2454294871.796051;-56.233829498291016;
2454455128.2063074;-65.394294738769531;
2454615384.6165643;-60.166790008544922;
2454775641.0268207;-69.252845764160156;
2454935897.437077;-78.038482666015625;
2455096153.8473334;-83.130348205566406;
2455256410.2575898;-85.093086242675781;
2455416666.6678462;-85.631393432617188;
2455576923.0781026;-85.789665222167969;
2455737179.488359;-85.83258056640625;
2455897435.8986154;-85.842353820800781;
2456057692.3088717;-85.83453369140625;
2456217948.7191281;-85.83453369140625;
2456378205.1293845;-85.840400695800781;
2456538461.5396409;-85.81890869140625;
2456698717.9498973;-85.82086181640625;
2456858974.3601537;-85.81890869140625;
2457019230.7704101;-85.844306945800781;
2457179487.1806664;-85.861503601074219;
2457339743.5909228;-85.844291687011719;
2457500000.0011792;-85.832572937011719;
2457660256.4114356;-85.877639770507813;
2457820512.8216925;-85.850181579589844;
2457980769.2319489;-85.9150390625;
2458141025.6422052;-85.909126281738281;
2458301282.0524616;-85.907150268554688;
2458461538.462718;-85.905181884765625;
2458621794.8729744;-85.907150268554688;
2458782051.2832308;-85.899269104003906;
2458942307.6934872;-85.909126281738281;
2459102564.1037436;-85.869781494140625;
2459262820.5139999;-85.873710632324219;
2459423076.9242563;-85.871963500976563;
2459583333.3345127;-85.871734619140625;
2459743589.7447691;-85.875679016113281;
2459903846.1550255;-85.897300720214844;
2460064102.5652819;-85.869781494140625;
2460224358.9755383;-85.869781494140625;
2460384615.3857946;-85.856056213378906;
2460544871.796051;-85.893356323242187;
2460705128.2063074;-85.907150268554688;
2460865384.6165643;-85.89532470703125;
2461025641.0268207;-85.883529663085937;
2461185897.437077;-85.905166625976563;
2461346153.8473334;-85.90911865234375;
2461506410.2575898;-85.866729736328125;
2461666666.6678462;-85.92291259765625;
2461826923.0781026;-85.909126281738281;
2461987179.488359;-85.9150390625;
2462147435.8986154;-85.948623657226563;
2462307692.3088717;-85.88348388671875;
2462467948.7191281;-85.852134704589844;
2462628205.1293845;-85.89532470703125;
2462788461.5396409;-85.917015075683594;
2462948717.9498973;-85.889427185058594;
2463108974.3601537;-85.909126281738281;
2463269230.7704101;-85.909126281738281;
2463429487.1806664;-85.903205871582031;
2463589743.5909228;-85.909126281738281;
2463750000.0011792;-85.887458801269531;
2463910256.4114356;-85.832572937011719;
2464070512.8216925;-85.856239318847656;
2464230769.2319489;-85.917007446289062;
2464391025.6422052;-85.9150390625;
2464551282.0524616;-85.905166625976563;
2464711538.462718;-85.911094665527344;
2464871794.8729744;-85.917015075683594;
2465032051.2832308;-85.9150390625;
2465192307.6934872;-85.909126281738281;
2465352564.1037436;-85.911094665527344;
2465512820.5139999;-85.911094665527344;
2465673076.9242563;-85.9150390625;
2465833333.3345127;-85.9268798828125;
2465993589.7447691;-85.911094665527344;
2466153846.1550255;-85.905181884765625;
2466314102.5652819;-85.877632141113281;
2466474358.9755383;-85.881546020507813;
2466634615.3857946;-85.909126281738281;
2466794871.796051;-85.908683776855469;
2466955128.2063074;-85.917015075683594;
2467115384.6165643;-85.903205871582031;
2467275641.0268207;-85.92095947265625;
2467435897.437077;-85.911094665527344;
2467596153.8473334;-85.911094665527344;
2467756410.2575898;-85.9150390625;
2467916666.6678462;-85.89532470703125;
2468076923.0781026;-85.913063049316406;
2468237179.488359;-85.909126281738281;
2468397435.8986154;-85.9150390625;
2468557692.3088717;-85.9150390625;
2468717948.7191281;-85.913063049316406;
2468878205.1293845;-85.9150390625;
2469038461.5396409;-85.930824279785156;
2469198717.9498973;-85.911094665527344;
2469358974.3601537;-85.926872253417969;
2469519230.7704101;-85.879600524902344;
2469679487.1806664;-85.884185791015625;
2469839743.5909228;-85.913055419921875;
2470000000.0011792;-85.917015075683594;
2470160256.4114356;-85.918983459472656;
2470320512.8216925;-85.913063049316406;
2470480769.2319489;-85.917007446289062;
2470641025.6422052;-85.928848266601562;
2470801282.0524616;-85.905181884765625;
2470961538.462718;-85.940719604492188;
2471121794.8729744;-85.913063049316406;
2471282051.2832308;-85.899269104003906;
2471442307.6934872;-85.907150268554688;
2471602564.1037436;-85.897300720214844;
2471762820.5139999;-85.913063049316406;
2471923076.9242563;-85.907150268554688;
2472083333.3345127;-85.913063049316406;
2472243589.7447691;-85.907150268554688;
2472403846.1550255;-85.9150390625;
2472564102.5652819;-85.909126281738281;
2472724358.9755383;-85.907150268554688;
2472884615.3857946;-85.907150268554688;
2473044871.796051;-85.909126281738281;
2473205128.2063074;-85.90911865234375;
2473365384.6165643;-85.901679992675781;
2473525641.0268207;-85.9031982421875;
2473685897.437077;-85.887458801269531;
2473846153.8473334;-85.89532470703125;
2474006410.2575898;-85.907150268554688;
2474166666.6678462;-85.9150390625;
2474326923.0781026;-85.909126281738281;
2474487179.488359;-85.905181884765625;
2474647435.8986154;-85.909126281738281;
2474807692.3088717;-85.895317077636719;
2474967948.7191281;-85.885490417480469;
2475128205.1293845;-85.875648498535156;
2475288461.5396409;-85.82281494140625;
2475448717.9498973;-85.83453369140625;
2475608974.3601537;-85.82086181640625;
2475769230.7704101;-85.824760437011719;
2475929487.1806664;-85.826705932617188;
2476089743.5909228;-85.820854187011719;
2476250000.0011792;-85.82086181640625;
2476410256.4114356;-85.805267333984375;
2476570512.8216925;-85.791633605957031;
2476730769.2319489;-85.779983520507813;
2476891025.6422052;-85.801361083984375;
2477051282.0524616;-85.762496948242188;
2477211538.462718;-85.698753356933594;
2477371794.8729744;-85.710334777832031;
2477532051.2832308;-85.712265014648437;
2477692307.6934872;-85.712265014648437;
2477852564.1037436;-85.711189270019531;
2478012820.5139999;-85.710334777832031;
2478173076.9242563;-85.714187622070313;
2478333333.3345127;-85.716117858886719;
2478493589.7447691;-85.714179992675781;
2478653846.1550255;-85.71417236328125;
2478814102.5652819;-85.74896240234375;
2478974358.9755383;-85.772193908691406;
2479134615.3857946;-85.815010070800781;
2479294871.796051;-85.816963195800781;
2479455128.2063074;-85.82281494140625;
2479615384.6165643;-85.82086181640625;
2479775641.0268207;-85.826705932617188;
2479935897.437077;-85.865859985351563;
2480096153.8473334;-85.863899230957031;
2480256410.2575898;-85.873710632324219;
2480416666.6678462;-85.873710632324219;
2480576923.0781026;-85.869781494140625;
2480737179.488359;-85.885498046875;
2480897435.8986154;-85.909126281738281;
2481057692.3088717;-85.913063049316406;
2481217948.7191281;-85.913063049316406;
2481378205.1293845;-85.907150268554688;
2481538461.5396409;-85.909126281738281;
2481698717.9498973;-85.918983459472656;
2481858974.3601537;-85.893348693847656;
2482019230.7704101;-85.909095764160156;
2482179487.1806664;-85.911094665527344;
2482339743.5909228;-85.907150268554688;
2482500000.0011792;-85.899269104003906;
2482660256.4114356;-85.911094665527344;
2482820512.8216925;-85.909126281738281;
2482980769.2319489;-85.911094665527344;
2483141025.6422052;-85.903205871582031;
2483301282.0524616;-85.913063049316406;
2483461538.462718;-85.913063049316406;
2483621794.8729744;-85.889427185058594;
2483782051.2832308;-85.901237487792969;
2483942307.6934872;-85.903205871582031;
2484102564.1037436;-85.907150268554688;
2484262820.5139999;-85.926223754882813;
