Type;ESU;
Version;4.43;
Date;03.Jun 16;
Mode;ANALYZER;
Center Freq;2434262820.514000;Hz
Freq Offset;0.000000;Hz
Span;100000000.000000;Hz
x-Axis;LIN;
Start;2384262820.514000;Hz
Stop;2484262820.514000;Hz
Ref Level;-9.000000;dBm
Level Offset;0.000000;dB
Ref Position;100.000000;%
y-Axis;LOG;
Level Range;100.000000;dB
Rf Att;5.000000;dB
RBW;2000000.000000;Hz
VBW;50.000000;Hz
SWT;2.500000;s
Trace Mode;CLR/WRITE;
Detector;RMS;
Sweep Count;0;
Trace 1:;;
x-Unit;Hz;
y-Unit;dBm;
Values;625;
2384262820.5139999;-85.697029113769531;
2384423076.9242563;-85.716102600097656;
2384583333.3345127;-85.683364868164062;
2384743589.7447691;-85.729568481445313;
2384903846.1550255;-85.698768615722656;
2385064102.5652819;-85.685279846191406;
2385224358.9755383;-85.71417236328125;
2385384615.3857946;-85.671867370605469;
2385544871.796051;-85.704826354980469;
2385705128.2063074;-85.677604675292969;
2385865384.6165643;-85.719764709472656;
2386025641.0268207;-85.678451538085938;
2386185897.437077;-85.707748413085938;
2386346153.8473334;-85.660911560058594;
2386506410.2575898;-85.724868774414063;
2386666666.6678462;-85.708396911621094;
2386826923.0781026;-85.709228515625;
2386987179.488359;-85.683799743652344;
2387147435.8986154;-85.712196350097656;
2387307692.3088717;-85.675697326660156;
2387467948.7191281;-85.6563720703125;
2387628205.1293845;-85.637397766113281;
2387788461.5396409;-85.664176940917969;
2387948717.9498973;-85.691047668457031;
2388108974.3601537;-85.687210083007813;
2388269230.7704101;-85.712234497070313;
2388429487.1806664;-85.627777099609375;
2388589743.5909228;-85.698753356933594;
2388750000.0011792;-85.635467529296875;
2388910256.4114356;-85.664115905761719;
2389070512.8216925;-85.620216369628906;
2389230769.2319489;-85.652565002441406;
2389391025.6422052;-85.639305114746094;
2389551282.0524616;-85.648727416992188;
2389711538.462718;-85.6412353515625;
2389871794.8729744;-85.614402770996094;
2390032051.2832308;-85.6929931640625;
2390192307.6934872;-85.597297668457031;
2390352564.1037436;-85.643150329589844;
2390512820.5139999;-85.578285217285156;
2390673076.9242563;-85.625740051269531;
2390833333.3345127;-85.564849853515625;
2390993589.7447691;-85.562469482421875;
2391153846.1550255;-85.497016906738281;
2391314102.5652819;-85.500045776367188;
2391474358.9755383;-85.555305480957031;
2391634615.3857946;-85.420127868652344;
2391794871.796051;-85.515602111816406;
2391955128.2063074;-85.343856811523438;
2392115384.6165643;-85.523040771484375;
2392275641.0268207;-85.26702880859375;
2392435897.437077;-85.493202209472656;
2392596153.8473334;-85.100479125976562;
2392756410.2575898;-85.418891906738281;
2392916666.6678462;-85.021659851074219;
2393076923.0781026;-85.228584289550781;
2393237179.488359;-85.009269714355469;
2393397435.8986154;-85.123336791992188;
2393557692.3088717;-85.045555114746094;
2393717948.7191281;-85.030288696289062;
2393878205.1293845;-85.082839965820313;
2394038461.5396409;-84.994659423828125;
2394198717.9498973;-85.225051879882813;
2394358974.3601537;-84.946235656738281;
2394519230.7704101;-85.275146484375;
2394679487.1806664;-84.915550231933594;
2394839743.5909228;-85.364250183105469;
2395000000.0011792;-84.949752807617188;
2395160256.4114356;-85.406829833984375;
2395320512.8216925;-85.067413330078125;
2395480769.2319489;-85.326995849609375;
2395641025.6422052;-85.326454162597656;
2395801282.0524616;-85.3544921875;
2395961538.462718;-85.442390441894531;
2396121794.8729744;-85.3709716796875;
2396282051.2832308;-85.483070373535156;
2396442307.6934872;-85.43743896484375;
2396602564.1037436;-85.547782897949219;
2396762820.5139999;-85.442497253417969;
2396923076.9242563;-85.604164123535156;
2397083333.3345127;-85.491294860839844;
2397243589.7447691;-85.58001708984375;
2397403846.1550255;-85.519432067871094;
2397564102.5652819;-85.595130920410156;
2397724358.9755383;-85.597328186035156;
2397884615.3857946;-85.559074401855469;
2398044871.796051;-85.58026123046875;
2398205128.2063074;-85.538375854492188;
2398365384.6165643;-85.608772277832031;
2398525641.0268207;-85.546066284179688;
2398685897.437077;-85.618331909179687;
2398846153.8473334;-85.529167175292969;
2399006410.2575898;-85.551788330078125;
2399166666.6678462;-85.540397644042969;
2399326923.0781026;-85.570640563964844;
2399487179.488359;-85.567001342773437;
2399647435.8986154;-85.6353759765625;
2399807692.3088717;-85.637374877929688;
2399967948.7191281;-85.581954956054688;
2400128205.1293845;-85.553741455078125;
2400288461.5396409;-85.580215454101563;
2400448717.9498973;-85.639328002929688;
2400608974.3601537;-85.599227905273438;
2400769230.7704101;-85.622146606445313;
2400929487.1806664;-85.542404174804687;
2401089743.5909228;-85.591636657714844;
2401250000.0011792;-85.604972839355469;
2401410256.4114356;-85.587844848632813;
2401570512.8216925;-85.589767456054688;
2401730769.2319489;-85.578292846679688;
2401891025.6422052;-85.599212646484375;
2402051282.0524616;-85.547889709472656;
2402211538.462718;-85.565078735351563;
2402371794.8729744;-85.563140869140625;
2402532051.2832308;-85.6011962890625;
2402692307.6934872;-85.532958984375;
2402852564.1037436;-85.574546813964844;
2403012820.5139999;-85.546180725097656;
2403173076.9242563;-85.555648803710938;
2403333333.3345127;-85.551849365234375;
2403493589.7447691;-85.612594604492187;
2403653846.1550255;-85.6240234375;
2403814102.5652819;-85.591659545898438;
2403974358.9755383;-85.641220092773438;
2404134615.3857946;-85.614479064941406;
2404294871.796051;-85.62786865234375;
2404455128.2063074;-85.593528747558594;
2404615384.6165643;-85.631690979003906;
2404775641.0268207;-85.576461791992188;
2404935897.437077;-85.67181396484375;
2405096153.8473334;-85.62786865234375;
2405256410.2575898;-85.610687255859375;
2405416666.6678462;-85.635452270507813;
2405576923.0781026;-85.633552551269531;
2405737179.488359;-85.622146606445313;
2405897435.8986154;-85.578269958496094;
2406057692.3088717;-85.610710144042969;
2406217948.7191281;-85.616416931152344;
2406378205.1293845;-85.622138977050781;
2406538461.5396409;-85.618301391601563;
2406698717.9498973;-85.6202392578125;
2406858974.3601537;-85.576408386230469;
2407019230.7704101;-85.614517211914062;
2407179487.1806664;-85.618316650390625;
2407339743.5909228;-85.582008361816406;
2407500000.0011792;-85.561210632324219;
2407660256.4114356;-85.618278503417969;
2407820512.8216925;-85.631683349609375;
2407980769.2319489;-85.574539184570312;
2408141025.6422052;-85.620223999023437;
2408301282.0524616;-85.606887817382812;
2408461538.462718;-85.645057678222656;
2408621794.8729744;-85.610595703125;
2408782051.2832308;-85.698776245117188;
2408942307.6934872;-85.620208740234375;
2409102564.1037436;-85.658432006835938;
2409262820.5139999;-85.624038696289062;
2409423076.9242563;-85.597312927246094;
2409583333.3345127;-85.641227722167969;
2409743589.7447691;-85.553581237792969;
2409903846.1550255;-85.59735107421875;
2410064102.5652819;-85.584022521972656;
2410224358.9755383;-85.646980285644531;
2410384615.3857946;-85.592041015625;
2410544871.796051;-85.619422912597656;
2410705128.2063074;-85.587860107421875;
2410865384.6165643;-85.620780944824219;
2411025641.0268207;-85.556404113769531;
2411185897.437077;-85.597305297851563;
2411346153.8473334;-85.60040283203125;
2411506410.2575898;-85.617401123046875;
2411666666.6678462;-85.593505859375;
2411826923.0781026;-85.606895446777344;
2411987179.488359;-85.603080749511719;
2412147435.8986154;-85.635513305664063;
2412307692.3088717;-85.603050231933594;
2412467948.7191281;-85.662261962890625;
2412628205.1293845;-85.610649108886719;
2412788461.5396409;-85.650794982910156;
2412948717.9498973;-85.636871337890625;
2413108974.3601537;-85.633598327636719;
2413269230.7704101;-85.629783630371094;
2413429487.1806664;-85.6202392578125;
2413589743.5909228;-85.6202392578125;
2413750000.0011792;-85.635482788085937;
2413910256.4114356;-85.675697326660156;
2414070512.8216925;-85.660354614257813;
2414230769.2319489;-85.641242980957031;
2414391025.6422052;-85.639312744140625;
2414551282.0524616;-85.687240600585938;
2414711538.462718;-85.671852111816406;
2414871794.8729744;-85.696830749511719;
2415032051.2832308;-85.643157958984375;
2415192307.6934872;-85.719940185546875;
2415352564.1037436;-85.704833984375;
2415512820.5139999;-85.694915771484375;
2415673076.9242563;-85.637420654296875;
2415833333.3345127;-85.650802612304688;
2415993589.7447691;-85.673797607421875;
2416153846.1550255;-85.683372497558594;
2416314102.5652819;-85.669921875;
2416474358.9755383;-85.694915771484375;
2416634615.3857946;-85.681480407714844;
2416794871.796051;-85.694931030273438;
2416955128.2063074;-85.702629089355469;
2417115384.6165643;-85.650764465332031;
2417275641.0268207;-85.712265014648437;
2417435897.437077;-85.646980285644531;
2417596153.8473334;-85.652717590332031;
2417756410.2575898;-85.63031005859375;
2417916666.6678462;-85.658462524414062;
2418076923.0781026;-85.625961303710938;
2418237179.488359;-85.666130065917969;
2418397435.8986154;-85.612617492675781;
2418557692.3088717;-85.610702514648437;
2418717948.7191281;-85.656539916992188;
2418878205.1293845;-85.668045043945313;
2419038461.5396409;-85.648880004882813;
2419198717.9498973;-85.627838134765625;
2419358974.3601537;-85.671882629394531;
2419519230.7704101;-85.646942138671875;
2419679487.1806664;-85.637382507324219;
2419839743.5909228;-85.541313171386719;
2420000000.0011792;-85.620246887207031;
2420160256.4114356;-85.616409301757812;
2420320512.8216925;-85.660362243652344;
2420480769.2319489;-85.641197204589844;
2420641025.6422052;-85.645027160644531;
2420801282.0524616;-85.658462524414062;
2420961538.462718;-85.618331909179687;
2421121794.8729744;-85.660362243652344;
2421282051.2832308;-85.646942138671875;
2421442307.6934872;-85.622154235839844;
2421602564.1037436;-85.557487487792969;
2421762820.5139999;-85.597328186035156;
2421923076.9242563;-85.616432189941406;
2422083333.3345127;-85.619430541992188;
2422243589.7447691;-85.589744567871094;
2422403846.1550255;-85.671875;
2422564102.5652819;-85.671867370605469;
2422724358.9755383;-85.683387756347656;
2422884615.3857946;-85.64886474609375;
2423044871.796051;-85.662239074707031;
2423205128.2063074;-85.618316650390625;
2423365384.6165643;-85.625961303710938;
2423525641.0268207;-85.62786865234375;
2423685897.437077;-85.6278076171875;
2423846153.8473334;-85.634681701660156;
2424006410.2575898;-85.570693969726563;
2424166666.6678462;-85.625839233398438;
2424326923.0781026;-85.629676818847656;
2424487179.488359;-85.612617492675781;
2424647435.8986154;-85.593544006347656;
2424807692.3088717;-85.662300109863281;
2424967948.7191281;-85.584037780761719;
2425128205.1293845;-85.618309020996094;
2425288461.5396409;-85.527297973632813;
2425448717.9498973;-85.563133239746094;
2425608974.3601537;-85.589767456054688;
2425769230.7704101;-85.56695556640625;
2425929487.1806664;-85.525405883789063;
2426089743.5909228;-85.502479553222656;
2426250000.0011792;-85.536735534667969;
2426410256.4114356;-85.404289245605469;
2426570512.8216925;-85.483840942382812;
2426730769.2319489;-85.243118286132813;
2426891025.6422052;-85.392448425292969;
2427051282.0524616;-84.560897827148438;
2427211538.462718;-85.03692626953125;
2427371794.8729744;-83.628974914550781;
2427532051.2832308;-83.970268249511719;
2427692307.6934872;-82.500762939453125;
2427852564.1037436;-81.452285766601562;
2428012820.5139999;-81.211891174316406;
2428173076.9242563;-79.199317932128906;
2428333333.3345127;-79.984016418457031;
2428493589.7447691;-75.023567199707031;
2428653846.1550255;-76.217201232910156;
2428814102.5652819;-71.302177429199219;
2428974358.9755383;-72.973976135253906;
2429134615.3857946;-67.553871154785156;
2429294871.796051;-67.899986267089844;
2429455128.2063074;-63.555900573730469;
2429615384.6165643;-61.958534240722656;
2429775641.0268207;-60.808258056640625;
2429935897.437077;-58.357666015625;
2430096153.8473334;-57.034152984619141;
2430256410.2575898;-54.196266174316406;
2430416666.6678462;-54.107826232910156;
2430576923.0781026;-50.884849548339844;
2430737179.488359;-51.513553619384766;
2430897435.8986154;-46.970245361328125;
2431057692.3088717;-47.496280670166016;
2431217948.7191281;-44.315704345703125;
2431378205.1293845;-44.727340698242187;
2431538461.5396409;-41.596683502197266;
2431698717.9498973;-40.367588043212891;
2431858974.3601537;-38.941051483154297;
2432019230.7704101;-37.511890411376953;
2432179487.1806664;-36.702312469482422;
2432339743.5909228;-34.864116668701172;
2432500000.0011792;-33.732631683349609;
2432660256.4114356;-32.107830047607422;
2432820512.8216925;-31.543560028076172;
2432980769.2319489;-30.111923217773438;
2433141025.6422052;-29.317543029785156;
2433301282.0524616;-27.79039192199707;
2433461538.462718;-27.090734481811523;
2433621794.8729744;-26.334390640258789;
2433782051.2832308;-25.759151458740234;
2433942307.6934872;-25.095975875854492;
2434102564.1037436;-24.640739440917969;
2434262820.5139999;-24.370710372924805;
2434423076.9242563;-24.434438705444336;
2434583333.3345127;-24.211935043334961;
2434743589.7447691;-24.955625534057617;
2434903846.1550255;-25.518434524536133;
2435064102.5652819;-26.081886291503906;
2435224358.9755383;-26.68018913269043;
2435384615.3857946;-27.44780158996582;
2435544871.796051;-27.993375778198242;
2435705128.2063074;-29.324697494506836;
2435865384.6165643;-30.542535781860352;
2436025641.0268207;-31.731161117553711;
2436185897.437077;-32.506656646728516;
2436346153.8473334;-33.90130615234375;
2436506410.2575898;-35.004280090332031;
2436666666.6678462;-37.146896362304688;
2436826923.0781026;-37.806949615478516;
2436987179.488359;-39.326290130615234;
2437147435.8986154;-40.178722381591797;
2437307692.3088717;-41.934478759765625;
2437467948.7191281;-43.770725250244141;
2437628205.1293845;-44.622566223144531;
2437788461.5396409;-46.08941650390625;
2437948717.9498973;-46.882930755615234;
2438108974.3601537;-48.716793060302734;
2438269230.7704101;-50.159107208251953;
2438429487.1806664;-51.517230987548828;
2438589743.5909228;-52.375522613525391;
2438750000.0011792;-53.904277801513672;
2438910256.4114356;-55.053150177001953;
2439070512.8216925;-57.285346984863281;
2439230769.2319489;-58.211231231689453;
2439391025.6422052;-59.598114013671875;
2439551282.0524616;-60.687644958496094;
2439711538.462718;-62.383029937744141;
2439871794.8729744;-64.670944213867188;
2440032051.2832308;-65.770347595214844;
2440192307.6934872;-67.557861328125;
2440352564.1037436;-68.676101684570312;
2440512820.5139999;-71.112968444824219;
2440673076.9242563;-73.400344848632812;
2440833333.3345127;-75.298690795898438;
2440993589.7447691;-76.499885559082031;
2441153846.1550255;-78.188255310058594;
2441314102.5652819;-79.997650146484375;
2441474358.9755383;-82.09881591796875;
2441634615.3857946;-83.054954528808594;
2441794871.796051;-83.774696350097656;
2441955128.2063074;-84.242279052734375;
2442115384.6165643;-84.80023193359375;
2442275641.0268207;-85.185028076171875;
2442435897.437077;-85.353279113769531;
2442596153.8473334;-85.386917114257813;
2442756410.2575898;-85.467071533203125;
2442916666.6678462;-85.546157836914063;
2443076923.0781026;-85.603019714355469;
2443237179.488359;-85.544227600097656;
2443397435.8986154;-85.549629211425781;
2443557692.3088717;-85.429641723632813;
2443717948.7191281;-85.576301574707031;
2443878205.1293845;-85.450286865234375;
2444038461.5396409;-85.553733825683594;
2444198717.9498973;-85.650794982910156;
2444358974.3601537;-85.679542541503906;
2444519230.7704101;-85.716110229492188;
2444679487.1806664;-85.702613830566406;
2444839743.5909228;-85.693008422851562;
2445000000.0011792;-85.69683837890625;
2445160256.4114356;-85.719970703125;
2445320512.8216925;-85.704536437988281;
2445480769.2319489;-85.731529235839844;
2445641025.6422052;-85.729621887207031;
2445801282.0524616;-85.745086669921875;
2445961538.462718;-85.733482360839844;
2446121794.8729744;-85.706474304199219;
2446282051.2832308;-85.719978332519531;
2446442307.6934872;-85.731254577636719;
2446602564.1037436;-85.671836853027344;
2446762820.5139999;-85.733474731445313;
2446923076.9242563;-85.719970703125;
2447083333.3345127;-85.719970703125;
2447243589.7447691;-85.770263671875;
2447403846.1550255;-85.735389709472656;
2447564102.5652819;-85.716117858886719;
2447724358.9755383;-85.704551696777344;
2447884615.3857946;-85.719963073730469;
2448044871.796051;-85.760528564453125;
2448205128.2063074;-85.816947937011719;
2448365384.6165643;-85.813034057617188;
2448525641.0268207;-85.820838928222656;
2448685897.437077;-85.816963195800781;
2448846153.8473334;-85.815010070800781;
2449006410.2575898;-85.81890869140625;
2449166666.6678462;-85.7935791015625;
2449326923.0781026;-85.805908203125;
2449487179.488359;-85.791641235351563;
2449647435.8986154;-85.783836364746094;
2449807692.3088717;-85.754745483398438;
2449967948.7191281;-85.805259704589844;
2450128205.1293845;-85.822807312011719;
2450288461.5396409;-85.78375244140625;
2450448717.9498973;-85.764411926269531;
2450608974.3601537;-85.768295288085938;
2450769230.7704101;-85.795524597167969;
2450929487.1806664;-85.766372680664063;
2451089743.5909228;-85.760528564453125;
2451250000.0011792;-85.816932678222656;
2451410256.4114356;-85.828620910644531;
2451570512.8216925;-85.760566711425781;
2451730769.2319489;-85.801361083984375;
2451891025.6422052;-85.789688110351562;
2452051282.0524616;-85.754722595214844;
2452211538.462718;-85.748947143554688;
2452371794.8729744;-85.762481689453125;
2452532051.2832308;-85.814987182617188;
2452692307.6934872;-85.789688110351562;
2452852564.1037436;-85.807205200195313;
2453012820.5139999;-85.754737854003906;
2453173076.9242563;-85.820854187011719;
2453333333.3345127;-85.814987182617188;
2453493589.7447691;-85.824745178222656;
2453653846.1550255;-85.762489318847656;
2453814102.5652819;-85.812995910644531;
2453974358.9755383;-85.760536193847656;
2454134615.3857946;-85.773788452148438;
2454294871.796051;-85.764350891113281;
2454455128.2063074;-85.781761169433594;
2454615384.6165643;-85.795494079589844;
2454775641.0268207;-85.752723693847656;
2454935897.437077;-85.781898498535156;
2455096153.8473334;-85.774093627929688;
2455256410.2575898;-85.822799682617188;
2455416666.6678462;-85.718032836914063;
2455576923.0781026;-85.779884338378906;
2455737179.488359;-85.779891967773438;
2455897435.8986154;-85.812973022460938;
2456057692.3088717;-85.799392700195313;
2456217948.7191281;-85.767753601074219;
2456378205.1293845;-85.718040466308594;
2456538461.5396409;-85.743743896484375;
2456698717.9498973;-85.813323974609375;
2456858974.3601537;-85.741905212402344;
2457019230.7704101;-85.82476806640625;
2457179487.1806664;-85.731521606445312;
2457339743.5909228;-85.748939514160156;
2457500000.0011792;-85.739212036132813;
2457660256.4114356;-85.799392700195313;
2457820512.8216925;-85.731536865234375;
2457980769.2319489;-85.799331665039063;
2458141025.6422052;-85.745048522949219;
2458301282.0524616;-85.785652160644531;
2458461538.462718;-85.781845092773438;
2458621794.8729744;-85.77777099609375;
2458782051.2832308;-85.787727355957031;
2458942307.6934872;-85.733367919921875;
2459102564.1037436;-85.818893432617188;
2459262820.5139999;-85.779853820800781;
2459423076.9242563;-85.838417053222656;
2459583333.3345127;-85.7489013671875;
2459743589.7447691;-85.838325500488281;
2459903846.1550255;-85.803260803222656;
2460064102.5652819;-85.832275390625;
2460224358.9755383;-85.758544921875;
2460384615.3857946;-85.764068603515625;
2460544871.796051;-85.797370910644531;
2460705128.2063074;-85.779830932617188;
2460865384.6165643;-85.828659057617188;
2461025641.0268207;-85.810997009277344;
2461185897.437077;-85.905158996582031;
2461346153.8473334;-85.799354553222656;
2461506410.2575898;-85.834518432617188;
2461666666.6678462;-85.748886108398438;
2461826923.0781026;-85.816825866699219;
2461987179.488359;-85.781761169433594;
2462147435.8986154;-85.775611877441406;
2462307692.3088717;-85.830520629882813;
2462467948.7191281;-85.789382934570313;
2462628205.1293845;-85.838417053222656;
2462788461.5396409;-85.785591125488281;
2462948717.9498973;-85.903213500976563;
2463108974.3601537;-85.779876708984375;
2463269230.7704101;-85.834381103515625;
2463429487.1806664;-85.721717834472656;
2463589743.5909228;-85.804946899414062;
2463750000.0011792;-85.781806945800781;
2463910256.4114356;-85.77972412109375;
2464070512.8216925;-85.813056945800781;
2464230769.2319489;-85.756500244140625;
2464391025.6422052;-85.814994812011719;
2464551282.0524616;-85.723686218261719;
2464711538.462718;-85.857978820800781;
2464871794.8729744;-85.735282897949219;
2465032051.2832308;-85.82635498046875;
2465192307.6934872;-85.77392578125;
2465352564.1037436;-85.767868041992188;
2465512820.5139999;-85.814888000488281;
2465673076.9242563;-85.74432373046875;
2465833333.3345127;-85.814964294433594;
2465993589.7447691;-85.736984252929688;
2466153846.1550255;-85.814949035644531;
2466314102.5652819;-85.727325439453125;
2466474358.9755383;-85.842315673828125;
2466634615.3857946;-85.669692993164063;
2466794871.796051;-85.844146728515625;
2466955128.2063074;-85.7294921875;
2467115384.6165643;-85.820228576660156;
2467275641.0268207;-85.71978759765625;
2467435897.437077;-85.789146423339844;
2467596153.8473334;-85.789474487304688;
2467756410.2575898;-85.7598876953125;
2467916666.6678462;-85.787605285644531;
2468076923.0781026;-85.715507507324219;
2468237179.488359;-85.776039123535156;
2468397435.8986154;-85.665824890136719;
2468557692.3088717;-85.82464599609375;
2468717948.7191281;-85.661727905273437;
2468878205.1293845;-85.75189208984375;
2469038461.5396409;-85.69091796875;
2469198717.9498973;-85.634513854980469;
2469358974.3601537;-85.71783447265625;
2469519230.7704101;-85.612991333007812;
2469679487.1806664;-85.783561706542969;
2469839743.5909228;-85.556045532226562;
2470000000.0011792;-85.722335815429688;
2470160256.4114356;-85.45098876953125;
2470320512.8216925;-85.790885925292969;
2470480769.2319489;-85.304039001464844;
2470641025.6422052;-85.639968872070312;
2470801282.0524616;-85.172279357910156;
2470961538.462718;-85.414306640625;
2471121794.8729744;-85.108177185058594;
2471282051.2832308;-85.200523376464844;
2471442307.6934872;-85.223220825195313;
2471602564.1037436;-84.931892395019531;
2471762820.5139999;-85.279090881347656;
2471923076.9242563;-84.67645263671875;
2472083333.3345127;-85.315826416015625;
2472243589.7447691;-84.59844970703125;
2472403846.1550255;-85.393020629882813;
2472564102.5652819;-84.449821472167969;
2472724358.9755383;-85.296127319335938;
2472884615.3857946;-84.544876098632812;
2473044871.796051;-85.070465087890625;
2473205128.2063074;-84.872344970703125;
2473365384.6165643;-84.991645812988281;
2473525641.0268207;-85.153892517089844;
2473685897.437077;-84.988265991210938;
2473846153.8473334;-85.394279479980469;
2474006410.2575898;-85.026161193847656;
2474166666.6678462;-85.546905517578125;
2474326923.0781026;-85.226417541503906;
2474487179.488359;-85.621841430664062;
2474647435.8986154;-85.349822998046875;
2474807692.3088717;-85.590911865234375;
2474967948.7191281;-85.443161010742188;
2475128205.1293845;-85.559181213378906;
2475288461.5396409;-85.536087036132813;
2475448717.9498973;-85.586097717285156;
2475608974.3601537;-85.650337219238281;
2475769230.7704101;-85.586402893066406;
2475929487.1806664;-85.692863464355469;
2476089743.5909228;-85.573883056640625;
2476250000.0011792;-85.762481689453125;
2476410256.4114356;-85.572303771972656;
2476570512.8216925;-85.723640441894531;
2476730769.2319489;-85.562957763671875;
2476891025.6422052;-85.660820007324219;
2477051282.0524616;-85.583480834960938;
2477211538.462718;-85.66046142578125;
2477371794.8729744;-85.642951965332031;
2477532051.2832308;-85.656265258789063;
2477692307.6934872;-85.714126586914063;
2477852564.1037436;-85.6580810546875;
2478012820.5139999;-85.687149047851563;
2478173076.9242563;-85.694770812988281;
2478333333.3345127;-85.754707336425781;
2478493589.7447691;-85.694801330566406;
2478653846.1550255;-85.764450073242188;
2478814102.5652819;-85.698677062988281;
2478974358.9755383;-85.746925354003906;
2479134615.3857946;-85.702613830566406;
2479294871.796051;-85.735313415527344;
2479455128.2063074;-85.774070739746094;
2479615384.6165643;-85.774024963378906;
2479775641.0268207;-85.770271301269531;
2479935897.437077;-85.760498046875;
2480096153.8473334;-85.83843994140625;
2480256410.2575898;-85.766372680664063;
2480416666.6678462;-85.791549682617188;
2480576923.0781026;-85.79351806640625;
2480737179.488359;-85.871673583984375;
2480897435.8986154;-85.822807312011719;
2481057692.3088717;-85.832511901855469;
2481217948.7191281;-85.828666687011719;
2481378205.1293845;-85.818855285644531;
2481538461.5396409;-85.857986450195313;
2481698717.9498973;-85.860237121582031;
2481858974.3601537;-85.873687744140625;
2482019230.7704101;-85.848159790039063;
2482179487.1806664;-85.859977722167969;
2482339743.5909228;-85.863853454589844;
2482500000.0011792;-85.918975830078125;
2482660256.4114356;-85.893310546875;
2482820512.8216925;-85.903175354003906;
2482980769.2319489;-85.858001708984375;
2483141025.6422052;-85.836479187011719;
2483301282.0524616;-85.89727783203125;
2483461538.462718;-85.850128173828125;
2483621794.8729744;-85.859947204589844;
2483782051.2832308;-85.861900329589844;
2483942307.6934872;-85.873687744140625;
2484102564.1037436;-85.87762451171875;
2484262820.5139999;-85.90911865234375;
