Type;ESU;
Version;4.43;
Date;03.Jun 16;
Mode;ANALYZER;
Center Freq;2434262820.514000;Hz
Freq Offset;0.000000;Hz
Span;100000000.000000;Hz
x-Axis;LIN;
Start;2384262820.514000;Hz
Stop;2484262820.514000;Hz
Ref Level;-9.000000;dBm
Level Offset;0.000000;dB
Ref Position;100.000000;%
y-Axis;LOG;
Level Range;100.000000;dB
Rf Att;5.000000;dB
RBW;2000000.000000;Hz
VBW;30.000000;Hz
SWT;4.200000;s
Trace Mode;CLR/WRITE;
Detector;RMS;
Sweep Count;0;
Trace 1:;;
x-Unit;Hz;
y-Unit;dBm;
Values;625;
2384262820.5139999;-85.711616516113281;
2384423076.9242563;-85.710334777832031;
2384583333.3345127;-85.700706481933594;
2384743589.7447691;-85.716117858886719;
2384903846.1550255;-85.716117858886719;
2385064102.5652819;-85.712242126464844;
2385224358.9755383;-85.712265014648437;
2385384615.3857946;-85.706474304199219;
2385544871.796051;-85.714187622070313;
2385705128.2063074;-85.716117858886719;
2385865384.6165643;-85.700920104980469;
2386025641.0268207;-85.687248229980469;
2386185897.437077;-85.704551696777344;
2386346153.8473334;-85.708412170410156;
2386506410.2575898;-85.708412170410156;
2386666666.6678462;-85.708412170410156;
2386826923.0781026;-85.708412170410156;
2386987179.488359;-85.712265014648437;
2387147435.8986154;-85.714187622070313;
2387307692.3088717;-85.708412170410156;
2387467948.7191281;-85.708412170410156;
2387628205.1293845;-85.708412170410156;
2387788461.5396409;-85.689170837402344;
2387948717.9498973;-85.707763671875;
2388108974.3601537;-85.708404541015625;
2388269230.7704101;-85.716117858886719;
2388429487.1806664;-85.702629089355469;
2388589743.5909228;-85.710334777832031;
2388750000.0011792;-85.714187622070313;
2388910256.4114356;-85.704559326171875;
2389070512.8216925;-85.712265014648437;
2389230769.2319489;-85.704559326171875;
2389391025.6422052;-85.710334777832031;
2389551282.0524616;-85.716110229492188;
2389711538.462718;-85.700698852539063;
2389871794.8729744;-85.702629089355469;
2390032051.2832308;-85.704559326171875;
2390192307.6934872;-85.718040466308594;
2390352564.1037436;-85.714187622070313;
2390512820.5139999;-85.710334777832031;
2390673076.9242563;-85.698776245117188;
2390833333.3345127;-85.689155578613281;
2390993589.7447691;-85.698783874511719;
2391153846.1550255;-85.70648193359375;
2391314102.5652819;-85.710334777832031;
2391474358.9755383;-85.689170837402344;
2391634615.3857946;-85.685310363769531;
2391794871.796051;-85.70263671875;
2391955128.2063074;-85.710334777832031;
2392115384.6165643;-85.702629089355469;
2392275641.0268207;-85.704551696777344;
2392435897.437077;-85.702629089355469;
2392596153.8473334;-85.681472778320312;
2392756410.2575898;-85.687248229980469;
2392916666.6678462;-85.668472290039062;
2393076923.0781026;-85.631690979003906;
2393237179.488359;-85.64697265625;
2393397435.8986154;-85.595466613769531;
2393557692.3088717;-85.639328002929688;
2393717948.7191281;-85.681472778320312;
2393878205.1293845;-85.641242980957031;
2394038461.5396409;-85.646980285644531;
2394198717.9498973;-85.637413024902344;
2394358974.3601537;-85.668045043945313;
2394519230.7704101;-85.677635192871094;
2394679487.1806664;-85.62786865234375;
2394839743.5909228;-85.612625122070313;
2395000000.0011792;-85.624061584472656;
2395160256.4114356;-85.641242980957031;
2395320512.8216925;-85.614524841308594;
2395480769.2319489;-85.625968933105469;
2395641025.6422052;-85.622154235839844;
2395801282.0524616;-85.62786865234375;
2395961538.462718;-85.624061584472656;
2396121794.8729744;-85.6202392578125;
2396282051.2832308;-85.631690979003906;
2396442307.6934872;-85.622146606445313;
2396602564.1037436;-85.6412353515625;
2396762820.5139999;-85.631690979003906;
2396923076.9242563;-85.63360595703125;
2397083333.3345127;-85.614501953125;
2397243589.7447691;-85.637413024902344;
2397403846.1550255;-85.625961303710938;
2397564102.5652819;-85.645072937011719;
2397724358.9755383;-85.624053955078125;
2397884615.3857946;-85.595489501953125;
2398044871.796051;-85.629783630371094;
2398205128.2063074;-85.625968933105469;
2398365384.6165643;-85.624053955078125;
2398525641.0268207;-85.618339538574219;
2398685897.437077;-85.624267578125;
2398846153.8473334;-85.637397766113281;
2399006410.2575898;-85.633590698242188;
2399166666.6678462;-85.616432189941406;
2399326923.0781026;-85.618339538574219;
2399487179.488359;-85.622154235839844;
2399647435.8986154;-85.654640197753906;
2399807692.3088717;-85.622146606445313;
2399967948.7191281;-85.612625122070313;
2400128205.1293845;-85.624053955078125;
2400288461.5396409;-85.622154235839844;
2400448717.9498973;-85.620246887207031;
2400608974.3601537;-85.622146606445313;
2400769230.7704101;-85.625961303710938;
2400929487.1806664;-85.608802795410156;
2401089743.5909228;-85.6202392578125;
2401250000.0011792;-85.620246887207031;
2401410256.4114356;-85.616432189941406;
2401570512.8216925;-85.614524841308594;
2401730769.2319489;-85.620246887207031;
2401891025.6422052;-85.629776000976563;
2402051282.0524616;-85.614524841308594;
2402211538.462718;-85.625961303710938;
2402371794.8729744;-85.618339538574219;
2402532051.2832308;-85.61749267578125;
2402692307.6934872;-85.620246887207031;
2402852564.1037436;-85.620246887207031;
2403012820.5139999;-85.631690979003906;
2403173076.9242563;-85.6011962890625;
2403333333.3345127;-85.612617492675781;
2403493589.7447691;-85.625961303710938;
2403653846.1550255;-85.622154235839844;
2403814102.5652819;-85.624053955078125;
2403974358.9755383;-85.624061584472656;
2404134615.3857946;-85.618339538574219;
2404294871.796051;-85.616432189941406;
2404455128.2063074;-85.658454895019531;
2404615384.6165643;-85.625961303710938;
2404775641.0268207;-85.614105224609375;
2404935897.437077;-85.622154235839844;
2405096153.8473334;-85.616432189941406;
2405256410.2575898;-85.643142700195313;
2405416666.6678462;-85.668052673339844;
2405576923.0781026;-85.669937133789063;
2405737179.488359;-85.629783630371094;
2405897435.8986154;-85.625961303710938;
2406057692.3088717;-85.622154235839844;
2406217948.7191281;-85.614524841308594;
2406378205.1293845;-85.629776000976563;
2406538461.5396409;-85.659957885742188;
2406698717.9498973;-85.650794982910156;
2406858974.3601537;-85.624053955078125;
2407019230.7704101;-85.614517211914062;
2407179487.1806664;-85.635505676269531;
2407339743.5909228;-85.627876281738281;
2407500000.0011792;-85.622146606445313;
2407660256.4114356;-85.637428283691406;
2407820512.8216925;-85.652717590332031;
2407980769.2319489;-85.641250610351563;
2408141025.6422052;-85.658462524414062;
2408301282.0524616;-85.643150329589844;
2408461538.462718;-85.658462524414062;
2408621794.8729744;-85.650810241699219;
2408782051.2832308;-85.651443481445313;
2408942307.6934872;-85.622146606445313;
2409102564.1037436;-85.652717590332031;
2409262820.5139999;-85.683403015136719;
2409423076.9242563;-85.654632568359375;
2409583333.3345127;-85.648872375488281;
2409743589.7447691;-85.681472778320312;
2409903846.1550255;-85.704559326171875;
2410064102.5652819;-85.700706481933594;
2410224358.9755383;-85.719963073730469;
2410384615.3857946;-85.669967651367188;
2410544871.796051;-85.708412170410156;
2410705128.2063074;-85.70648193359375;
2410865384.6165643;-85.697502136230469;
2411025641.0268207;-85.704521179199219;
2411185897.437077;-85.696853637695313;
2411346153.8473334;-85.718048095703125;
2411506410.2575898;-85.705436706542969;
2411666666.6678462;-85.696846008300781;
2411826923.0781026;-85.648880004882813;
2411987179.488359;-85.637428283691406;
2412147435.8986154;-85.660377502441406;
2412307692.3088717;-85.650810241699219;
2412467948.7191281;-85.658447265625;
2412628205.1293845;-85.664199829101563;
2412788461.5396409;-85.673797607421875;
2412948717.9498973;-85.687248229980469;
2413108974.3601537;-85.654632568359375;
2413269230.7704101;-85.677627563476562;
2413429487.1806664;-85.691078186035156;
2413589743.5909228;-85.679557800292969;
2413750000.0011792;-85.704551696777344;
2413910256.4114356;-85.6929931640625;
2414070512.8216925;-85.691085815429687;
2414230769.2319489;-85.702629089355469;
2414391025.6422052;-85.712265014648437;
2414551282.0524616;-85.712265014648437;
2414711538.462718;-85.702629089355469;
2414871794.8729744;-85.712257385253906;
2415032051.2832308;-85.700698852539063;
2415192307.6934872;-85.700698852539063;
2415352564.1037436;-85.687248229980469;
2415512820.5139999;-85.683387756347656;
2415673076.9242563;-85.696853637695313;
2415833333.3345127;-85.704551696777344;
2415993589.7447691;-85.710334777832031;
2416153846.1550255;-85.710334777832031;
2416314102.5652819;-85.710334777832031;
2416474358.9755383;-85.698776245117188;
2416634615.3857946;-85.668052673339844;
2416794871.796051;-85.700691223144531;
2416955128.2063074;-85.687240600585938;
2417115384.6165643;-85.685310363769531;
2417275641.0268207;-85.718040466308594;
2417435897.437077;-85.698753356933594;
2417596153.8473334;-85.646980285644531;
2417756410.2575898;-85.681480407714844;
2417916666.6678462;-85.694931030273438;
2418076923.0781026;-85.698776245117188;
2418237179.488359;-85.650802612304688;
2418397435.8986154;-85.643157958984375;
2418557692.3088717;-85.627876281738281;
2418717948.7191281;-85.627876281738281;
2418878205.1293845;-85.671859741210938;
2419038461.5396409;-85.704559326171875;
2419198717.9498973;-85.677635192871094;
2419358974.3601537;-85.652717590332031;
2419519230.7704101;-85.696846008300781;
2419679487.1806664;-85.721893310546875;
2419839743.5909228;-85.673805236816406;
2420000000.0011792;-85.698776245117188;
2420160256.4114356;-85.713638305664063;
2420320512.8216925;-85.707763671875;
2420480769.2319489;-85.711433410644531;
2420641025.6422052;-85.700706481933594;
2420801282.0524616;-85.691085815429687;
2420961538.462718;-85.645057678222656;
2421121794.8729744;-85.64697265625;
2421282051.2832308;-85.637420654296875;
2421442307.6934872;-85.637428283691406;
2421602564.1037436;-85.633598327636719;
2421762820.5139999;-85.671859741210938;
2421923076.9242563;-85.694931030273438;
2422083333.3345127;-85.70648193359375;
2422243589.7447691;-85.708412170410156;
2422403846.1550255;-85.683395385742188;
2422564102.5652819;-85.708412170410156;
2422724358.9755383;-85.70648193359375;
2422884615.3857946;-85.710334777832031;
2423044871.796051;-85.696846008300781;
2423205128.2063074;-85.681480407714844;
2423365384.6165643;-85.669960021972656;
2423525641.0268207;-85.666122436523438;
2423685897.437077;-85.698776245117188;
2423846153.8473334;-85.704551696777344;
2424006410.2575898;-85.681480407714844;
2424166666.6678462;-85.650787353515625;
2424326923.0781026;-85.641220092773438;
2424487179.488359;-85.702629089355469;
2424647435.8986154;-85.708412170410156;
2424807692.3088717;-85.70648193359375;
2424967948.7191281;-85.700698852539063;
2425128205.1293845;-85.692367553710938;
2425288461.5396409;-85.71417236328125;
2425448717.9498973;-85.694931030273438;
2425608974.3601537;-85.70648193359375;
2425769230.7704101;-85.708412170410156;
2425929487.1806664;-85.710334777832031;
2426089743.5909228;-85.685302734375;
2426250000.0011792;-85.658462524414062;
2426410256.4114356;-85.669944763183594;
2426570512.8216925;-85.712265014648437;
2426730769.2319489;-85.694931030273438;
2426891025.6422052;-85.696853637695313;
2427051282.0524616;-85.698783874511719;
2427211538.462718;-85.714187622070313;
2427371794.8729744;-85.708412170410156;
2427532051.2832308;-85.698768615722656;
2427692307.6934872;-85.678703308105469;
2427852564.1037436;-85.700691223144531;
2428012820.5139999;-85.671867370605469;
2428173076.9242563;-85.645050048828125;
2428333333.3345127;-85.637359619140625;
2428493589.7447691;-85.578369140625;
2428653846.1550255;-85.527137756347656;
2428814102.5652819;-85.387916564941406;
2428974358.9755383;-85.199142456054688;
2429134615.3857946;-85.034965515136719;
2429294871.796051;-84.722496032714844;
2429455128.2063074;-84.139778137207031;
2429615384.6165643;-83.531723022460938;
2429775641.0268207;-82.479698181152344;
2429935897.437077;-81.215225219726563;
2430096153.8473334;-80.204109191894531;
2430256410.2575898;-78.147972106933594;
2430416666.6678462;-76.758438110351563;
2430576923.0781026;-75.449783325195313;
2430737179.488359;-73.587448120117187;
2430897435.8986154;-72.145523071289063;
2431057692.3088717;-70.639144897460937;
2431217948.7191281;-68.567237854003906;
2431378205.1293845;-67.203598022460938;
2431538461.5396409;-65.990135192871094;
2431698717.9498973;-64.011955261230469;
2431858974.3601537;-62.669242858886719;
2432019230.7704101;-61.406597137451172;
2432179487.1806664;-59.658729553222656;
2432339743.5909228;-58.255405426025391;
2432500000.0011792;-56.753829956054687;
2432660256.4114356;-54.733474731445312;
2432820512.8216925;-53.513404846191406;
2432980769.2319489;-52.359397888183594;
2433141025.6422052;-50.778511047363281;
2433301282.0524616;-49.952873229980469;
2433461538.462718;-49.161243438720703;
2433621794.8729744;-48.109794616699219;
2433782051.2832308;-47.403629302978516;
2433942307.6934872;-46.543128967285156;
2434102564.1037436;-45.577983856201172;
2434262820.5139999;-45.032131195068359;
2434423076.9242563;-44.564788818359375;
2434583333.3345127;-44.438751220703125;
2434743589.7447691;-44.568641662597656;
2434903846.1550255;-44.823940277099609;
2435064102.5652819;-45.22454833984375;
2435224358.9755383;-45.612754821777344;
2435384615.3857946;-45.968856811523438;
2435544871.796051;-46.556930541992188;
2435705128.2063074;-47.032615661621094;
2435865384.6165643;-47.789142608642578;
2436025641.0268207;-48.905117034912109;
2436185897.437077;-49.910423278808594;
2436346153.8473334;-51.188957214355469;
2436506410.2575898;-52.840251922607422;
2436666666.6678462;-54.135105133056641;
2436826923.0781026;-55.560501098632812;
2436987179.488359;-57.329074859619141;
2437147435.8986154;-58.571640014648437;
2437307692.3088717;-60.06488037109375;
2437467948.7191281;-61.798751831054688;
2437628205.1293845;-62.95184326171875;
2437788461.5396409;-64.255592346191406;
2437948717.9498973;-65.735511779785156;
2438108974.3601537;-66.594985961914062;
2438269230.7704101;-67.712684631347656;
2438429487.1806664;-68.951416015625;
2438589743.5909228;-69.711410522460937;
2438750000.0011792;-71.028648376464844;
2438910256.4114356;-72.499305725097656;
2439070512.8216925;-73.666847229003906;
2439230769.2319489;-75.236007690429688;
2439391025.6422052;-76.9376220703125;
2439551282.0524616;-78.191902160644531;
2439711538.462718;-79.800140380859375;
2439871794.8729744;-81.271438598632813;
2440032051.2832308;-82.273353576660156;
2440192307.6934872;-83.308097839355469;
2440352564.1037436;-84.105911254882813;
2440512820.5139999;-84.480903625488281;
2440673076.9242563;-84.950965881347656;
2440833333.3345127;-85.261466979980469;
2440993589.7447691;-85.366500854492188;
2441153846.1550255;-85.517745971679688;
2441314102.5652819;-85.645050048828125;
2441474358.9755383;-85.696830749511719;
2441634615.3857946;-85.737350463867188;
2441794871.796051;-85.750892639160156;
2441955128.2063074;-85.776092529296875;
2442115384.6165643;-85.809150695800781;
2442275641.0268207;-85.816963195800781;
2442435897.437077;-85.809150695800781;
2442596153.8473334;-85.83843994140625;
2442756410.2575898;-85.81890869140625;
2442916666.6678462;-85.824760437011719;
2443076923.0781026;-85.822807312011719;
2443237179.488359;-85.815010070800781;
2443397435.8986154;-85.816963195800781;
2443557692.3088717;-85.832572937011719;
2443717948.7191281;-85.816963195800781;
2443878205.1293845;-85.792045593261719;
2444038461.5396409;-85.760566711425781;
2444198717.9498973;-85.797462463378906;
2444358974.3601537;-85.81890869140625;
2444519230.7704101;-85.816963195800781;
2444679487.1806664;-85.844284057617188;
2444839743.5909228;-85.81890869140625;
2445000000.0011792;-85.824760437011719;
2445160256.4114356;-85.816963195800781;
2445320512.8216925;-85.816963195800781;
2445480769.2319489;-85.81890869140625;
2445641025.6422052;-85.82476806640625;
2445801282.0524616;-85.82086181640625;
2445961538.462718;-85.816963195800781;
2446121794.8729744;-85.791633605957031;
2446282051.2832308;-85.82281494140625;
2446442307.6934872;-85.799392700195313;
2446602564.1037436;-85.82086181640625;
2446762820.5139999;-85.824760437011719;
2446923076.9242563;-85.816963195800781;
2447083333.3345127;-85.816963195800781;
2447243589.7447691;-85.82281494140625;
2447403846.1550255;-85.815010070800781;
2447564102.5652819;-85.82086181640625;
2447724358.9755383;-85.826713562011719;
2447884615.3857946;-85.836479187011719;
2448044871.796051;-85.82476806640625;
2448205128.2063074;-85.813056945800781;
2448365384.6165643;-85.813056945800781;
2448525641.0268207;-85.816307067871094;
2448685897.437077;-85.816963195800781;
2448846153.8473334;-85.762458801269531;
2449006410.2575898;-85.787742614746094;
2449166666.6678462;-85.822807312011719;
2449326923.0781026;-85.816963195800781;
2449487179.488359;-85.82086181640625;
2449647435.8986154;-85.811103820800781;
2449807692.3088717;-85.81890869140625;
2449967948.7191281;-85.813056945800781;
2450128205.1293845;-85.816963195800781;
2450288461.5396409;-85.816307067871094;
2450448717.9498973;-85.81890869140625;
2450608974.3601537;-85.82086181640625;
2450769230.7704101;-85.816963195800781;
2450929487.1806664;-85.813056945800781;
2451089743.5909228;-85.824760437011719;
2451250000.0011792;-85.801284790039063;
2451410256.4114356;-85.76251220703125;
2451570512.8216925;-85.779983520507813;
2451730769.2319489;-85.776092529296875;
2451891025.6422052;-85.798988342285156;
2452051282.0524616;-85.813056945800781;
2452211538.462718;-85.803314208984375;
2452371794.8729744;-85.82086181640625;
2452532051.2832308;-85.846260070800781;
2452692307.6934872;-85.840385437011719;
2452852564.1037436;-85.826713562011719;
2453012820.5139999;-85.846267700195313;
2453173076.9242563;-85.84039306640625;
2453333333.3345127;-85.815010070800781;
2453493589.7447691;-85.816963195800781;
2453653846.1550255;-85.822799682617188;
2453814102.5652819;-85.821510314941406;
2453974358.9755383;-85.82086181640625;
2454134615.3857946;-85.832572937011719;
2454294871.796051;-85.844306945800781;
2454455128.2063074;-85.830619812011719;
2454615384.6165643;-85.83062744140625;
2454775641.0268207;-85.826713562011719;
2454935897.437077;-85.822807312011719;
2455096153.8473334;-85.813056945800781;
2455256410.2575898;-85.82281494140625;
2455416666.6678462;-85.824752807617188;
2455576923.0781026;-85.891395568847656;
2455737179.488359;-85.878944396972656;
2455897435.8986154;-85.877632141113281;
2456057692.3088717;-85.875648498535156;
2456217948.7191281;-85.82086181640625;
2456378205.1293845;-85.822807312011719;
2456538461.5396409;-85.826705932617188;
2456698717.9498973;-85.81890869140625;
2456858974.3601537;-85.869781494140625;
2457019230.7704101;-85.901229858398438;
2457179487.1806664;-85.883529663085937;
2457339743.5909228;-85.84429931640625;
2457500000.0011792;-85.8619384765625;
2457660256.4114356;-85.875450134277344;
2457820512.8216925;-85.905181884765625;
2457980769.2319489;-85.909126281738281;
2458141025.6422052;-85.891395568847656;
2458301282.0524616;-85.867813110351563;
2458461538.462718;-85.895332336425781;
2458621794.8729744;-85.889434814453125;
2458782051.2832308;-85.905174255371094;
2458942307.6934872;-85.903205871582031;
2459102564.1037436;-85.893356323242187;
2459262820.5139999;-85.911094665527344;
2459423076.9242563;-85.909126281738281;
2459583333.3345127;-85.907150268554688;
2459743589.7447691;-85.899269104003906;
2459903846.1550255;-85.859748840332031;
2460064102.5652819;-85.836471557617188;
2460224358.9755383;-85.848220825195313;
2460384615.3857946;-85.879592895507813;
2460544871.796051;-85.909103393554688;
2460705128.2063074;-85.9012451171875;
2460865384.6165643;-85.891403198242188;
2461025641.0268207;-85.9150390625;
2461185897.437077;-85.913063049316406;
2461346153.8473334;-85.899269104003906;
2461506410.2575898;-85.903205871582031;
2461666666.6678462;-85.9150390625;
2461826923.0781026;-85.911094665527344;
2461987179.488359;-85.901237487792969;
2462147435.8986154;-85.903213500976563;
2462307692.3088717;-85.912193298339844;
2462467948.7191281;-85.913063049316406;
2462628205.1293845;-85.9150390625;
2462788461.5396409;-85.917015075683594;
2462948717.9498973;-85.907150268554688;
2463108974.3601537;-85.907150268554688;
2463269230.7704101;-85.901237487792969;
2463429487.1806664;-85.891387939453125;
2463589743.5909228;-85.887466430664063;
2463750000.0011792;-85.85406494140625;
2463910256.4114356;-85.861915588378906;
2464070512.8216925;-85.893363952636719;
2464230769.2319489;-85.893356323242187;
2464391025.6422052;-85.903213500976563;
2464551282.0524616;-85.905181884765625;
2464711538.462718;-85.911094665527344;
2464871794.8729744;-85.903427124023438;
2465032051.2832308;-85.909126281738281;
2465192307.6934872;-85.889419555664063;
2465352564.1037436;-85.871696472167969;
2465512820.5139999;-85.918983459472656;
2465673076.9242563;-85.913063049316406;
2465833333.3345127;-85.903205871582031;
2465993589.7447691;-85.913063049316406;
2466153846.1550255;-85.911094665527344;
2466314102.5652819;-85.913063049316406;
2466474358.9755383;-85.913063049316406;
2466634615.3857946;-85.911094665527344;
2466794871.796051;-85.907150268554688;
2466955128.2063074;-85.901237487792969;
2467115384.6165643;-85.897285461425781;
2467275641.0268207;-85.913063049316406;
2467435897.437077;-85.922904968261719;
2467596153.8473334;-85.910430908203125;
2467756410.2575898;-85.865859985351563;
2467916666.6678462;-85.909111022949219;
2468076923.0781026;-85.909126281738281;
2468237179.488359;-85.905181884765625;
2468397435.8986154;-85.907150268554688;
2468557692.3088717;-85.901237487792969;
2468717948.7191281;-85.913063049316406;
2468878205.1293845;-85.918983459472656;
2469038461.5396409;-85.913063049316406;
2469198717.9498973;-85.905181884765625;
2469358974.3601537;-85.917007446289062;
2469519230.7704101;-85.909126281738281;
2469679487.1806664;-85.903205871582031;
2469839743.5909228;-85.903213500976563;
2470000000.0011792;-85.899261474609375;
2470160256.4114356;-85.90911865234375;
2470320512.8216925;-85.877639770507813;
2470480769.2319489;-85.903213500976563;
2470641025.6422052;-85.903427124023438;
2470801282.0524616;-85.911079406738281;
2470961538.462718;-85.907135009765625;
2471121794.8729744;-85.9031982421875;
2471282051.2832308;-85.84429931640625;
2471442307.6934872;-85.846260070800781;
2471602564.1037436;-85.9031982421875;
2471762820.5139999;-85.901229858398438;
2471923076.9242563;-85.871734619140625;
2472083333.3345127;-85.883476257324219;
2472243589.7447691;-85.865859985351563;
2472403846.1550255;-85.871734619140625;
2472564102.5652819;-85.8619384765625;
2472724358.9755383;-85.871742248535156;
2472884615.3857946;-85.875656127929688;
2473044871.796051;-85.879600524902344;
2473205128.2063074;-85.858009338378906;
2473365384.6165643;-85.826713562011719;
2473525641.0268207;-85.846221923828125;
2473685897.437077;-85.861930847167969;
2473846153.8473334;-85.905166625976563;
2474006410.2575898;-85.901237487792969;
2474166666.6678462;-85.893356323242187;
2474326923.0781026;-85.869781494140625;
2474487179.488359;-85.89532470703125;
2474647435.8986154;-85.871734619140625;
2474807692.3088717;-85.861930847167969;
2474967948.7191281;-85.850181579589844;
2475128205.1293845;-85.82281494140625;
2475288461.5396409;-85.850181579589844;
2475448717.9498973;-85.824760437011719;
2475608974.3601537;-85.822807312011719;
2475769230.7704101;-85.830619812011719;
2475929487.1806664;-85.826713562011719;
2476089743.5909228;-85.824760437011719;
2476250000.0011792;-85.815010070800781;
2476410256.4114356;-85.82281494140625;
2476570512.8216925;-85.813056945800781;
2476730769.2319489;-85.8145751953125;
2476891025.6422052;-85.811111450195313;
2477051282.0524616;-85.785804748535156;
2477211538.462718;-85.74896240234375;
2477371794.8729744;-85.721900939941406;
2477532051.2832308;-85.74505615234375;
2477692307.6934872;-85.774147033691406;
2477852564.1037436;-85.795524597167969;
2478012820.5139999;-85.813056945800781;
2478173076.9242563;-85.799423217773437;
2478333333.3345127;-85.787742614746094;
2478493589.7447691;-85.809158325195313;
2478653846.1550255;-85.807212829589844;
2478814102.5652819;-85.801368713378906;
2478974358.9755383;-85.81890869140625;
2479134615.3857946;-85.82281494140625;
2479294871.796051;-85.83258056640625;
2479455128.2063074;-85.82086181640625;
2479615384.6165643;-85.826713562011719;
2479775641.0268207;-85.820854187011719;
2479935897.437077;-85.814987182617188;
2480096153.8473334;-85.82086181640625;
2480256410.2575898;-85.83648681640625;
2480416666.6678462;-85.842353820800781;
2480576923.0781026;-85.834526062011719;
2480737179.488359;-85.838432312011719;
2480897435.8986154;-85.846260070800781;
2481057692.3088717;-85.891387939453125;
2481217948.7191281;-85.897254943847656;
2481378205.1293845;-85.907150268554688;
2481538461.5396409;-85.909126281738281;
2481698717.9498973;-85.9150390625;
2481858974.3601537;-85.911094665527344;
2482019230.7704101;-85.903205871582031;
2482179487.1806664;-85.9150390625;
2482339743.5909228;-85.907150268554688;
2482500000.0011792;-85.918983459472656;
2482660256.4114356;-85.909126281738281;
2482820512.8216925;-85.9139404296875;
2482980769.2319489;-85.909126281738281;
2483141025.6422052;-85.911094665527344;
2483301282.0524616;-85.9150390625;
2483461538.462718;-85.924903869628906;
2483621794.8729744;-85.911094665527344;
2483782051.2832308;-85.911094665527344;
2483942307.6934872;-85.917015075683594;
2484102564.1037436;-85.924911499023438;
2484262820.5139999;-85.903205871582031;
