Type;ESU;
Version;4.43;
Date;03.Jun 16;
Mode;ANALYZER;
Center Freq;2434262820.514000;Hz
Freq Offset;0.000000;Hz
Span;100000000.000000;Hz
x-Axis;LIN;
Start;2384262820.514000;Hz
Stop;2484262820.514000;Hz
Ref Level;-9.000000;dBm
Level Offset;0.000000;dB
Ref Position;100.000000;%
y-Axis;LOG;
Level Range;100.000000;dB
Rf Att;5.000000;dB
RBW;2000000.000000;Hz
VBW;50.000000;Hz
SWT;2.500000;s
Trace Mode;CLR/WRITE;
Detector;RMS;
Sweep Count;0;
Trace 1:;;
x-Unit;Hz;
y-Unit;dBm;
Values;625;
2384262820.5139999;-85.639854431152344;
2384423076.9242563;-85.646980285644531;
2384583333.3345127;-85.679557800292969;
2384743589.7447691;-85.662284851074219;
2384903846.1550255;-85.660354614257813;
2385064102.5652819;-85.700698852539063;
2385224358.9755383;-85.714187622070313;
2385384615.3857946;-85.696853637695313;
2385544871.796051;-85.683372497558594;
2385705128.2063074;-85.669960021972656;
2385865384.6165643;-85.70648193359375;
2386025641.0268207;-85.696846008300781;
2386185897.437077;-85.727684020996094;
2386346153.8473334;-85.694931030273438;
2386506410.2575898;-85.687240600585938;
2386666666.6678462;-85.694931030273438;
2386826923.0781026;-85.658454895019531;
2386987179.488359;-85.625961303710938;
2387147435.8986154;-85.63360595703125;
2387307692.3088717;-85.637428283691406;
2387467948.7191281;-85.629776000976563;
2387628205.1293845;-85.6412353515625;
2387788461.5396409;-85.627861022949219;
2387948717.9498973;-85.624061584472656;
2388108974.3601537;-85.631690979003906;
2388269230.7704101;-85.648895263671875;
2388429487.1806664;-85.656532287597656;
2388589743.5909228;-85.641250610351563;
2388750000.0011792;-85.698760986328125;
2388910256.4114356;-85.673805236816406;
2389070512.8216925;-85.664215087890625;
2389230769.2319489;-85.643150329589844;
2389391025.6422052;-85.656539916992188;
2389551282.0524616;-85.660385131835938;
2389711538.462718;-85.648849487304688;
2389871794.8729744;-85.704544067382812;
2390032051.2832308;-85.6297607421875;
2390192307.6934872;-85.616432189941406;
2390352564.1037436;-85.633514404296875;
2390512820.5139999;-85.629631042480469;
2390673076.9242563;-85.597320556640625;
2390833333.3345127;-85.62213134765625;
2390993589.7447691;-85.624053955078125;
2391153846.1550255;-85.589767456054688;
2391314102.5652819;-85.618331909179687;
2391474358.9755383;-85.521461486816406;
2391634615.3857946;-85.601173400878906;
2391794871.796051;-85.542381286621094;
2391955128.2063074;-85.551704406738281;
2392115384.6165643;-85.538467407226563;
2392275641.0268207;-85.532356262207031;
2392435897.437077;-85.502738952636719;
2392596153.8473334;-85.457069396972656;
2392756410.2575898;-85.521575927734375;
2392916666.6678462;-85.43304443359375;
2393076923.0781026;-85.538520812988281;
2393237179.488359;-85.362342834472656;
2393397435.8986154;-85.553413391113281;
2393557692.3088717;-85.317916870117187;
2393717948.7191281;-85.407684326171875;
2393878205.1293845;-85.343704223632813;
2394038461.5396409;-85.346260070800781;
2394198717.9498973;-85.41448974609375;
2394358974.3601537;-85.343498229980469;
2394519230.7704101;-85.49896240234375;
2394679487.1806664;-85.410469055175781;
2394839743.5909228;-85.59161376953125;
2395000000.0011792;-85.37554931640625;
2395160256.4114356;-85.468345642089844;
2395320512.8216925;-85.392372131347656;
2395480769.2319489;-85.4930419921875;
2395641025.6422052;-85.517799377441406;
2395801282.0524616;-85.47418212890625;
2395961538.462718;-85.506523132324219;
2396121794.8729744;-85.465080261230469;
2396282051.2832308;-85.568840026855469;
2396442307.6934872;-85.4913330078125;
2396602564.1037436;-85.559425354003906;
2396762820.5139999;-85.498947143554688;
2396923076.9242563;-85.519744873046875;
2397083333.3345127;-85.50457763671875;
2397243589.7447691;-85.595367431640625;
2397403846.1550255;-85.519752502441406;
2397564102.5652819;-85.551811218261719;
2397724358.9755383;-85.531082153320312;
2397884615.3857946;-85.5745849609375;
2398044871.796051;-85.576499938964844;
2398205128.2063074;-85.517845153808594;
2398365384.6165643;-85.542404174804687;
2398525641.0268207;-85.531074523925781;
2398685897.437077;-85.5367431640625;
2398846153.8473334;-85.512229919433594;
2399006410.2575898;-85.504684448242188;
2399166666.6678462;-85.538627624511719;
2399326923.0781026;-85.5745849609375;
2399487179.488359;-85.606895446777344;
2399647435.8986154;-85.566963195800781;
2399807692.3088717;-85.546188354492188;
2399967948.7191281;-85.495269775390625;
2400128205.1293845;-85.519760131835938;
2400288461.5396409;-85.57586669921875;
2400448717.9498973;-85.588714599609375;
2400608974.3601537;-85.608535766601563;
2400769230.7704101;-85.595458984375;
2400929487.1806664;-85.58245849609375;
2401089743.5909228;-85.561279296875;
2401250000.0011792;-85.576499938964844;
2401410256.4114356;-85.6011962890625;
2401570512.8216925;-85.612602233886719;
2401730769.2319489;-85.566978454589844;
2401891025.6422052;-85.599258422851562;
2402051282.0524616;-85.578392028808594;
2402211538.462718;-85.5802001953125;
2402371794.8729744;-85.601104736328125;
2402532051.2832308;-85.597389221191406;
2402692307.6934872;-85.624031066894531;
2402852564.1037436;-85.605003356933594;
2403012820.5139999;-85.627861022949219;
2403173076.9242563;-85.608802795410156;
2403333333.3345127;-85.593582153320313;
2403493589.7447691;-85.570793151855469;
2403653846.1550255;-85.595481872558594;
2403814102.5652819;-85.589775085449219;
2403974358.9755383;-85.603096008300781;
2404134615.3857946;-85.631645202636719;
2404294871.796051;-85.580184936523438;
2404455128.2063074;-85.532958984375;
2404615384.6165643;-85.532958984375;
2404775641.0268207;-85.549964904785156;
2404935897.437077;-85.624031066894531;
2405096153.8473334;-85.598854064941406;
2405256410.2575898;-85.593276977539063;
2405416666.6678462;-85.612617492675781;
2405576923.0781026;-85.600532531738281;
2405737179.488359;-85.615058898925781;
2405897435.8986154;-85.605621337890625;
2406057692.3088717;-85.557533264160156;
2406217948.7191281;-85.589767456054688;
2406378205.1293845;-85.574577331542969;
2406538461.5396409;-85.635505676269531;
2406698717.9498973;-85.625923156738281;
2406858974.3601537;-85.62786865234375;
2407019230.7704101;-85.625961303710938;
2407179487.1806664;-85.620246887207031;
2407339743.5909228;-85.622146606445313;
2407500000.0011792;-85.605003356933594;
2407660256.4114356;-85.618331909179687;
2407820512.8216925;-85.610710144042969;
2407980769.2319489;-85.629776000976563;
2408141025.6422052;-85.595474243164063;
2408301282.0524616;-85.604988098144531;
2408461538.462718;-85.603096008300781;
2408621794.8729744;-85.612617492675781;
2408782051.2832308;-85.595489501953125;
2408942307.6934872;-85.629768371582031;
2409102564.1037436;-85.614524841308594;
2409262820.5139999;-85.606887817382812;
2409423076.9242563;-85.624038696289062;
2409583333.3345127;-85.606849670410156;
2409743589.7447691;-85.633598327636719;
2409903846.1550255;-85.601158142089844;
2410064102.5652819;-85.580284118652344;
2410224358.9755383;-85.584075927734375;
2410384615.3857946;-85.614524841308594;
2410544871.796051;-85.610710144042969;
2410705128.2063074;-85.616424560546875;
2410865384.6165643;-85.637420654296875;
2411025641.0268207;-85.618301391601563;
2411185897.437077;-85.622154235839844;
2411346153.8473334;-85.604995727539063;
2411506410.2575898;-85.586257934570313;
2411666666.6678462;-85.587821960449219;
2411826923.0781026;-85.576431274414063;
2411987179.488359;-85.599288940429688;
2412147435.8986154;-85.606903076171875;
2412307692.3088717;-85.622146606445313;
2412467948.7191281;-85.625961303710938;
2412628205.1293845;-85.618331909179687;
2412788461.5396409;-85.6392822265625;
2412948717.9498973;-85.62213134765625;
2413108974.3601537;-85.656547546386719;
2413269230.7704101;-85.637420654296875;
2413429487.1806664;-85.625968933105469;
2413589743.5909228;-85.652717590332031;
2413750000.0011792;-85.669960021972656;
2413910256.4114356;-85.6202392578125;
2414070512.8216925;-85.621604919433594;
2414230769.2319489;-85.563201904296875;
2414391025.6422052;-85.59735107421875;
2414551282.0524616;-85.610710144042969;
2414711538.462718;-85.629776000976563;
2414871794.8729744;-85.666130065917969;
2415032051.2832308;-85.681465148925781;
2415192307.6934872;-85.652725219726563;
2415352564.1037436;-85.687225341796875;
2415512820.5139999;-85.708412170410156;
2415673076.9242563;-85.650749206542969;
2415833333.3345127;-85.606903076171875;
2415993589.7447691;-85.595481872558594;
2416153846.1550255;-85.625961303710938;
2416314102.5652819;-85.624061584472656;
2416474358.9755383;-85.614517211914062;
2416634615.3857946;-85.65435791015625;
2416794871.796051;-85.566940307617188;
2416955128.2063074;-85.603050231933594;
2417115384.6165643;-85.616432189941406;
2417275641.0268207;-85.62786865234375;
2417435897.437077;-85.610702514648437;
2417596153.8473334;-85.624053955078125;
2417756410.2575898;-85.614524841308594;
2417916666.6678462;-85.64886474609375;
2418076923.0781026;-85.658462524414062;
2418237179.488359;-85.608779907226562;
2418397435.8986154;-85.587821960449219;
2418557692.3088717;-85.616409301757812;
2418717948.7191281;-85.621604919433594;
2418878205.1293845;-85.645050048828125;
2419038461.5396409;-85.620223999023437;
2419198717.9498973;-85.624046325683594;
2419358974.3601537;-85.691078186035156;
2419519230.7704101;-85.677635192871094;
2419679487.1806664;-85.633583068847656;
2419839743.5909228;-85.587882995605469;
2420000000.0011792;-85.599288940429688;
2420160256.4114356;-85.622138977050781;
2420320512.8216925;-85.625961303710938;
2420480769.2319489;-85.618339538574219;
2420641025.6422052;-85.620246887207031;
2420801282.0524616;-85.622146606445313;
2420961538.462718;-85.619400024414063;
2421121794.8729744;-85.580253601074219;
2421282051.2832308;-85.529182434082031;
2421442307.6934872;-85.603042602539063;
2421602564.1037436;-85.618339538574219;
2421762820.5139999;-85.585922241210937;
2421923076.9242563;-85.582077026367188;
2422083333.3345127;-85.585929870605469;
2422243589.7447691;-85.553741455078125;
2422403846.1550255;-85.608779907226562;
2422564102.5652819;-85.616432189941406;
2422724358.9755383;-85.599288940429688;
2422884615.3857946;-85.606895446777344;
2423044871.796051;-85.584602355957031;
2423205128.2063074;-85.542411804199219;
2423365384.6165643;-85.549964904785156;
2423525641.0268207;-85.584060668945313;
2423685897.437077;-85.5291748046875;
2423846153.8473334;-85.555633544921875;
2424006410.2575898;-85.493362426757813;
2424166666.6678462;-85.549972534179688;
2424326923.0781026;-85.542411804199219;
2424487179.488359;-85.53485107421875;
2424647435.8986154;-85.542388916015625;
2424807692.3088717;-85.521614074707031;
2424967948.7191281;-85.525382995605469;
2425128205.1293845;-85.497077941894531;
2425288461.5396409;-85.582160949707031;
2425448717.9498973;-85.532875061035156;
2425608974.3601537;-85.565116882324219;
2425769230.7704101;-85.536712646484375;
2425929487.1806664;-85.591598510742188;
2426089743.5909228;-85.508460998535156;
2426250000.0011792;-85.419807434082031;
2426410256.4114356;-85.3831787109375;
2426570512.8216925;-85.266304016113281;
2426730769.2319489;-85.32769775390625;
2426891025.6422052;-84.683212280273438;
2427051282.0524616;-84.974380493164063;
2427211538.462718;-83.809623718261719;
2427371794.8729744;-84.205184936523438;
2427532051.2832308;-83.073699951171875;
2427692307.6934872;-82.093055725097656;
2427852564.1037436;-81.494102478027344;
2428012820.5139999;-79.160140991210937;
2428173076.9242563;-79.533210754394531;
2428333333.3345127;-75.829071044921875;
2428493589.7447691;-75.942520141601562;
2428653846.1550255;-71.893844604492188;
2428814102.5652819;-71.780723571777344;
2428974358.9755383;-68.807876586914063;
2429134615.3857946;-67.120094299316406;
2429294871.796051;-64.611930847167969;
2429455128.2063074;-62.961158752441406;
2429615384.6165643;-61.680740356445313;
2429775641.0268207;-59.569408416748047;
2429935897.437077;-58.766521453857422;
2430096153.8473334;-55.301460266113281;
2430256410.2575898;-55.436416625976563;
2430416666.6678462;-52.21734619140625;
2430576923.0781026;-52.646022796630859;
2430737179.488359;-49.304553985595703;
2430897435.8986154;-48.293861389160156;
2431057692.3088717;-46.56939697265625;
2431217948.7191281;-45.2340087890625;
2431378205.1293845;-44.229892730712891;
2431538461.5396409;-42.051784515380859;
2431698717.9498973;-41.232578277587891;
2431858974.3601537;-39.386146545410156;
2432019230.7704101;-38.872703552246094;
2432179487.1806664;-37.299022674560547;
2432339743.5909228;-36.445808410644531;
2432500000.0011792;-34.789558410644531;
2432660256.4114356;-34.286334991455078;
2432820512.8216925;-33.388782501220703;
2432980769.2319489;-32.974594116210937;
2433141025.6422052;-32.133895874023438;
2433301282.0524616;-31.535676956176758;
2433461538.462718;-31.298418045043945;
2433621794.8729744;-31.312660217285156;
2433782051.2832308;-31.134313583374023;
2433942307.6934872;-31.419668197631836;
2434102564.1037436;-31.481819152832031;
2434262820.5139999;-32.166217803955078;
2434423076.9242563;-32.635643005371094;
2434583333.3345127;-33.319644927978516;
2434743589.7447691;-34.2340087890625;
2434903846.1550255;-35.339298248291016;
2435064102.5652819;-36.650814056396484;
2435224358.9755383;-37.583988189697266;
2435384615.3857946;-38.670604705810547;
2435544871.796051;-39.937530517578125;
2435705128.2063074;-41.721652984619141;
2435865384.6165643;-42.546695709228516;
2436025641.0268207;-43.995780944824219;
2436185897.437077;-44.866306304931641;
2436346153.8473334;-46.574863433837891;
2436506410.2575898;-48.321804046630859;
2436666666.6678462;-49.277095794677734;
2436826923.0781026;-50.726486206054688;
2436987179.488359;-51.521144866943359;
2437147435.8986154;-53.505374908447266;
2437307692.3088717;-54.824516296386719;
2437467948.7191281;-56.205360412597656;
2437628205.1293845;-57.240570068359375;
2437788461.5396409;-58.393650054931641;
2437948717.9498973;-60.058837890625;
2438108974.3601537;-61.668910980224609;
2438269230.7704101;-62.931072235107422;
2438429487.1806664;-63.943134307861328;
2438589743.5909228;-65.341583251953125;
2438750000.0011792;-66.902107238769531;
2438910256.4114356;-69.035499572753906;
2439070512.8216925;-70.066291809082031;
2439230769.2319489;-71.639694213867188;
2439391025.6422052;-72.9136962890625;
2439551282.0524616;-75.069717407226562;
2439711538.462718;-77.282241821289062;
2439871794.8729744;-78.569740295410156;
2440032051.2832308;-80.154319763183594;
2440192307.6934872;-81.115440368652344;
2440352564.1037436;-82.761802673339844;
2440512820.5139999;-83.87738037109375;
2440673076.9242563;-84.401214599609375;
2440833333.3345127;-84.779975891113281;
2440993589.7447691;-85.112342834472656;
2441153846.1550255;-85.377197265625;
2441314102.5652819;-85.536727905273438;
2441474358.9755383;-85.576438903808594;
2441634615.3857946;-85.612617492675781;
2441794871.796051;-85.683364868164062;
2441955128.2063074;-85.725753784179688;
2442115384.6165643;-85.754737854003906;
2442275641.0268207;-85.756675720214844;
2442435897.437077;-85.735397338867188;
2442596153.8473334;-85.766387939453125;
2442756410.2575898;-85.72381591796875;
2442916666.6678462;-85.710334777832031;
2443076923.0781026;-85.700698852539063;
2443237179.488359;-85.698768615722656;
2443397435.8986154;-85.7296142578125;
2443557692.3088717;-85.723808288574219;
2443717948.7191281;-85.752815246582031;
2443878205.1293845;-85.696853637695313;
2444038461.5396409;-85.718040466308594;
2444198717.9498973;-85.704399108886719;
2444358974.3601537;-85.648895263671875;
2444519230.7704101;-85.711387634277344;
2444679487.1806664;-85.716110229492188;
2444839743.5909228;-85.708412170410156;
2445000000.0011792;-85.731552124023438;
2445160256.4114356;-85.733489990234375;
2445320512.8216925;-85.716117858886719;
2445480769.2319489;-85.714179992675781;
2445641025.6422052;-85.704551696777344;
2445801282.0524616;-85.716110229492188;
2445961538.462718;-85.714187622070313;
2446121794.8729744;-85.723823547363281;
2446282051.2832308;-85.733489990234375;
2446442307.6934872;-85.743148803710937;
2446602564.1037436;-85.731544494628906;
2446762820.5139999;-85.731552124023438;
2446923076.9242563;-85.733474731445313;
2447083333.3345127;-85.733482360839844;
2447243589.7447691;-85.727684020996094;
2447403846.1550255;-85.710334777832031;
2447564102.5652819;-85.716102600097656;
2447724358.9755383;-85.523155212402344;
2447884615.3857946;-85.696823120117187;
2448044871.796051;-85.731529235839844;
2448205128.2063074;-85.748939514160156;
2448365384.6165643;-85.710334777832031;
2448525641.0268207;-85.712257385253906;
2448685897.437077;-85.7373046875;
2448846153.8473334;-85.787750244140625;
2449006410.2575898;-85.795524597167969;
2449166666.6678462;-85.776092529296875;
2449326923.0781026;-84.754013061523438;
2449487179.488359;-84.347320556640625;
2449647435.8986154;-84.454803466796875;
2449807692.3088717;-84.185195922851563;
2449967948.7191281;-84.596015930175781;
2450128205.1293845;-84.82940673828125;
2450288461.5396409;-85.519416809082031;
2450448717.9498973;-85.694900512695312;
2450608974.3601537;-85.71417236328125;
2450769230.7704101;-85.787734985351563;
2450929487.1806664;-85.776069641113281;
2451089743.5909228;-85.797447204589844;
2451250000.0011792;-85.721893310546875;
2451410256.4114356;-85.739265441894531;
2451570512.8216925;-85.729598999023438;
2451730769.2319489;-85.737350463867188;
2451891025.6422052;-85.741218566894531;
2452051282.0524616;-85.719970703125;
2452211538.462718;-85.731544494628906;
2452371794.8729744;-85.652687072753906;
2452532051.2832308;-85.56494140625;
2452692307.6934872;-85.638763427734375;
2452852564.1037436;-85.724891662597656;
2453012820.5139999;-85.721893310546875;
2453173076.9242563;-85.729598999023438;
2453333333.3345127;-85.745048522949219;
2453493589.7447691;-85.772193908691406;
2453653846.1550255;-85.815010070800781;
2453814102.5652819;-85.809158325195313;
2453974358.9755383;-85.832565307617188;
2454134615.3857946;-85.834480285644531;
2454294871.796051;-85.824600219726563;
2454455128.2063074;-85.733474731445313;
2454615384.6165643;-85.760536193847656;
2454775641.0268207;-85.698768615722656;
2454935897.437077;-85.704536437988281;
2455096153.8473334;-85.723831176757813;
2455256410.2575898;-85.746986389160156;
2455416666.6678462;-85.789688110351562;
2455576923.0781026;-85.774154663085938;
2455737179.488359;-85.733413696289063;
2455897435.8986154;-85.551788330078125;
2456057692.3088717;-85.6507568359375;
2456217948.7191281;-85.78765869140625;
2456378205.1293845;-85.799392700195313;
2456538461.5396409;-85.638870239257813;
2456698717.9498973;-85.196861267089844;
2456858974.3601537;-85.608375549316406;
2457019230.7704101;-85.706466674804688;
2457179487.1806664;-85.727684020996094;
2457339743.5909228;-85.721900939941406;
2457500000.0011792;-85.77801513671875;
2457660256.4114356;-85.793533325195313;
2457820512.8216925;-85.852088928222656;
2457980769.2319489;-85.856056213378906;
2458141025.6422052;-85.791572570800781;
2458301282.0524616;-85.81890869140625;
2458461538.462718;-85.814994812011719;
2458621794.8729744;-85.824745178222656;
2458782051.2832308;-85.799415588378906;
2458942307.6934872;-85.826698303222656;
2459102564.1037436;-85.803306579589844;
2459262820.5139999;-85.809150695800781;
2459423076.9242563;-85.816963195800781;
2459583333.3345127;-85.814994812011719;
2459743589.7447691;-85.834518432617188;
2459903846.1550255;-85.822799682617188;
2460064102.5652819;-85.846267700195313;
2460224358.9755383;-85.813056945800781;
2460384615.3857946;-85.82086181640625;
2460544871.796051;-85.82281494140625;
2460705128.2063074;-85.801315307617188;
2460865384.6165643;-85.737350463867188;
2461025641.0268207;-85.714179992675781;
2461185897.437077;-85.764427185058594;
2461346153.8473334;-85.787742614746094;
2461506410.2575898;-85.859916687011719;
2461666666.6678462;-85.822700500488281;
2461826923.0781026;-85.81890869140625;
2461987179.488359;-85.807182312011719;
2462147435.8986154;-85.826698303222656;
2462307692.3088717;-85.81695556640625;
2462467948.7191281;-85.775978088378906;
2462628205.1293845;-85.820732116699219;
2462788461.5396409;-85.832542419433594;
2462948717.9498973;-85.828666687011719;
2463108974.3601537;-85.752792358398437;
2463269230.7704101;-85.797409057617187;
2463429487.1806664;-85.748916625976563;
2463589743.5909228;-85.779891967773438;
2463750000.0011792;-85.793449401855469;
2463910256.4114356;-85.801261901855469;
2464070512.8216925;-85.82672119140625;
2464230769.2319489;-85.762374877929688;
2464391025.6422052;-85.737327575683594;
2464551282.0524616;-85.766326904296875;
2464711538.462718;-85.830604553222656;
2464871794.8729744;-85.770217895507813;
2465032051.2832308;-85.816963195800781;
2465192307.6934872;-85.72381591796875;
2465352564.1037436;-85.795463562011719;
2465512820.5139999;-85.719879150390625;
2465673076.9242563;-85.783744812011719;
2465833333.3345127;-85.714187622070313;
2465993589.7447691;-85.698616027832031;
2466153846.1550255;-85.737281799316406;
2466314102.5652819;-85.739059448242187;
2466474358.9755383;-85.768302917480469;
2466634615.3857946;-85.710075378417969;
2466794871.796051;-85.807197570800781;
2466955128.2063074;-85.7005615234375;
2467115384.6165643;-85.795463562011719;
2467275641.0268207;-85.723579406738281;
2467435897.437077;-85.7637939453125;
2467596153.8473334;-85.662033081054688;
2467756410.2575898;-85.705734252929688;
2467916666.6678462;-85.700546264648438;
2468076923.0781026;-85.646316528320313;
2468237179.488359;-85.799285888671875;
2468397435.8986154;-85.585281372070313;
2468557692.3088717;-85.733444213867188;
2468717948.7191281;-85.585250854492188;
2468878205.1293845;-85.761848449707031;
2469038461.5396409;-85.539558410644531;
2469198717.9498973;-85.660270690917969;
2469358974.3601537;-85.613914489746094;
2469519230.7704101;-85.533134460449219;
2469679487.1806664;-85.554885864257813;
2469839743.5909228;-85.454780578613281;
2470000000.0011792;-85.650360107421875;
2470160256.4114356;-85.327255249023437;
2470320512.8216925;-85.654144287109375;
2470480769.2319489;-85.305488586425781;
2470641025.6422052;-85.608123779296875;
2470801282.0524616;-85.284965515136719;
2470961538.462718;-85.39239501953125;
2471121794.8729744;-85.340339660644531;
2471282051.2832308;-85.211326599121094;
2471442307.6934872;-85.486587524414063;
2471602564.1037436;-85.090118408203125;
2471762820.5139999;-85.52099609375;
2471923076.9242563;-85.106536865234375;
2472083333.3345127;-85.515647888183594;
2472243589.7447691;-85.229255676269531;
2472403846.1550255;-85.469985961914063;
2472564102.5652819;-85.373977661132812;
2472724358.9755383;-85.459548950195313;
2472884615.3857946;-85.550926208496094;
2473044871.796051;-85.426795959472656;
2473205128.2063074;-85.625389099121094;
2473365384.6165643;-85.503639221191406;
2473525641.0268207;-85.737197875976563;
2473685897.437077;-85.556777954101563;
2473846153.8473334;-85.751068115234375;
2474006410.2575898;-85.603355407714844;
2474166666.6678462;-85.735206604003906;
2474326923.0781026;-85.71209716796875;
2474487179.488359;-85.730865478515625;
2474647435.8986154;-85.752593994140625;
2474807692.3088717;-85.719352722167969;
2474967948.7191281;-85.774017333984375;
2475128205.1293845;-85.71002197265625;
2475288461.5396409;-85.7838134765625;
2475448717.9498973;-85.719779968261719;
2475608974.3601537;-85.772193908691406;
2475769230.7704101;-85.7373046875;
2475929487.1806664;-85.793495178222656;
2476089743.5909228;-85.748939514160156;
2476250000.0011792;-85.787551879882813;
2476410256.4114356;-85.781890869140625;
2476570512.8216925;-85.795478820800781;
2476730769.2319489;-85.795509338378906;
2476891025.6422052;-85.789657592773438;
2477051282.0524616;-85.861930847167969;
2477211538.462718;-85.814971923828125;
2477371794.8729744;-85.842300415039063;
2477532051.2832308;-85.822738647460938;
2477692307.6934872;-85.80908203125;
2477852564.1037436;-85.822807312011719;
2478012820.5139999;-85.7818603515625;
2478173076.9242563;-85.832550048828125;
2478333333.3345127;-85.828605651855469;
2478493589.7447691;-85.887458801269531;
2478653846.1550255;-85.824752807617188;
2478814102.5652819;-85.828666687011719;
2478974358.9755383;-85.826705932617188;
2479134615.3857946;-85.852134704589844;
2479294871.796051;-85.856056213378906;
2479455128.2063074;-85.838394165039063;
2479615384.6165643;-85.835647583007813;
2479775641.0268207;-85.820846557617188;
2479935897.437077;-85.887466430664063;
2480096153.8473334;-85.861923217773438;
2480256410.2575898;-85.832572937011719;
2480416666.6678462;-85.824760437011719;
2480576923.0781026;-85.81500244140625;
2480737179.488359;-85.809120178222656;
2480897435.8986154;-85.854087829589844;
2481057692.3088717;-85.859970092773437;
2481217948.7191281;-85.867805480957031;
2481378205.1293845;-85.854103088378906;
2481538461.5396409;-85.867782592773438;
2481698717.9498973;-85.858016967773438;
2481858974.3601537;-85.879600524902344;
2482019230.7704101;-85.877632141113281;
2482179487.1806664;-85.895332336425781;
2482339743.5909228;-85.905174255371094;
2482500000.0011792;-85.905181884765625;
2482660256.4114356;-85.899261474609375;
2482820512.8216925;-85.877578735351563;
2482980769.2319489;-85.89727783203125;
2483141025.6422052;-85.828666687011719;
2483301282.0524616;-85.844589233398438;
2483461538.462718;-85.824760437011719;
2483621794.8729744;-85.830619812011719;
2483782051.2832308;-85.82086181640625;
2483942307.6934872;-85.82672119140625;
2484102564.1037436;-85.824760437011719;
2484262820.5139999;-85.854103088378906;
