Type;ESU;
Version;4.43;
Date;03.Jun 16;
Mode;ANALYZER;
Center Freq;2434262820.514000;Hz
Freq Offset;0.000000;Hz
Span;100000000.000000;Hz
x-Axis;LIN;
Start;2384262820.514000;Hz
Stop;2484262820.514000;Hz
Ref Level;-9.000000;dBm
Level Offset;0.000000;dB
Ref Position;100.000000;%
y-Axis;LOG;
Level Range;100.000000;dB
Rf Att;5.000000;dB
RBW;2000000.000000;Hz
VBW;50.000000;Hz
SWT;2.500000;s
Trace Mode;CLR/WRITE;
Detector;RMS;
Sweep Count;0;
Trace 1:;;
x-Unit;Hz;
y-Unit;dBm;
Values;625;
2384262820.5139999;-85.765853881835938;
2384423076.9242563;-85.708412170410156;
2384583333.3345127;-85.737350463867188;
2384743589.7447691;-85.727676391601563;
2384903846.1550255;-85.762504577636719;
2385064102.5652819;-85.74896240234375;
2385224358.9755383;-85.764457702636719;
2385384615.3857946;-85.768318176269531;
2385544871.796051;-85.785804748535156;
2385705128.2063074;-85.801361083984375;
2385865384.6165643;-85.795494079589844;
2386025641.0268207;-85.758613586425781;
2386185897.437077;-85.7547607421875;
2386346153.8473334;-85.725753784179688;
2386506410.2575898;-85.704559326171875;
2386666666.6678462;-85.70648193359375;
2386826923.0781026;-85.725753784179688;
2386987179.488359;-85.723831176757813;
2387147435.8986154;-85.745498657226563;
2387307692.3088717;-85.698226928710937;
2387467948.7191281;-85.714187622070313;
2387628205.1293845;-85.702629089355469;
2387788461.5396409;-85.711433410644531;
2387948717.9498973;-85.7060546875;
2388108974.3601537;-85.715835571289063;
2388269230.7704101;-85.716331481933594;
2388429487.1806664;-85.748916625976563;
2388589743.5909228;-85.782196044921875;
2388750000.0011792;-85.728302001953125;
2388910256.4114356;-85.713630676269531;
2389070512.8216925;-85.714614868164063;
2389230769.2319489;-85.691078186035156;
2389391025.6422052;-85.668006896972656;
2389551282.0524616;-85.7296142578125;
2389711538.462718;-85.748954772949219;
2389871794.8729744;-85.699188232421875;
2390032051.2832308;-85.689155578613281;
2390192307.6934872;-85.694915771484375;
2390352564.1037436;-85.694931030273438;
2390512820.5139999;-85.71142578125;
2390673076.9242563;-85.683830261230469;
2390833333.3345127;-85.702629089355469;
2390993589.7447691;-85.671852111816406;
2391153846.1550255;-85.633598327636719;
2391314102.5652819;-85.660362243652344;
2391474358.9755383;-85.708412170410156;
2391634615.3857946;-85.709236145019531;
2391794871.796051;-85.704345703125;
2391955128.2063074;-85.708412170410156;
2392115384.6165643;-85.696853637695313;
2392275641.0268207;-85.6929931640625;
2392435897.437077;-85.68145751953125;
2392596153.8473334;-85.696853637695313;
2392756410.2575898;-85.693817138671875;
2392916666.6678462;-85.699203491210937;
2393076923.0781026;-85.681480407714844;
2393237179.488359;-85.70648193359375;
2393397435.8986154;-85.668014526367188;
2393557692.3088717;-85.646965026855469;
2393717948.7191281;-85.631690979003906;
2393878205.1293845;-85.61724853515625;
2394038461.5396409;-85.675262451171875;
2394198717.9498973;-85.713638305664063;
2394358974.3601537;-85.704338073730469;
2394519230.7704101;-85.711433410644531;
2394679487.1806664;-85.714187622070313;
2394839743.5909228;-85.660346984863281;
2395000000.0011792;-85.654632568359375;
2395160256.4114356;-85.680397033691406;
2395320512.8216925;-85.663093566894531;
2395480769.2319489;-85.610710144042969;
2395641025.6422052;-85.671867370605469;
2395801282.0524616;-85.660369873046875;
2395961538.462718;-85.648895263671875;
2396121794.8729744;-85.654640197753906;
2396282051.2832308;-85.6527099609375;
2396442307.6934872;-85.654632568359375;
2396602564.1037436;-85.685317993164063;
2396762820.5139999;-85.627861022949219;
2396923076.9242563;-85.660362243652344;
2397083333.3345127;-85.650802612304688;
2397243589.7447691;-85.631683349609375;
2397403846.1550255;-85.635505676269531;
2397564102.5652819;-85.641242980957031;
2397724358.9755383;-85.618331909179687;
2397884615.3857946;-85.606895446777344;
2398044871.796051;-85.635498046875;
2398205128.2063074;-85.671890258789063;
2398365384.6165643;-85.669960021972656;
2398525641.0268207;-85.627861022949219;
2398685897.437077;-85.63360595703125;
2398846153.8473334;-85.645065307617188;
2399006410.2575898;-85.624053955078125;
2399166666.6678462;-85.629776000976563;
2399326923.0781026;-85.637428283691406;
2399487179.488359;-85.620246887207031;
2399647435.8986154;-85.622154235839844;
2399807692.3088717;-85.618339538574219;
2399967948.7191281;-85.622146606445313;
2400128205.1293845;-85.627876281738281;
2400288461.5396409;-85.6202392578125;
2400448717.9498973;-85.606880187988281;
2400608974.3601537;-85.637428283691406;
2400769230.7704101;-85.606887817382812;
2400929487.1806664;-85.603096008300781;
2401089743.5909228;-85.62786865234375;
2401250000.0011792;-85.618324279785156;
2401410256.4114356;-85.606895446777344;
2401570512.8216925;-85.622146606445313;
2401730769.2319489;-85.633598327636719;
2401891025.6422052;-85.631690979003906;
2402051282.0524616;-85.618339538574219;
2402211538.462718;-85.610702514648437;
2402371794.8729744;-85.616432189941406;
2402532051.2832308;-85.627876281738281;
2402692307.6934872;-85.629783630371094;
2402852564.1037436;-85.629783630371094;
2403012820.5139999;-85.639328002929688;
2403173076.9242563;-85.620231628417969;
2403333333.3345127;-85.624053955078125;
2403493589.7447691;-85.648895263671875;
2403653846.1550255;-85.650794982910156;
2403814102.5652819;-85.618339538574219;
2403974358.9755383;-85.639328002929688;
2404134615.3857946;-85.671882629394531;
2404294871.796051;-85.693008422851562;
2404455128.2063074;-85.625961303710938;
2404615384.6165643;-85.622154235839844;
2404775641.0268207;-85.620246887207031;
2404935897.437077;-85.683380126953125;
2405096153.8473334;-85.68145751953125;
2405256410.2575898;-85.675689697265625;
2405416666.6678462;-85.658439636230469;
2405576923.0781026;-85.627876281738281;
2405737179.488359;-85.614524841308594;
2405897435.8986154;-85.6429443359375;
2406057692.3088717;-85.619430541992188;
2406217948.7191281;-85.625968933105469;
2406378205.1293845;-85.614105224609375;
2406538461.5396409;-85.625946044921875;
2406698717.9498973;-85.628135681152344;
2406858974.3601537;-85.615791320800781;
2407019230.7704101;-85.635513305664063;
2407179487.1806664;-85.650802612304688;
2407339743.5909228;-85.662246704101563;
2407500000.0011792;-85.712265014648437;
2407660256.4114356;-85.660316467285156;
2407820512.8216925;-85.633598327636719;
2407980769.2319489;-85.608802795410156;
2408141025.6422052;-85.635505676269531;
2408301282.0524616;-85.637405395507813;
2408461538.462718;-85.618339538574219;
2408621794.8729744;-85.650787353515625;
2408782051.2832308;-85.70648193359375;
2408942307.6934872;-85.70648193359375;
2409102564.1037436;-85.693008422851562;
2409262820.5139999;-85.708412170410156;
2409423076.9242563;-85.712257385253906;
2409583333.3345127;-85.708412170410156;
2409743589.7447691;-85.70648193359375;
2409903846.1550255;-85.708396911621094;
2410064102.5652819;-85.683319091796875;
2410224358.9755383;-85.639305114746094;
2410384615.3857946;-85.648887634277344;
2410544871.796051;-85.656532287597656;
2410705128.2063074;-85.673797607421875;
2410865384.6165643;-85.6929931640625;
2411025641.0268207;-85.660346984863281;
2411185897.437077;-85.639297485351562;
2411346153.8473334;-85.679550170898437;
2411506410.2575898;-85.655006408691406;
2411666666.6678462;-85.625968933105469;
2411826923.0781026;-85.669952392578125;
2411987179.488359;-85.700706481933594;
2412147435.8986154;-85.696853637695313;
2412307692.3088717;-85.66229248046875;
2412467948.7191281;-85.635498046875;
2412628205.1293845;-85.637428283691406;
2412788461.5396409;-85.652717590332031;
2412948717.9498973;-85.656539916992188;
2413108974.3601537;-85.708412170410156;
2413269230.7704101;-85.691070556640625;
2413429487.1806664;-85.698768615722656;
2413589743.5909228;-85.708412170410156;
2413750000.0011792;-85.70703125;
2413910256.4114356;-85.708404541015625;
2414070512.8216925;-85.6929931640625;
2414230769.2319489;-85.635513305664063;
2414391025.6422052;-85.698707580566406;
2414551282.0524616;-85.719940185546875;
2414711538.462718;-85.664215087890625;
2414871794.8729744;-85.639328002929688;
2415032051.2832308;-85.620246887207031;
2415192307.6934872;-85.683372497558594;
2415352564.1037436;-85.70263671875;
2415512820.5139999;-85.702629089355469;
2415673076.9242563;-85.696853637695313;
2415833333.3345127;-85.704551696777344;
2415993589.7447691;-85.710334777832031;
2416153846.1550255;-85.711433410644531;
2416314102.5652819;-85.680389404296875;
2416474358.9755383;-85.652168273925781;
2416634615.3857946;-85.685317993164063;
2416794871.796051;-85.646949768066406;
2416955128.2063074;-85.629776000976563;
2417115384.6165643;-85.633590698242188;
2417275641.0268207;-85.639335632324219;
2417435897.437077;-85.637420654296875;
2417596153.8473334;-85.645057678222656;
2417756410.2575898;-85.677635192871094;
2417916666.6678462;-85.700691223144531;
2418076923.0781026;-85.687248229980469;
2418237179.488359;-85.698776245117188;
2418397435.8986154;-85.708404541015625;
2418557692.3088717;-85.702629089355469;
2418717948.7191281;-85.708412170410156;
2418878205.1293845;-85.698776245117188;
2419038461.5396409;-85.710334777832031;
2419198717.9498973;-85.70648193359375;
2419358974.3601537;-85.696853637695313;
2419519230.7704101;-85.691070556640625;
2419679487.1806664;-85.70263671875;
2419839743.5909228;-85.704559326171875;
2420000000.0011792;-85.700706481933594;
2420160256.4114356;-85.654632568359375;
2420320512.8216925;-85.652725219726563;
2420480769.2319489;-85.643150329589844;
2420641025.6422052;-85.689430236816406;
2420801282.0524616;-85.70648193359375;
2420961538.462718;-85.70648193359375;
2421121794.8729744;-85.708412170410156;
2421282051.2832308;-85.708412170410156;
2421442307.6934872;-85.673805236816406;
2421602564.1037436;-85.648841857910156;
2421762820.5139999;-85.6202392578125;
2421923076.9242563;-85.675712585449219;
2422083333.3345127;-85.627861022949219;
2422243589.7447691;-85.633590698242188;
2422403846.1550255;-85.681465148925781;
2422564102.5652819;-85.700431823730469;
2422724358.9755383;-85.699211120605469;
2422884615.3857946;-85.682853698730469;
2423044871.796051;-85.708412170410156;
2423205128.2063074;-85.714179992675781;
2423365384.6165643;-85.691085815429687;
2423525641.0268207;-85.700706481933594;
2423685897.437077;-85.704551696777344;
2423846153.8473334;-85.677635192871094;
2424006410.2575898;-85.689155578613281;
2424166666.6678462;-85.679557800292969;
2424326923.0781026;-85.66229248046875;
2424487179.488359;-85.702629089355469;
2424647435.8986154;-85.70648193359375;
2424807692.3088717;-85.708412170410156;
2424967948.7191281;-85.689163208007813;
2425128205.1293845;-85.683387756347656;
2425288461.5396409;-85.698768615722656;
2425448717.9498973;-85.691085815429687;
2425608974.3601537;-85.700706481933594;
2425769230.7704101;-85.691070556640625;
2425929487.1806664;-85.694931030273438;
2426089743.5909228;-85.710334777832031;
2426250000.0011792;-85.716110229492188;
2426410256.4114356;-85.708396911621094;
2426570512.8216925;-85.702629089355469;
2426730769.2319489;-85.669960021972656;
2426891025.6422052;-85.6929931640625;
2427051282.0524616;-85.645057678222656;
2427211538.462718;-85.675712585449219;
2427371794.8729744;-85.714187622070313;
2427532051.2832308;-85.679550170898437;
2427692307.6934872;-85.696861267089844;
2427852564.1037436;-85.696861267089844;
2428012820.5139999;-85.714187622070313;
2428173076.9242563;-85.729606628417969;
2428333333.3345127;-85.689155578613281;
2428493589.7447691;-85.65460205078125;
2428653846.1550255;-85.650741577148438;
2428814102.5652819;-85.704551696777344;
2428974358.9755383;-85.597373962402344;
2429134615.3857946;-85.624015808105469;
2429294871.796051;-85.394157409667969;
2429455128.2063074;-85.482078552246094;
2429615384.6165643;-84.995941162109375;
2429775641.0268207;-85.083206176757812;
2429935897.437077;-84.449111938476562;
2430096153.8473334;-84.518058776855469;
2430256410.2575898;-83.366424560546875;
2430416666.6678462;-83.400154113769531;
2430576923.0781026;-81.699134826660156;
2430737179.488359;-81.868194580078125;
2430897435.8986154;-79.353065490722656;
2431057692.3088717;-78.831756591796875;
2431217948.7191281;-75.398872375488281;
2431378205.1293845;-74.708259582519531;
2431538461.5396409;-72.021812438964844;
2431698717.9498973;-71.011856079101563;
2431858974.3601537;-69.232597351074219;
2432019230.7704101;-67.950767517089844;
2432179487.1806664;-65.894813537597656;
2432339743.5909228;-65.872222900390625;
2432500000.0011792;-63.783973693847656;
2432660256.4114356;-63.494014739990234;
2432820512.8216925;-61.528358459472656;
2432980769.2319489;-60.342330932617187;
2433141025.6422052;-58.525585174560547;
2433301282.0524616;-56.845481872558594;
2433461538.462718;-55.358707427978516;
2433621794.8729744;-53.979419708251953;
2433782051.2832308;-53.027572631835938;
2433942307.6934872;-52.394443511962891;
2434102564.1037436;-51.925392150878906;
2434262820.5139999;-51.823478698730469;
2434423076.9242563;-51.662300109863281;
2434583333.3345127;-51.977146148681641;
2434743589.7447691;-51.930458068847656;
2434903846.1550255;-52.20880126953125;
2435064102.5652819;-51.859340667724609;
2435224358.9755383;-52.486125946044922;
2435384615.3857946;-52.361515045166016;
2435544871.796051;-52.983829498291016;
2435705128.2063074;-53.148391723632812;
2435865384.6165643;-54.257373809814453;
2436025641.0268207;-55.513938903808594;
2436185897.437077;-57.039997100830078;
2436346153.8473334;-57.905132293701172;
2436506410.2575898;-59.493618011474609;
2436666666.6678462;-60.682891845703125;
2436826923.0781026;-62.87359619140625;
2436987179.488359;-63.689815521240234;
2437147435.8986154;-64.517898559570312;
2437307692.3088717;-65.255088806152344;
2437467948.7191281;-66.1619873046875;
2437628205.1293845;-68.068870544433594;
2437788461.5396409;-68.994049072265625;
2437948717.9498973;-70.316627502441406;
2438108974.3601537;-71.371772766113281;
2438269230.7704101;-72.993499755859375;
2438429487.1806664;-75.070022583007812;
2438589743.5909228;-76.449897766113281;
2438750000.0011792;-77.498580932617188;
2438910256.4114356;-78.517829895019531;
2439070512.8216925;-79.376228332519531;
2439230769.2319489;-80.873443603515625;
2439391025.6422052;-81.398239135742187;
2439551282.0524616;-82.135147094726563;
2439711538.462718;-82.5657958984375;
2439871794.8729744;-83.463233947753906;
2440032051.2832308;-84.318038940429688;
2440192307.6934872;-84.815719604492187;
2440352564.1037436;-85.016029357910156;
2440512820.5139999;-85.228691101074219;
2440673076.9242563;-85.397933959960937;
2440833333.3345127;-85.572639465332031;
2440993589.7447691;-85.633598327636719;
2441153846.1550255;-85.702621459960937;
2441314102.5652819;-85.719970703125;
2441474358.9755383;-85.719978332519531;
2441634615.3857946;-85.745086669921875;
2441794871.796051;-85.770240783691406;
2441955128.2063074;-85.836479187011719;
2442115384.6165643;-85.785797119140625;
2442275641.0268207;-85.852142333984375;
2442435897.437077;-85.81695556640625;
2442596153.8473334;-85.791633605957031;
2442756410.2575898;-85.81109619140625;
2442916666.6678462;-85.82086181640625;
2443076923.0781026;-85.82086181640625;
2443237179.488359;-85.822257995605469;
2443397435.8986154;-85.83062744140625;
2443557692.3088717;-85.811111450195313;
2443717948.7191281;-85.81890869140625;
2443878205.1293845;-85.813056945800781;
2444038461.5396409;-85.813056945800781;
2444198717.9498973;-85.815010070800781;
2444358974.3601537;-85.777992248535156;
2444519230.7704101;-85.704551696777344;
2444679487.1806664;-85.710334777832031;
2444839743.5909228;-85.716094970703125;
2445000000.0011792;-85.716117858886719;
2445160256.4114356;-85.718040466308594;
2445320512.8216925;-85.723831176757813;
2445480769.2319489;-85.733451843261719;
2445641025.6422052;-85.704536437988281;
2445801282.0524616;-85.750892639160156;
2445961538.462718;-85.774154663085938;
2446121794.8729744;-85.793571472167969;
2446282051.2832308;-85.82086181640625;
2446442307.6934872;-85.838432312011719;
2446602564.1037436;-85.826713562011719;
2446762820.5139999;-85.816963195800781;
2446923076.9242563;-85.813056945800781;
2447083333.3345127;-85.776084899902344;
2447243589.7447691;-85.7896728515625;
2447403846.1550255;-85.82086181640625;
2447564102.5652819;-85.803291320800781;
2447724358.9755383;-85.826705932617188;
2447884615.3857946;-85.861907958984375;
2448044871.796051;-85.826713562011719;
2448205128.2063074;-85.826713562011719;
2448365384.6165643;-85.826713562011719;
2448525641.0268207;-85.815010070800781;
2448685897.437077;-85.818038940429687;
2448846153.8473334;-85.815010070800781;
2449006410.2575898;-85.81695556640625;
2449166666.6678462;-85.84820556640625;
2449326923.0781026;-85.81500244140625;
2449487179.488359;-85.84429931640625;
2449647435.8986154;-85.820854187011719;
2449807692.3088717;-85.813056945800781;
2449967948.7191281;-85.828666687011719;
2450128205.1293845;-85.83062744140625;
2450288461.5396409;-85.81890869140625;
2450448717.9498973;-85.816963195800781;
2450608974.3601537;-85.807197570800781;
2450769230.7704101;-85.81109619140625;
2450929487.1806664;-85.815010070800781;
2451089743.5909228;-85.762397766113281;
2451250000.0011792;-85.774139404296875;
2451410256.4114356;-85.820854187011719;
2451570512.8216925;-85.834518432617188;
2451730769.2319489;-85.772178649902344;
2451891025.6422052;-85.739242553710937;
2452051282.0524616;-85.81695556640625;
2452211538.462718;-85.824745178222656;
2452371794.8729744;-85.865859985351563;
2452532051.2832308;-85.83453369140625;
2452692307.6934872;-85.826713562011719;
2452852564.1037436;-85.82086181640625;
2453012820.5139999;-85.828651428222656;
2453173076.9242563;-85.813018798828125;
2453333333.3345127;-85.830619812011719;
2453493589.7447691;-85.85015869140625;
2453653846.1550255;-85.863883972167969;
2453814102.5652819;-85.828659057617188;
2453974358.9755383;-85.803306579589844;
2454134615.3857946;-85.813056945800781;
2454294871.796051;-85.836471557617188;
2454455128.2063074;-85.871742248535156;
2454615384.6165643;-85.822807312011719;
2454775641.0268207;-85.840400695800781;
2454935897.437077;-85.85626220703125;
2455096153.8473334;-85.826705932617188;
2455256410.2575898;-85.750656127929688;
2455416666.6678462;-85.81890869140625;
2455576923.0781026;-85.859947204589844;
2455737179.488359;-85.8619384765625;
2455897435.8986154;-85.824760437011719;
2456057692.3088717;-85.83062744140625;
2456217948.7191281;-85.834526062011719;
2456378205.1293845;-85.828666687011719;
2456538461.5396409;-85.813056945800781;
2456698717.9498973;-85.848182678222656;
2456858974.3601537;-85.90911865234375;
2457019230.7704101;-85.840385437011719;
2457179487.1806664;-85.832565307617188;
2457339743.5909228;-85.828659057617188;
2457500000.0011792;-85.82281494140625;
2457660256.4114356;-85.838424682617187;
2457820512.8216925;-85.869781494140625;
2457980769.2319489;-85.828651428222656;
2458141025.6422052;-85.822799682617188;
2458301282.0524616;-85.832565307617188;
2458461538.462718;-85.820838928222656;
2458621794.8729744;-85.82476806640625;
2458782051.2832308;-85.826705932617188;
2458942307.6934872;-85.87567138671875;
2459102564.1037436;-85.865852355957031;
2459262820.5139999;-85.858009338378906;
2459423076.9242563;-85.909126281738281;
2459583333.3345127;-85.909126281738281;
2459743589.7447691;-85.913063049316406;
2459903846.1550255;-85.89532470703125;
2460064102.5652819;-85.917007446289062;
2460224358.9755383;-85.909126281738281;
2460384615.3857946;-85.907150268554688;
2460544871.796051;-85.901237487792969;
2460705128.2063074;-85.905174255371094;
2460865384.6165643;-85.918983459472656;
2461025641.0268207;-85.905166625976563;
2461185897.437077;-85.893356323242187;
2461346153.8473334;-85.9150390625;
2461506410.2575898;-85.920944213867188;
2461666666.6678462;-85.873672485351563;
2461826923.0781026;-85.893363952636719;
2461987179.488359;-85.879592895507813;
2462147435.8986154;-85.913063049316406;
2462307692.3088717;-85.911094665527344;
2462467948.7191281;-85.893348693847656;
2462628205.1293845;-85.911094665527344;
2462788461.5396409;-85.885498046875;
2462948717.9498973;-85.9012451171875;
2463108974.3601537;-85.881561279296875;
2463269230.7704101;-85.938713073730469;
2463429487.1806664;-85.916999816894531;
2463589743.5909228;-85.913063049316406;
2463750000.0011792;-85.911094665527344;
2463910256.4114356;-85.911094665527344;
2464070512.8216925;-85.917015075683594;
2464230769.2319489;-85.918983459472656;
2464391025.6422052;-85.907150268554688;
2464551282.0524616;-85.911094665527344;
2464711538.462718;-85.924896240234375;
2464871794.8729744;-85.911079406738281;
2465032051.2832308;-85.871742248535156;
2465192307.6934872;-85.848228454589844;
2465352564.1037436;-85.87957763671875;
2465512820.5139999;-85.905181884765625;
2465673076.9242563;-85.911094665527344;
2465833333.3345127;-85.909126281738281;
2465993589.7447691;-85.909126281738281;
2466153846.1550255;-85.893363952636719;
2466314102.5652819;-85.932815551757813;
2466474358.9755383;-85.887451171875;
2466634615.3857946;-85.909126281738281;
2466794871.796051;-85.916999816894531;
2466955128.2063074;-85.962509155273437;
2467115384.6165643;-85.940711975097656;
2467275641.0268207;-85.901222229003906;
2467435897.437077;-85.88543701171875;
2467596153.8473334;-85.907150268554688;
2467756410.2575898;-85.907150268554688;
2467916666.6678462;-85.907150268554688;
2468076923.0781026;-85.879600524902344;
2468237179.488359;-85.881568908691406;
2468397435.8986154;-85.90911865234375;
2468557692.3088717;-85.907119750976563;
2468717948.7191281;-85.922935485839844;
2468878205.1293845;-85.907150268554688;
2469038461.5396409;-85.885490417480469;
2469198717.9498973;-85.89532470703125;
2469358974.3601537;-85.9031982421875;
2469519230.7704101;-85.879600524902344;
2469679487.1806664;-85.922935485839844;
2469839743.5909228;-85.918983459472656;
2470000000.0011792;-85.911094665527344;
2470160256.4114356;-85.9031982421875;
2470320512.8216925;-85.911094665527344;
2470480769.2319489;-85.883522033691406;
2470641025.6422052;-85.918983459472656;
2470801282.0524616;-85.895309448242188;
2470961538.462718;-85.918983459472656;
2471121794.8729744;-85.899246215820313;
2471282051.2832308;-85.90911865234375;
2471442307.6934872;-85.830604553222656;
2471602564.1037436;-85.82672119140625;
2471762820.5139999;-85.802406311035156;
2471923076.9242563;-85.875946044921875;
2472083333.3345127;-85.90118408203125;
2472243589.7447691;-85.903213500976563;
2472403846.1550255;-85.854019165039063;
2472564102.5652819;-85.83843994140625;
2472724358.9755383;-85.807167053222656;
2472884615.3857946;-85.84234619140625;
2473044871.796051;-85.814933776855469;
2473205128.2063074;-85.899269104003906;
2473365384.6165643;-85.824752807617188;
2473525641.0268207;-85.885459899902344;
2473685897.437077;-85.85601806640625;
2473846153.8473334;-85.840347290039063;
2474006410.2575898;-85.814994812011719;
2474166666.6678462;-85.832565307617188;
2474326923.0781026;-85.883529663085937;
2474487179.488359;-85.854042053222656;
2474647435.8986154;-85.852142333984375;
2474807692.3088717;-85.852119445800781;
2474967948.7191281;-85.875625610351563;
2475128205.1293845;-85.871711730957031;
2475288461.5396409;-85.83062744140625;
2475448717.9498973;-85.822799682617188;
2475608974.3601537;-85.87762451171875;
2475769230.7704101;-85.885490417480469;
2475929487.1806664;-85.905181884765625;
2476089743.5909228;-85.901237487792969;
2476250000.0011792;-85.8736572265625;
2476410256.4114356;-85.854087829589844;
2476570512.8216925;-85.865859985351563;
2476730769.2319489;-85.909111022949219;
2476891025.6422052;-85.9150390625;
2477051282.0524616;-85.881561279296875;
2477211538.462718;-85.895309448242188;
2477371794.8729744;-85.893363952636719;
2477532051.2832308;-85.877632141113281;
2477692307.6934872;-85.844284057617188;
2477852564.1037436;-85.824485778808594;
2478012820.5139999;-85.83453369140625;
2478173076.9242563;-85.809150695800781;
2478333333.3345127;-85.84039306640625;
2478493589.7447691;-85.865837097167969;
2478653846.1550255;-85.885498046875;
2478814102.5652819;-85.82086181640625;
2478974358.9755383;-85.848220825195313;
2479134615.3857946;-85.84039306640625;
2479294871.796051;-85.81500244140625;
2479455128.2063074;-85.826713562011719;
2479615384.6165643;-85.830619812011719;
2479775641.0268207;-85.861923217773438;
2479935897.437077;-85.909126281738281;
2480096153.8473334;-85.909126281738281;
2480256410.2575898;-85.901237487792969;
2480416666.6678462;-85.905181884765625;
2480576923.0781026;-85.895317077636719;
2480737179.488359;-85.90911865234375;
2480897435.8986154;-85.915023803710938;
2481057692.3088717;-85.913063049316406;
2481217948.7191281;-85.92095947265625;
2481378205.1293845;-85.911094665527344;
2481538461.5396409;-85.909126281738281;
2481698717.9498973;-85.907150268554688;
2481858974.3601537;-85.907424926757813;
2482019230.7704101;-85.927970886230469;
2482179487.1806664;-85.891670227050781;
2482339743.5909228;-85.9031982421875;
2482500000.0011792;-85.90911865234375;
2482660256.4114356;-85.905174255371094;
2482820512.8216925;-85.9150390625;
2482980769.2319489;-85.911087036132812;
2483141025.6422052;-85.885482788085938;
2483301282.0524616;-85.918983459472656;
2483461538.462718;-85.918983459472656;
2483621794.8729744;-85.92095947265625;
2483782051.2832308;-85.90911865234375;
2483942307.6934872;-85.905174255371094;
2484102564.1037436;-85.909111022949219;
2484262820.5139999;-85.873703002929687;
