Type;ESU;
Version;4.43;
Date;03.Jun 16;
Mode;ANALYZER;
Center Freq;2434262820.514000;Hz
Freq Offset;0.000000;Hz
Span;100000000.000000;Hz
x-Axis;LIN;
Start;2384262820.514000;Hz
Stop;2484262820.514000;Hz
Ref Level;-9.000000;dBm
Level Offset;0.000000;dB
Ref Position;100.000000;%
y-Axis;LOG;
Level Range;100.000000;dB
Rf Att;5.000000;dB
RBW;2000000.000000;Hz
VBW;50.000000;Hz
SWT;2.500000;s
Trace Mode;CLR/WRITE;
Detector;RMS;
Sweep Count;0;
Trace 1:;;
x-Unit;Hz;
y-Unit;dBm;
Values;625;
2384262820.5139999;-85.714187622070313;
2384423076.9242563;-85.733474731445313;
2384583333.3345127;-85.760574340820313;
2384743589.7447691;-85.748931884765625;
2384903846.1550255;-85.704551696777344;
2385064102.5652819;-85.712265014648437;
2385224358.9755383;-85.708412170410156;
2385384615.3857946;-85.718009948730469;
2385544871.796051;-85.801361083984375;
2385705128.2063074;-85.7955322265625;
2385865384.6165643;-85.772209167480469;
2386025641.0268207;-85.700691223144531;
2386185897.437077;-85.704559326171875;
2386346153.8473334;-85.70648193359375;
2386506410.2575898;-85.712257385253906;
2386666666.6678462;-85.735389709472656;
2386826923.0781026;-85.721885681152344;
2386987179.488359;-85.716117858886719;
2387147435.8986154;-85.716110229492188;
2387307692.3088717;-85.702621459960937;
2387467948.7191281;-85.716102600097656;
2387628205.1293845;-85.716110229492188;
2387788461.5396409;-85.712257385253906;
2387948717.9498973;-85.718032836914063;
2388108974.3601537;-85.710334777832031;
2388269230.7704101;-85.719955444335938;
2388429487.1806664;-85.669967651367188;
2388589743.5909228;-85.708404541015625;
2388750000.0011792;-85.704551696777344;
2388910256.4114356;-85.681480407714844;
2389070512.8216925;-85.677635192871094;
2389230769.2319489;-85.704536437988281;
2389391025.6422052;-85.69683837890625;
2389551282.0524616;-85.648887634277344;
2389711538.462718;-85.704544067382812;
2389871794.8729744;-85.687225341796875;
2390032051.2832308;-85.708412170410156;
2390192307.6934872;-85.673782348632813;
2390352564.1037436;-85.694923400878906;
2390512820.5139999;-85.660346984863281;
2390673076.9242563;-85.704551696777344;
2390833333.3345127;-85.650680541992188;
2390993589.7447691;-85.646980285644531;
2391153846.1550255;-85.622062683105469;
2391314102.5652819;-85.656539916992188;
2391474358.9755383;-85.597259521484375;
2391634615.3857946;-85.625968933105469;
2391794871.796051;-85.585845947265625;
2391955128.2063074;-85.637413024902344;
2392115384.6165643;-85.487571716308594;
2392275641.0268207;-85.614463806152344;
2392435897.437077;-85.491310119628906;
2392596153.8473334;-85.593551635742187;
2392756410.2575898;-85.401161193847656;
2392916666.6678462;-85.622108459472656;
2393076923.0781026;-85.412582397460938;
2393237179.488359;-85.566780090332031;
2393397435.8986154;-85.470443725585938;
2393557692.3088717;-85.604598999023437;
2393717948.7191281;-85.47998046875;
2393878205.1293845;-85.471931457519531;
2394038461.5396409;-85.510078430175781;
2394198717.9498973;-85.5228271484375;
2394358974.3601537;-85.5574951171875;
2394519230.7704101;-85.457412719726563;
2394679487.1806664;-85.551811218261719;
2394839743.5909228;-85.489234924316406;
2395000000.0011792;-85.61065673828125;
2395160256.4114356;-85.527023315429688;
2395320512.8216925;-85.563217163085938;
2395480769.2319489;-85.521591186523438;
2395641025.6422052;-85.624031066894531;
2395801282.0524616;-85.564964294433594;
2395961538.462718;-85.625968933105469;
2396121794.8729744;-85.597358703613281;
2396282051.2832308;-85.612617492675781;
2396442307.6934872;-85.595466613769531;
2396602564.1037436;-85.629768371582031;
2396762820.5139999;-85.627822875976563;
2396923076.9242563;-85.646934509277344;
2397083333.3345127;-85.587875366210938;
2397243589.7447691;-85.622154235839844;
2397403846.1550255;-85.610664367675781;
2397564102.5652819;-85.6202392578125;
2397724358.9755383;-85.6202392578125;
2397884615.3857946;-85.603073120117187;
2398044871.796051;-85.614517211914062;
2398205128.2063074;-85.625961303710938;
2398365384.6165643;-85.618339538574219;
2398525641.0268207;-85.617202758789063;
2398685897.437077;-85.631034851074219;
2398846153.8473334;-85.599739074707031;
2399006410.2575898;-85.571830749511719;
2399166666.6678462;-85.625946044921875;
2399326923.0781026;-85.631050109863281;
2399487179.488359;-85.60198974609375;
2399647435.8986154;-85.610710144042969;
2399807692.3088717;-85.614456176757813;
2399967948.7191281;-85.6202392578125;
2400128205.1293845;-85.622146606445313;
2400288461.5396409;-85.650802612304688;
2400448717.9498973;-85.601181030273438;
2400608974.3601537;-85.637428283691406;
2400769230.7704101;-85.5877685546875;
2400929487.1806664;-85.532943725585938;
2401089743.5909228;-85.618316650390625;
2401250000.0011792;-85.625961303710938;
2401410256.4114356;-85.614524841308594;
2401570512.8216925;-85.625961303710938;
2401730769.2319489;-85.616432189941406;
2401891025.6422052;-85.612617492675781;
2402051282.0524616;-85.606895446777344;
2402211538.462718;-85.582176208496094;
2402371794.8729744;-85.538619995117188;
2402532051.2832308;-85.603073120117187;
2402692307.6934872;-85.645042419433594;
2402852564.1037436;-85.631668090820312;
2403012820.5139999;-85.622146606445313;
2403173076.9242563;-85.629776000976563;
2403333333.3345127;-85.629783630371094;
2403493589.7447691;-85.610710144042969;
2403653846.1550255;-85.625961303710938;
2403814102.5652819;-85.601188659667969;
2403974358.9755383;-85.612617492675781;
2404134615.3857946;-85.624053955078125;
2404294871.796051;-85.622154235839844;
2404455128.2063074;-85.631690979003906;
2404615384.6165643;-85.616424560546875;
2404775641.0268207;-85.622154235839844;
2404935897.437077;-85.6202392578125;
2405096153.8473334;-85.618339538574219;
2405256410.2575898;-85.612617492675781;
2405416666.6678462;-85.618339538574219;
2405576923.0781026;-85.614524841308594;
2405737179.488359;-85.637420654296875;
2405897435.8986154;-85.627876281738281;
2406057692.3088717;-85.679542541503906;
2406217948.7191281;-85.702629089355469;
2406378205.1293845;-85.689170837402344;
2406538461.5396409;-85.702613830566406;
2406698717.9498973;-85.637351989746094;
2406858974.3601537;-85.650779724121094;
2407019230.7704101;-85.668052673339844;
2407179487.1806664;-85.677001953125;
2407339743.5909228;-85.667503356933594;
2407500000.0011792;-85.629768371582031;
2407660256.4114356;-85.63275146484375;
2407820512.8216925;-85.617240905761719;
2407980769.2319489;-85.648872375488281;
2408141025.6422052;-85.659927368164062;
2408301282.0524616;-85.652175903320312;
2408461538.462718;-85.642921447753906;
2408621794.8729744;-85.551872253417969;
2408782051.2832308;-85.614517211914062;
2408942307.6934872;-85.572677612304688;
2409102564.1037436;-85.662277221679688;
2409262820.5139999;-85.652717590332031;
2409423076.9242563;-85.685302734375;
2409583333.3345127;-85.576438903808594;
2409743589.7447691;-85.648887634277344;
2409903846.1550255;-85.595474243164063;
2410064102.5652819;-85.603080749511719;
2410224358.9755383;-85.589759826660156;
2410384615.3857946;-85.662284851074219;
2410544871.796051;-85.635513305664063;
2410705128.2063074;-85.614524841308594;
2410865384.6165643;-85.614463806152344;
2411025641.0268207;-85.639335632324219;
2411185897.437077;-85.669960021972656;
2411346153.8473334;-85.68145751953125;
2411506410.2575898;-85.651908874511719;
2411666666.6678462;-85.710334777832031;
2411826923.0781026;-85.673751831054687;
2411987179.488359;-85.629776000976563;
2412147435.8986154;-85.66802978515625;
2412307692.3088717;-85.645065307617188;
2412467948.7191281;-85.675712585449219;
2412628205.1293845;-85.671867370605469;
2412788461.5396409;-85.70648193359375;
2412948717.9498973;-85.702621459960937;
2413108974.3601537;-85.658416748046875;
2413269230.7704101;-85.669677734375;
2413429487.1806664;-85.700920104980469;
2413589743.5909228;-85.685035705566406;
2413750000.0011792;-85.70648193359375;
2413910256.4114356;-85.702629089355469;
2414070512.8216925;-85.694923400878906;
2414230769.2319489;-85.673805236816406;
2414391025.6422052;-85.679557800292969;
2414551282.0524616;-85.687232971191406;
2414711538.462718;-85.696853637695313;
2414871794.8729744;-85.698783874511719;
2415032051.2832308;-85.698776245117188;
2415192307.6934872;-85.702598571777344;
2415352564.1037436;-85.7296142578125;
2415512820.5139999;-85.714187622070313;
2415673076.9242563;-85.70648193359375;
2415833333.3345127;-85.718040466308594;
2415993589.7447691;-85.709236145019531;
2416153846.1550255;-85.704551696777344;
2416314102.5652819;-85.70648193359375;
2416474358.9755383;-85.70648193359375;
2416634615.3857946;-85.714179992675781;
2416794871.796051;-85.687240600585938;
2416955128.2063074;-85.689163208007813;
2417115384.6165643;-85.70263671875;
2417275641.0268207;-85.700706481933594;
2417435897.437077;-85.694908142089844;
2417596153.8473334;-85.643150329589844;
2417756410.2575898;-85.66229248046875;
2417916666.6678462;-85.656547546386719;
2418076923.0781026;-85.689125061035156;
2418237179.488359;-85.696022033691406;
2418397435.8986154;-85.669952392578125;
2418557692.3088717;-85.67572021484375;
2418717948.7191281;-85.660385131835938;
2418878205.1293845;-85.689155578613281;
2419038461.5396409;-85.70648193359375;
2419198717.9498973;-85.70648193359375;
2419358974.3601537;-85.704551696777344;
2419519230.7704101;-85.700698852539063;
2419679487.1806664;-85.710304260253906;
2419839743.5909228;-85.689163208007813;
2420000000.0011792;-85.700706481933594;
2420160256.4114356;-85.721885681152344;
2420320512.8216925;-85.712242126464844;
2420480769.2319489;-85.70703125;
2420641025.6422052;-85.671875;
2420801282.0524616;-85.683372497558594;
2420961538.462718;-85.64697265625;
2421121794.8729744;-85.633598327636719;
2421282051.2832308;-85.631690979003906;
2421442307.6934872;-85.673736572265625;
2421602564.1037436;-85.664215087890625;
2421762820.5139999;-85.696853637695313;
2421923076.9242563;-85.673789978027344;
2422083333.3345127;-85.681472778320312;
2422243589.7447691;-85.689163208007813;
2422403846.1550255;-85.678466796875;
2422564102.5652819;-85.664199829101563;
2422724358.9755383;-85.641250610351563;
2422884615.3857946;-85.654632568359375;
2423044871.796051;-85.693008422851562;
2423205128.2063074;-85.648841857910156;
2423365384.6165643;-85.627876281738281;
2423525641.0268207;-85.625953674316406;
2423685897.437077;-85.656517028808594;
2423846153.8473334;-85.685295104980469;
2424006410.2575898;-85.66802978515625;
2424166666.6678462;-85.631675720214844;
2424326923.0781026;-85.635505676269531;
2424487179.488359;-85.616432189941406;
2424647435.8986154;-85.62786865234375;
2424807692.3088717;-85.622154235839844;
2424967948.7191281;-85.622146606445313;
2425128205.1293845;-85.648880004882813;
2425288461.5396409;-85.641250610351563;
2425448717.9498973;-85.624038696289062;
2425608974.3601537;-85.664192199707031;
2425769230.7704101;-85.610595703125;
2425929487.1806664;-85.6202392578125;
2426089743.5909228;-85.604988098144531;
2426250000.0011792;-85.654632568359375;
2426410256.4114356;-85.614486694335938;
2426570512.8216925;-85.633583068847656;
2426730769.2319489;-85.656448364257813;
2426891025.6422052;-85.497055053710938;
2427051282.0524616;-85.549629211425781;
2427211538.462718;-85.364547729492187;
2427371794.8729744;-85.527290344238281;
2427532051.2832308;-85.144615173339844;
2427692307.6934872;-85.304527282714844;
2427852564.1037436;-84.640121459960938;
2428012820.5139999;-84.467498779296875;
2428173076.9242563;-84.055015563964844;
2428333333.3345127;-83.365020751953125;
2428493589.7447691;-81.857597351074219;
2428653846.1550255;-80.964607238769531;
2428814102.5652819;-79.488525390625;
2428974358.9755383;-79.060699462890625;
2429134615.3857946;-75.589828491210938;
2429294871.796051;-75.899604797363281;
2429455128.2063074;-71.447784423828125;
2429615384.6165643;-71.801681518554687;
2429775641.0268207;-68.424850463867188;
2429935897.437077;-67.347732543945313;
2430096153.8473334;-63.636631011962891;
2430256410.2575898;-63.048519134521484;
2430416666.6678462;-60.788120269775391;
2430576923.0781026;-60.044589996337891;
2430737179.488359;-57.55731201171875;
2430897435.8986154;-56.822551727294922;
2431057692.3088717;-53.615852355957031;
2431217948.7191281;-54.026615142822266;
2431378205.1293845;-51.002826690673828;
2431538461.5396409;-50.520210266113281;
2431698717.9498973;-47.129108428955078;
2431858974.3601537;-47.281906127929688;
2432019230.7704101;-45.03253173828125;
2432179487.1806664;-44.373603820800781;
2432339743.5909228;-41.721523284912109;
2432500000.0011792;-41.233486175537109;
2432660256.4114356;-39.309856414794922;
2432820512.8216925;-38.933345794677734;
2432980769.2319489;-37.142982482910156;
2433141025.6422052;-36.225223541259766;
2433301282.0524616;-34.922935485839844;
2433461538.462718;-34.385017395019531;
2433621794.8729744;-33.490299224853516;
2433782051.2832308;-32.993865966796875;
2433942307.6934872;-32.148338317871094;
2434102564.1037436;-31.794164657592773;
2434262820.5139999;-31.737483978271484;
2434423076.9242563;-31.572757720947266;
2434583333.3345127;-31.806528091430664;
2434743589.7447691;-31.767107009887695;
2434903846.1550255;-32.417446136474609;
2435064102.5652819;-32.667747497558594;
2435224358.9755383;-33.549728393554688;
2435384615.3857946;-34.139392852783203;
2435544871.796051;-35.387260437011719;
2435705128.2063074;-36.227970123291016;
2435865384.6165643;-37.454715728759766;
2436025641.0268207;-38.154254913330078;
2436185897.437077;-39.478618621826172;
2436346153.8473334;-41.166873931884766;
2436506410.2575898;-42.435565948486328;
2436666666.6678462;-43.535041809082031;
2436826923.0781026;-44.703842163085938;
2436987179.488359;-46.004051208496094;
2437147435.8986154;-47.771041870117188;
2437307692.3088717;-49.040859222412109;
2437467948.7191281;-50.260616302490234;
2437628205.1293845;-51.541862487792969;
2437788461.5396409;-52.671344757080078;
2437948717.9498973;-54.524696350097656;
2438108974.3601537;-55.798885345458984;
2438269230.7704101;-56.824481964111328;
2438429487.1806664;-58.091545104980469;
2438589743.5909228;-59.254894256591797;
2438750000.0011792;-61.253246307373047;
2438910256.4114356;-62.428939819335938;
2439070512.8216925;-63.853324890136719;
2439230769.2319489;-64.847671508789062;
2439391025.6422052;-66.471961975097656;
2439551282.0524616;-68.194297790527344;
2439711538.462718;-69.9776611328125;
2439871794.8729744;-71.058036804199219;
2440032051.2832308;-72.701332092285156;
2440192307.6934872;-74.329841613769531;
2440352564.1037436;-76.631935119628906;
2440512820.5139999;-78.101348876953125;
2440673076.9242563;-79.596061706542969;
2440833333.3345127;-80.887077331542969;
2440993589.7447691;-82.276741027832031;
2441153846.1550255;-83.811126708984375;
2441314102.5652819;-84.334770202636719;
2441474358.9755383;-84.810111999511719;
2441634615.3857946;-85.037391662597656;
2441794871.796051;-85.347732543945313;
2441955128.2063074;-85.559341430664063;
2442115384.6165643;-85.604972839355469;
2442275641.0268207;-85.667495727539063;
2442435897.437077;-85.700691223144531;
2442596153.8473334;-85.735389709472656;
2442756410.2575898;-85.764442443847656;
2442916666.6678462;-85.774147033691406;
2443076923.0781026;-85.809150695800781;
2443237179.488359;-85.81304931640625;
2443397435.8986154;-85.826713562011719;
2443557692.3088717;-85.793556213378906;
2443717948.7191281;-85.793571472167969;
2443878205.1293845;-85.787734985351563;
2444038461.5396409;-85.750885009765625;
2444198717.9498973;-85.758636474609375;
2444358974.3601537;-85.789688110351562;
2444519230.7704101;-85.820854187011719;
2444679487.1806664;-85.799407958984375;
2444839743.5909228;-85.795524597167969;
2445000000.0011792;-85.801353454589844;
2445160256.4114356;-85.846267700195313;
2445320512.8216925;-85.830604553222656;
2445480769.2319489;-85.818893432617188;
2445641025.6422052;-85.787750244140625;
2445801282.0524616;-85.807205200195313;
2445961538.462718;-85.811103820800781;
2446121794.8729744;-85.813056945800781;
2446282051.2832308;-85.809150695800781;
2446442307.6934872;-85.791061401367188;
2446602564.1037436;-85.805244445800781;
2446762820.5139999;-85.803314208984375;
2446923076.9242563;-85.82086181640625;
2447083333.3345127;-85.793571472167969;
2447243589.7447691;-85.824752807617188;
2447403846.1550255;-85.81304931640625;
2447564102.5652819;-85.82672119140625;
2447724358.9755383;-85.828666687011719;
2447884615.3857946;-85.834518432617188;
2448044871.796051;-85.799407958984375;
2448205128.2063074;-85.82281494140625;
2448365384.6165643;-85.815010070800781;
2448525641.0268207;-85.834526062011719;
2448685897.437077;-85.828666687011719;
2448846153.8473334;-85.807205200195313;
2449006410.2575898;-85.826705932617188;
2449166666.6678462;-85.838424682617187;
2449326923.0781026;-85.835395812988281;
2449487179.488359;-85.822807312011719;
2449647435.8986154;-85.824462890625;
2449807692.3088717;-85.828445434570313;
2449967948.7191281;-85.830619812011719;
2450128205.1293845;-85.85601806640625;
2450288461.5396409;-85.791618347167969;
2450448717.9498973;-85.725715637207031;
2450608974.3601537;-85.797447204589844;
2450769230.7704101;-85.81890869140625;
2450929487.1806664;-85.81890869140625;
2451089743.5909228;-85.82476806640625;
2451250000.0011792;-85.807205200195313;
2451410256.4114356;-85.80523681640625;
2451570512.8216925;-85.785789489746094;
2451730769.2319489;-85.779975891113281;
2451891025.6422052;-85.735382080078125;
2452051282.0524616;-85.718048095703125;
2452211538.462718;-85.752822875976563;
2452371794.8729744;-85.712265014648437;
2452532051.2832308;-85.718040466308594;
2452692307.6934872;-85.743141174316406;
2452852564.1037436;-85.785743713378906;
2453012820.5139999;-85.815010070800781;
2453173076.9242563;-85.846244812011719;
2453333333.3345127;-85.859970092773437;
2453493589.7447691;-85.789642333984375;
2453653846.1550255;-85.81890869140625;
2453814102.5652819;-85.809158325195313;
2453974358.9755383;-85.82281494140625;
2454134615.3857946;-85.807212829589844;
2454294871.796051;-85.83648681640625;
2454455128.2063074;-85.783828735351563;
2454615384.6165643;-85.814979553222656;
2454775641.0268207;-85.789642333984375;
2454935897.437077;-85.816947937011719;
2455096153.8473334;-85.81890869140625;
2455256410.2575898;-85.826690673828125;
2455416666.6678462;-85.820854187011719;
2455576923.0781026;-85.828659057617188;
2455737179.488359;-85.861923217773438;
2455897435.8986154;-85.850135803222656;
2456057692.3088717;-85.776039123535156;
2456217948.7191281;-85.831916809082031;
2456378205.1293845;-85.824447631835938;
2456538461.5396409;-85.835372924804687;
2456698717.9498973;-85.822212219238281;
2456858974.3601537;-85.807624816894531;
2457019230.7704101;-85.814994812011719;
2457179487.1806664;-85.838401794433594;
2457339743.5909228;-85.815010070800781;
2457500000.0011792;-85.856056213378906;
2457660256.4114356;-85.842338562011719;
2457820512.8216925;-85.879592895507813;
2457980769.2319489;-85.844291687011719;
2458141025.6422052;-85.83453369140625;
2458301282.0524616;-85.828628540039063;
2458461538.462718;-85.844306945800781;
2458621794.8729744;-85.777999877929688;
2458782051.2832308;-85.822792053222656;
2458942307.6934872;-85.82476806640625;
2459102564.1037436;-85.824752807617188;
2459262820.5139999;-85.873703002929687;
2459423076.9242563;-85.901222229003906;
2459583333.3345127;-85.875663757324219;
2459743589.7447691;-85.805252075195313;
2459903846.1550255;-85.81695556640625;
2460064102.5652819;-85.814987182617188;
2460224358.9755383;-85.807182312011719;
2460384615.3857946;-85.840385437011719;
2460544871.796051;-85.805252075195313;
2460705128.2063074;-85.830619812011719;
2460865384.6165643;-85.861900329589844;
2461025641.0268207;-85.867820739746094;
2461185897.437077;-85.824760437011719;
2461346153.8473334;-85.856056213378906;
2461506410.2575898;-85.840370178222656;
2461666666.6678462;-85.842353820800781;
2461826923.0781026;-85.885482788085938;
2461987179.488359;-85.893341064453125;
2462147435.8986154;-85.889366149902344;
2462307692.3088717;-85.891380310058594;
2462467948.7191281;-85.875640869140625;
2462628205.1293845;-85.852142333984375;
2462788461.5396409;-85.846244812011719;
2462948717.9498973;-85.89727783203125;
2463108974.3601537;-85.893356323242187;
2463269230.7704101;-85.895332336425781;
2463429487.1806664;-85.857978820800781;
2463589743.5909228;-85.879585266113281;
2463750000.0011792;-85.854080200195313;
2463910256.4114356;-85.899261474609375;
2464070512.8216925;-85.879585266113281;
2464230769.2319489;-85.909111022949219;
2464391025.6422052;-85.905174255371094;
2464551282.0524616;-85.907142639160156;
2464711538.462718;-85.889404296875;
2464871794.8729744;-85.8736572265625;
2465032051.2832308;-85.893356323242187;
2465192307.6934872;-85.913063049316406;
2465352564.1037436;-85.863876342773438;
2465512820.5139999;-85.84429931640625;
2465673076.9242563;-85.848190307617188;
2465833333.3345127;-85.859977722167969;
2465993589.7447691;-85.836479187011719;
2466153846.1550255;-85.84429931640625;
2466314102.5652819;-85.846244812011719;
2466474358.9755383;-85.889427185058594;
2466634615.3857946;-85.891380310058594;
2466794871.796051;-85.913063049316406;
2466955128.2063074;-85.848213195800781;
2467115384.6165643;-85.875663757324219;
2467275641.0268207;-85.885459899902344;
2467435897.437077;-85.905174255371094;
2467596153.8473334;-85.895286560058594;
2467756410.2575898;-85.926841735839844;
2467916666.6678462;-85.8756103515625;
2468076923.0781026;-85.893325805664063;
2468237179.488359;-85.824752807617188;
2468397435.8986154;-85.875640869140625;
2468557692.3088717;-85.846267700195313;
2468717948.7191281;-85.848190307617188;
2468878205.1293845;-85.834510803222656;
2469038461.5396409;-85.885414123535156;
2469198717.9498973;-85.901222229003906;
2469358974.3601537;-85.913047790527344;
2469519230.7704101;-85.844268798828125;
2469679487.1806664;-85.915000915527344;
2469839743.5909228;-85.807151794433594;
2470000000.0011792;-85.863853454589844;
2470160256.4114356;-85.789527893066406;
2470320512.8216925;-85.836196899414063;
2470480769.2319489;-85.814895629882813;
2470641025.6422052;-85.838142395019531;
2470801282.0524616;-85.822784423828125;
2470961538.462718;-85.822311401367188;
2471121794.8729744;-85.801231384277344;
2471282051.2832308;-85.826713562011719;
2471442307.6934872;-85.869781494140625;
2471602564.1037436;-85.836402893066406;
2471762820.5139999;-85.589096069335938;
2471923076.9242563;-85.795372009277344;
2472083333.3345127;-85.637031555175781;
2472243589.7447691;-85.738723754882813;
2472403846.1550255;-85.591041564941406;
2472564102.5652819;-85.816795349121094;
2472724358.9755383;-85.457015991210938;
2472884615.3857946;-85.713630676269531;
2473044871.796051;-85.485054016113281;
2473205128.2063074;-85.753326416015625;
2473365384.6165643;-85.448814392089844;
2473525641.0268207;-85.694717407226562;
2473685897.437077;-85.453147888183594;
2473846153.8473334;-85.638832092285156;
2474006410.2575898;-85.456260681152344;
2474166666.6678462;-85.754371643066406;
2474326923.0781026;-85.481956481933594;
2474487179.488359;-85.656204223632812;
2474647435.8986154;-85.550918579101563;
2474807692.3088717;-85.729339599609375;
2474967948.7191281;-85.57928466796875;
2475128205.1293845;-85.750831604003906;
2475288461.5396409;-85.661972045898438;
2475448717.9498973;-85.791618347167969;
2475608974.3601537;-85.660003662109375;
2475769230.7704101;-85.758499145507812;
2475929487.1806664;-85.785629272460938;
2476089743.5909228;-85.81109619140625;
2476250000.0011792;-85.758522033691406;
2476410256.4114356;-85.745086669921875;
2476570512.8216925;-85.692939758300781;
2476730769.2319489;-85.748916625976563;
2476891025.6422052;-85.735321044921875;
2477051282.0524616;-85.779960632324219;
2477211538.462718;-85.716094970703125;
2477371794.8729744;-85.718040466308594;
2477532051.2832308;-85.725753784179688;
2477692307.6934872;-85.729621887207031;
2477852564.1037436;-85.704521179199219;
2478012820.5139999;-85.712234497070313;
2478173076.9242563;-85.770263671875;
2478333333.3345127;-85.719970703125;
2478493589.7447691;-85.714179992675781;
2478653846.1550255;-85.727691650390625;
2478814102.5652819;-85.739280700683594;
2478974358.9755383;-85.740089416503906;
2479134615.3857946;-85.723823547363281;
2479294871.796051;-85.760566711425781;
2479455128.2063074;-85.826713562011719;
2479615384.6165643;-85.842338562011719;
2479775641.0268207;-85.826713562011719;
2479935897.437077;-85.846267700195313;
2480096153.8473334;-85.83648681640625;
2480256410.2575898;-85.81890869140625;
2480416666.6678462;-85.838432312011719;
2480576923.0781026;-85.840385437011719;
2480737179.488359;-85.899269104003906;
2480897435.8986154;-85.89727783203125;
2481057692.3088717;-85.859962463378906;
2481217948.7191281;-85.899253845214844;
2481378205.1293845;-85.881553649902344;
2481538461.5396409;-85.907150268554688;
2481698717.9498973;-85.901222229003906;
2481858974.3601537;-85.871734619140625;
2482019230.7704101;-85.889396667480469;
2482179487.1806664;-85.887428283691406;
2482339743.5909228;-85.883506774902344;
2482500000.0011792;-85.907150268554688;
2482660256.4114356;-85.907432556152344;
2482820512.8216925;-85.903419494628906;
2482980769.2319489;-85.907432556152344;
2483141025.6422052;-85.899269104003906;
2483301282.0524616;-85.909126281738281;
2483461538.462718;-85.899253845214844;
2483621794.8729744;-85.899269104003906;
2483782051.2832308;-85.911094665527344;
2483942307.6934872;-85.918983459472656;
2484102564.1037436;-85.897293090820313;
2484262820.5139999;-85.911064147949219;
