Type;ESU;
Version;4.43;
Date;03.Jun 16;
Mode;ANALYZER;
Center Freq;2434262820.514000;Hz
Freq Offset;0.000000;Hz
Span;100000000.000000;Hz
x-Axis;LIN;
Start;2384262820.514000;Hz
Stop;2484262820.514000;Hz
Ref Level;-9.000000;dBm
Level Offset;0.000000;dB
Ref Position;100.000000;%
y-Axis;LOG;
Level Range;100.000000;dB
Rf Att;5.000000;dB
RBW;2000000.000000;Hz
VBW;50.000000;Hz
SWT;2.500000;s
Trace Mode;CLR/WRITE;
Detector;RMS;
Sweep Count;0;
Trace 1:;;
x-Unit;Hz;
y-Unit;dBm;
Values;625;
2384262820.5139999;-85.719444274902344;
2384423076.9242563;-85.716110229492188;
2384583333.3345127;-85.727691650390625;
2384743589.7447691;-85.704551696777344;
2384903846.1550255;-85.73541259765625;
2385064102.5652819;-85.719963073730469;
2385224358.9755383;-85.708412170410156;
2385384615.3857946;-85.700706481933594;
2385544871.796051;-85.716117858886719;
2385705128.2063074;-85.710334777832031;
2385865384.6165643;-85.714614868164063;
2386025641.0268207;-85.724647521972656;
2386185897.437077;-85.719963073730469;
2386346153.8473334;-85.712265014648437;
2386506410.2575898;-85.718040466308594;
2386666666.6678462;-85.704338073730469;
2386826923.0781026;-85.713638305664063;
2386987179.488359;-85.702629089355469;
2387147435.8986154;-85.698776245117188;
2387307692.3088717;-85.702621459960937;
2387467948.7191281;-85.71630859375;
2387628205.1293845;-85.696807861328125;
2387788461.5396409;-85.666130065917969;
2387948717.9498973;-85.691070556640625;
2388108974.3601537;-85.70648193359375;
2388269230.7704101;-85.725738525390625;
2388429487.1806664;-85.696846008300781;
2388589743.5909228;-85.67572021484375;
2388750000.0011792;-85.698768615722656;
2388910256.4114356;-85.675643920898437;
2389070512.8216925;-85.669914245605469;
2389230769.2319489;-85.683273315429687;
2389391025.6422052;-85.656509399414063;
2389551282.0524616;-85.671791076660156;
2389711538.462718;-85.679542541503906;
2389871794.8729744;-85.64117431640625;
2390032051.2832308;-85.669944763183594;
2390192307.6934872;-85.614395141601563;
2390352564.1037436;-85.624061584472656;
2390512820.5139999;-85.587837219238281;
2390673076.9242563;-85.68145751953125;
2390833333.3345127;-85.593338012695312;
2390993589.7447691;-85.666084289550781;
2391153846.1550255;-85.574256896972656;
2391314102.5652819;-85.635475158691406;
2391474358.9755383;-85.4947509765625;
2391634615.3857946;-85.561309814453125;
2391794871.796051;-85.33721923828125;
2391955128.2063074;-85.438453674316406;
2392115384.6165643;-85.411605834960938;
2392275641.0268207;-85.557395935058594;
2392435897.437077;-85.305305480957031;
2392596153.8473334;-85.393196105957031;
2392756410.2575898;-85.228134155273438;
2392916666.6678462;-85.406791687011719;
2393076923.0781026;-85.425254821777344;
2393237179.488359;-84.914863586425781;
2393397435.8986154;-85.397483825683594;
2393557692.3088717;-85.116615295410156;
2393717948.7191281;-85.457565307617188;
2393878205.1293845;-85.057319641113281;
2394038461.5396409;-85.48193359375;
2394198717.9498973;-85.089027404785156;
2394358974.3601537;-85.4276123046875;
2394519230.7704101;-85.197547912597656;
2394679487.1806664;-85.445549011230469;
2394839743.5909228;-85.308212280273438;
2395000000.0011792;-85.489311218261719;
2395160256.4114356;-85.308235168457031;
2395320512.8216925;-85.450874328613281;
2395480769.2319489;-85.468650817871094;
2395641025.6422052;-85.593101501464844;
2395801282.0524616;-85.427597045898437;
2395961538.462718;-85.50006103515625;
2396121794.8729744;-85.543136596679688;
2396282051.2832308;-85.593238830566406;
2396442307.6934872;-85.603866577148438;
2396602564.1037436;-85.617141723632813;
2396762820.5139999;-85.547996520996094;
2396923076.9242563;-85.60284423828125;
2397083333.3345127;-85.578338623046875;
2397243589.7447691;-85.572494506835938;
2397403846.1550255;-85.553672790527344;
2397564102.5652819;-85.553466796875;
2397724358.9755383;-85.58404541015625;
2397884615.3857946;-85.60107421875;
2398044871.796051;-85.6202392578125;
2398205128.2063074;-85.56878662109375;
2398365384.6165643;-85.591659545898438;
2398525641.0268207;-85.599258422851562;
2398685897.437077;-85.625961303710938;
2398846153.8473334;-85.566986083984375;
2399006410.2575898;-85.582183837890625;
2399166666.6678462;-85.57269287109375;
2399326923.0781026;-85.580291748046875;
2399487179.488359;-85.527206420898438;
2399647435.8986154;-85.625961303710938;
2399807692.3088717;-85.587875366210938;
2399967948.7191281;-85.604995727539063;
2400128205.1293845;-85.555633544921875;
2400288461.5396409;-85.548049926757813;
2400448717.9498973;-85.56878662109375;
2400608974.3601537;-85.625938415527344;
2400769230.7704101;-85.629776000976563;
2400929487.1806664;-85.599288940429688;
2401089743.5909228;-85.610702514648437;
2401250000.0011792;-85.620216369628906;
2401410256.4114356;-85.614524841308594;
2401570512.8216925;-85.589759826660156;
2401730769.2319489;-85.624061584472656;
2401891025.6422052;-85.591667175292969;
2402051282.0524616;-85.622138977050781;
2402211538.462718;-85.557518005371094;
2402371794.8729744;-85.589706420898437;
2402532051.2832308;-85.585975646972656;
2402692307.6934872;-85.622138977050781;
2402852564.1037436;-85.622154235839844;
2403012820.5139999;-85.654632568359375;
2403173076.9242563;-85.576461791992188;
2403333333.3345127;-85.6202392578125;
2403493589.7447691;-85.595451354980469;
2403653846.1550255;-85.629783630371094;
2403814102.5652819;-85.606880187988281;
2403974358.9755383;-85.624061584472656;
2404134615.3857946;-85.555618286132813;
2404294871.796051;-85.618339538574219;
2404455128.2063074;-85.532958984375;
2404615384.6165643;-85.519744873046875;
2404775641.0268207;-85.519699096679687;
2404935897.437077;-85.551841735839844;
2405096153.8473334;-85.551841735839844;
2405256410.2575898;-85.616416931152344;
2405416666.6678462;-85.620246887207031;
2405576923.0781026;-85.616409301757812;
2405737179.488359;-85.652717590332031;
2405897435.8986154;-85.675704956054688;
2406057692.3088717;-85.668052673339844;
2406217948.7191281;-85.6297607421875;
2406378205.1293845;-85.648895263671875;
2406538461.5396409;-85.624008178710938;
2406698717.9498973;-85.622138977050781;
2406858974.3601537;-85.5821533203125;
2407019230.7704101;-85.635513305664063;
2407179487.1806664;-85.572608947753906;
2407339743.5909228;-85.608779907226562;
2407500000.0011792;-85.604988098144531;
2407660256.4114356;-85.622154235839844;
2407820512.8216925;-85.589759826660156;
2407980769.2319489;-85.6297607421875;
2408141025.6422052;-85.658432006835938;
2408301282.0524616;-85.641242980957031;
2408461538.462718;-85.614494323730469;
2408621794.8729744;-85.625961303710938;
2408782051.2832308;-85.610702514648437;
2408942307.6934872;-85.648895263671875;
2409102564.1037436;-85.610671997070313;
2409262820.5139999;-85.669944763183594;
2409423076.9242563;-85.620231628417969;
2409583333.3345127;-85.612594604492187;
2409743589.7447691;-85.618316650390625;
2409903846.1550255;-85.654617309570313;
2410064102.5652819;-85.627853393554687;
2410224358.9755383;-85.677574157714844;
2410384615.3857946;-85.629776000976563;
2410544871.796051;-85.612579345703125;
2410705128.2063074;-85.620201110839844;
2410865384.6165643;-85.639175415039063;
2411025641.0268207;-85.610694885253906;
2411185897.437077;-85.610649108886719;
2411346153.8473334;-85.573440551757813;
2411506410.2575898;-85.615737915039062;
2411666666.6678462;-85.616432189941406;
2411826923.0781026;-85.58404541015625;
2411987179.488359;-85.635505676269531;
2412147435.8986154;-85.5992431640625;
2412307692.3088717;-85.650810241699219;
2412467948.7191281;-85.654632568359375;
2412628205.1293845;-85.625968933105469;
2412788461.5396409;-85.639511108398438;
2412948717.9498973;-85.652153015136719;
2413108974.3601537;-85.673774719238281;
2413269230.7704101;-85.706474304199219;
2413429487.1806664;-85.687217712402344;
2413589743.5909228;-85.689163208007813;
2413750000.0011792;-85.691070556640625;
2413910256.4114356;-85.673797607421875;
2414070512.8216925;-85.702583312988281;
2414230769.2319489;-85.656524658203125;
2414391025.6422052;-85.706474304199219;
2414551282.0524616;-85.694931030273438;
2414711538.462718;-85.673805236816406;
2414871794.8729744;-85.696861267089844;
2415032051.2832308;-85.719940185546875;
2415192307.6934872;-85.714179992675781;
2415352564.1037436;-85.687225341796875;
2415512820.5139999;-85.681434631347656;
2415673076.9242563;-85.691085815429687;
2415833333.3345127;-85.675712585449219;
2415993589.7447691;-85.681465148925781;
2416153846.1550255;-85.683403015136719;
2416314102.5652819;-85.687232971191406;
2416474358.9755383;-85.702621459960937;
2416634615.3857946;-85.683403015136719;
2416794871.796051;-85.691085815429687;
2416955128.2063074;-85.671836853027344;
2417115384.6165643;-85.67376708984375;
2417275641.0268207;-85.624053955078125;
2417435897.437077;-85.633598327636719;
2417596153.8473334;-85.624061584472656;
2417756410.2575898;-85.604164123535156;
2417916666.6678462;-85.660362243652344;
2418076923.0781026;-85.654632568359375;
2418237179.488359;-85.645050048828125;
2418397435.8986154;-85.694923400878906;
2418557692.3088717;-85.652717590332031;
2418717948.7191281;-85.689163208007813;
2418878205.1293845;-85.618331909179687;
2419038461.5396409;-85.652725219726563;
2419198717.9498973;-85.620246887207031;
2419358974.3601537;-85.650794982910156;
2419519230.7704101;-85.645072937011719;
2419679487.1806664;-85.637420654296875;
2419839743.5909228;-85.647781372070312;
2420000000.0011792;-85.635498046875;
2420160256.4114356;-85.622146606445313;
2420320512.8216925;-85.656547546386719;
2420480769.2319489;-85.660369873046875;
2420641025.6422052;-85.612602233886719;
2420801282.0524616;-85.631690979003906;
2420961538.462718;-85.593559265136719;
2421121794.8729744;-85.631690979003906;
2421282051.2832308;-85.625946044921875;
2421442307.6934872;-85.637413024902344;
2421602564.1037436;-85.608787536621094;
2421762820.5139999;-85.614524841308594;
2421923076.9242563;-85.608802795410156;
2422083333.3345127;-85.612892150878906;
2422243589.7447691;-85.616432189941406;
2422403846.1550255;-85.597373962402344;
2422564102.5652819;-85.633598327636719;
2422724358.9755383;-85.625961303710938;
2422884615.3857946;-85.618324279785156;
2423044871.796051;-85.616424560546875;
2423205128.2063074;-85.620155334472656;
2423365384.6165643;-85.639274597167969;
2423525641.0268207;-85.656524658203125;
2423685897.437077;-85.666130065917969;
2423846153.8473334;-85.608528137207031;
2424006410.2575898;-85.616432189941406;
2424166666.6678462;-85.616416931152344;
2424326923.0781026;-85.627838134765625;
2424487179.488359;-85.578346252441406;
2424647435.8986154;-85.620231628417969;
2424807692.3088717;-85.614524841308594;
2424967948.7191281;-85.641242980957031;
2425128205.1293845;-85.627861022949219;
2425288461.5396409;-85.616424560546875;
2425448717.9498973;-85.618301391601563;
2425608974.3601537;-85.618331909179687;
2425769230.7704101;-85.5535888671875;
2425929487.1806664;-85.5706787109375;
2426089743.5909228;-85.585853576660156;
2426250000.0011792;-85.551834106445313;
2426410256.4114356;-85.58013916015625;
2426570512.8216925;-85.517875671386719;
2426730769.2319489;-85.51593017578125;
2426891025.6422052;-85.517875671386719;
2427051282.0524616;-85.309410095214844;
2427211538.462718;-85.370132446289063;
2427371794.8729744;-84.949928283691406;
2427532051.2832308;-84.943824768066406;
2427692307.6934872;-84.536346435546875;
2427852564.1037436;-83.823020935058594;
2428012820.5139999;-83.110939025878906;
2428173076.9242563;-82.739486694335938;
2428333333.3345127;-81.324226379394531;
2428493589.7447691;-80.59716796875;
2428653846.1550255;-79.437774658203125;
2428814102.5652819;-75.254829406738281;
2428974358.9755383;-75.149826049804687;
2429134615.3857946;-71.69781494140625;
2429294871.796051;-70.723533630371094;
2429455128.2063074;-67.105377197265625;
2429615384.6165643;-65.86865234375;
2429775641.0268207;-63.750106811523438;
2429935897.437077;-62.812427520751953;
2430096153.8473334;-60.105037689208984;
2430256410.2575898;-58.391780853271484;
2430416666.6678462;-56.073040008544922;
2430576923.0781026;-55.020294189453125;
2430737179.488359;-53.598102569580078;
2430897435.8986154;-51.274570465087891;
2431057692.3088717;-49.853836059570313;
2431217948.7191281;-48.534278869628906;
2431378205.1293845;-46.450729370117188;
2431538461.5396409;-45.445304870605469;
2431698717.9498973;-43.626625061035156;
2431858974.3601537;-42.614383697509766;
2432019230.7704101;-39.893013000488281;
2432179487.1806664;-39.7587890625;
2432339743.5909228;-37.642852783203125;
2432500000.0011792;-36.968029022216797;
2432660256.4114356;-35.017219543457031;
2432820512.8216925;-33.552696228027344;
2432980769.2319489;-33.071640014648438;
2433141025.6422052;-31.744518280029297;
2433301282.0524616;-30.935415267944336;
2433461538.462718;-29.711908340454102;
2433621794.8729744;-29.239831924438477;
2433782051.2832308;-28.881092071533203;
2433942307.6934872;-28.4903564453125;
2434102564.1037436;-28.086584091186523;
2434262820.5139999;-27.952167510986328;
2434423076.9242563;-27.810001373291016;
2434583333.3345127;-28.241230010986328;
2434743589.7447691;-28.204566955566406;
2434903846.1550255;-28.865028381347656;
2435064102.5652819;-29.322605133056641;
2435224358.9755383;-30.438959121704102;
2435384615.3857946;-30.939899444580078;
2435544871.796051;-31.993703842163086;
2435705128.2063074;-32.710987091064453;
2435865384.6165643;-34.337436676025391;
2436025641.0268207;-35.408435821533203;
2436185897.437077;-36.74334716796875;
2436346153.8473334;-37.707389831542969;
2436506410.2575898;-38.888301849365234;
2436666666.6678462;-40.759750366210938;
2436826923.0781026;-41.905403137207031;
2436987179.488359;-43.357929229736328;
2437147435.8986154;-44.143192291259766;
2437307692.3088717;-45.692756652832031;
2437467948.7191281;-47.401344299316406;
2437628205.1293845;-49.034671783447266;
2437788461.5396409;-49.855979919433594;
2437948717.9498973;-51.303817749023438;
2438108974.3601537;-52.494510650634766;
2438269230.7704101;-54.200187683105469;
2438429487.1806664;-55.654987335205078;
2438589743.5909228;-56.665355682373047;
2438750000.0011792;-58.026645660400391;
2438910256.4114356;-58.765483856201172;
2439070512.8216925;-61.118598937988281;
2439230769.2319489;-62.251266479492188;
2439391025.6422052;-63.761295318603516;
2439551282.0524616;-64.861648559570313;
2439711538.462718;-66.340324401855469;
2439871794.8729744;-68.420982360839844;
2440032051.2832308;-70.194656372070312;
2440192307.6934872;-71.992774963378906;
2440352564.1037436;-73.330825805664063;
2440512820.5139999;-74.919746398925781;
2440673076.9242563;-77.461570739746094;
2440833333.3345127;-79.330764770507813;
2440993589.7447691;-80.715408325195313;
2441153846.1550255;-82.0479736328125;
2441314102.5652819;-83.015846252441406;
2441474358.9755383;-84.271095275878906;
2441634615.3857946;-84.818672180175781;
2441794871.796051;-85.103378295898438;
2441955128.2063074;-85.294380187988281;
2442115384.6165643;-85.497116088867187;
2442275641.0268207;-85.618331909179687;
2442435897.437077;-85.614524841308594;
2442596153.8473334;-85.658409118652344;
2442756410.2575898;-85.700675964355469;
2442916666.6678462;-85.698776245117188;
2443076923.0781026;-85.716087341308594;
2443237179.488359;-85.709236145019531;
2443397435.8986154;-85.708396911621094;
2443557692.3088717;-85.706474304199219;
2443717948.7191281;-85.716110229492188;
2443878205.1293845;-85.700698852539063;
2444038461.5396409;-85.708412170410156;
2444198717.9498973;-85.718032836914063;
2444358974.3601537;-85.741203308105469;
2444519230.7704101;-85.708412170410156;
2444679487.1806664;-85.627838134765625;
2444839743.5909228;-85.614494323730469;
2445000000.0011792;-85.641242980957031;
2445160256.4114356;-85.599235534667969;
2445320512.8216925;-85.582130432128906;
2445480769.2319489;-85.606887817382812;
2445641025.6422052;-85.376228332519531;
2445801282.0524616;-85.082237243652344;
2445961538.462718;-85.148544311523438;
2446121794.8729744;-85.268745422363281;
2446282051.2832308;-85.092109680175781;
2446442307.6934872;-85.455093383789063;
2446602564.1037436;-85.078338623046875;
2446762820.5139999;-85.3143310546875;
2446923076.9242563;-84.771629333496094;
2447083333.3345127;-85.352684020996094;
2447243589.7447691;-85.352806091308594;
2447403846.1550255;-85.479682922363281;
2447564102.5652819;-85.650733947753906;
2447724358.9755383;-85.4549560546875;
2447884615.3857946;-85.282661437988281;
2448044871.796051;-85.292121887207031;
2448205128.2063074;-82.913604736328125;
2448365384.6165643;-82.0435791015625;
2448525641.0268207;-83.592750549316406;
2448685897.437077;-84.058204650878906;
2448846153.8473334;-85.087120056152344;
2449006410.2575898;-85.457412719726563;
2449166666.6678462;-84.71759033203125;
2449326923.0781026;-82.537071228027344;
2449487179.488359;-84.148750305175781;
2449647435.8986154;-83.742202758789063;
2449807692.3088717;-80.873641967773438;
2449967948.7191281;-80.510665893554688;
2450128205.1293845;-83.513725280761719;
2450288461.5396409;-83.525306701660156;
2450448717.9498973;-84.836212158203125;
2450608974.3601537;-85.281608581542969;
2450769230.7704101;-84.09967041015625;
2450929487.1806664;-79.826713562011719;
2451089743.5909228;-81.654350280761719;
2451250000.0011792;-82.247970581054687;
2451410256.4114356;-82.036209106445313;
2451570512.8216925;-83.873458862304688;
2451730769.2319489;-81.448295593261719;
2451891025.6422052;-81.306266784667969;
2452051282.0524616;-83.029930114746094;
2452211538.462718;-78.967117309570313;
2452371794.8729744;-80.71905517578125;
2452532051.2832308;-83.256103515625;
2452692307.6934872;-83.432380676269531;
2452852564.1037436;-81.798202514648437;
2453012820.5139999;-83.608955383300781;
2453173076.9242563;-79.331794738769531;
2453333333.3345127;-80.006668090820313;
2453493589.7447691;-82.258087158203125;
2453653846.1550255;-82.27581787109375;
2453814102.5652819;-84.343246459960937;
2453974358.9755383;-85.026718139648438;
2454134615.3857946;-85.275405883789063;
2454294871.796051;-82.942977905273437;
2454455128.2063074;-80.766387939453125;
2454615384.6165643;-83.0057373046875;
2454775641.0268207;-83.539115905761719;
2454935897.437077;-83.723243713378906;
2455096153.8473334;-83.267349243164062;
2455256410.2575898;-82.477127075195313;
2455416666.6678462;-83.335029602050781;
2455576923.0781026;-83.863273620605469;
2455737179.488359;-84.545639038085938;
2455897435.8986154;-84.981269836425781;
2456057692.3088717;-85.4483642578125;
2456217948.7191281;-85.205894470214844;
2456378205.1293845;-85.386833190917969;
2456538461.5396409;-85.073326110839844;
2456698717.9498973;-85.05517578125;
2456858974.3601537;-85.284927368164062;
2457019230.7704101;-83.846031188964844;
2457179487.1806664;-83.357009887695313;
2457339743.5909228;-84.143569946289063;
2457500000.0011792;-84.399177551269531;
2457660256.4114356;-83.264884948730469;
2457820512.8216925;-82.37298583984375;
2457980769.2319489;-81.613334655761719;
2458141025.6422052;-81.401824951171875;
2458301282.0524616;-81.345664978027344;
2458461538.462718;-81.318931579589844;
2458621794.8729744;-81.796195983886719;
2458782051.2832308;-81.86883544921875;
2458942307.6934872;-81.766036987304687;
2459102564.1037436;-82.065032958984375;
2459262820.5139999;-82.182060241699219;
2459423076.9242563;-82.364166259765625;
2459583333.3345127;-82.6351318359375;
2459743589.7447691;-82.822212219238281;
2459903846.1550255;-83.542572021484375;
2460064102.5652819;-83.973007202148438;
2460224358.9755383;-83.712181091308594;
2460384615.3857946;-83.971870422363281;
2460544871.796051;-85.102798461914063;
2460705128.2063074;-85.5703125;
2460865384.6165643;-85.719932556152344;
2461025641.0268207;-85.162986755371094;
2461185897.437077;-84.927787780761719;
2461346153.8473334;-85.010551452636719;
2461506410.2575898;-85.420967102050781;
2461666666.6678462;-85.775924682617188;
2461826923.0781026;-85.840385437011719;
2461987179.488359;-85.830619812011719;
2462147435.8986154;-85.867813110351563;
2462307692.3088717;-85.836471557617188;
2462467948.7191281;-85.871719360351563;
2462628205.1293845;-85.859962463378906;
2462788461.5396409;-85.907142639160156;
2462948717.9498973;-85.848220825195313;
2463108974.3601537;-85.84039306640625;
2463269230.7704101;-85.848182678222656;
2463429487.1806664;-85.909111022949219;
2463589743.5909228;-85.899246215820313;
2463750000.0011792;-85.891365051269531;
2463910256.4114356;-85.848220825195313;
2464070512.8216925;-85.901229858398438;
2464230769.2319489;-85.905174255371094;
2464391025.6422052;-85.905174255371094;
2464551282.0524616;-85.905181884765625;
2464711538.462718;-85.893363952636719;
2464871794.8729744;-85.911094665527344;
2465032051.2832308;-85.9012451171875;
2465192307.6934872;-85.903205871582031;
2465352564.1037436;-85.905166625976563;
2465512820.5139999;-85.903175354003906;
2465673076.9242563;-85.909088134765625;
2465833333.3345127;-85.895317077636719;
2465993589.7447691;-85.895332336425781;
2466153846.1550255;-85.887466430664063;
2466314102.5652819;-85.895332336425781;
2466474358.9755383;-85.911094665527344;
2466634615.3857946;-85.907142639160156;
2466794871.796051;-85.932815551757813;
2466955128.2063074;-85.893310546875;
2467115384.6165643;-85.9307861328125;
2467275641.0268207;-85.946525573730469;
2467435897.437077;-85.915023803710938;
2467596153.8473334;-85.920944213867188;
2467756410.2575898;-85.854080200195313;
2467916666.6678462;-85.844306945800781;
2468076923.0781026;-85.83843994140625;
2468237179.488359;-85.877632141113281;
2468397435.8986154;-85.887428283691406;
2468557692.3088717;-85.964485168457031;
2468717948.7191281;-85.889434814453125;
2468878205.1293845;-85.907150268554688;
2469038461.5396409;-85.861923217773438;
2469198717.9498973;-85.901214599609375;
2469358974.3601537;-85.830619812011719;
2469519230.7704101;-85.816902160644531;
2469679487.1806664;-85.838333129882813;
2469839743.5909228;-85.863716125488281;
2470000000.0011792;-85.795463562011719;
2470160256.4114356;-85.873703002929687;
2470320512.8216925;-85.752647399902344;
2470480769.2319489;-85.844253540039063;
2470641025.6422052;-85.800994873046875;
2470801282.0524616;-85.860176086425781;
2470961538.462718;-85.801948547363281;
2471121794.8729744;-85.811058044433594;
2471282051.2832308;-85.812042236328125;
2471442307.6934872;-85.808769226074219;
2471602564.1037436;-85.772605895996094;
2471762820.5139999;-85.696174621582031;
2471923076.9242563;-85.754280090332031;
2472083333.3345127;-85.552993774414063;
2472243589.7447691;-85.642265319824219;
2472403846.1550255;-85.450347900390625;
2472564102.5652819;-85.543289184570313;
2472724358.9755383;-85.47296142578125;
2472884615.3857946;-85.529624938964844;
2473044871.796051;-85.507286071777344;
2473205128.2063074;-85.412429809570313;
2473365384.6165643;-85.562255859375;
2473525641.0268207;-85.302955627441406;
2473685897.437077;-85.598556518554688;
2473846153.8473334;-85.311233520507812;
2474006410.2575898;-85.715972900390625;
2474166666.6678462;-85.272994995117187;
2474326923.0781026;-85.424942016601563;
2474487179.488359;-85.358627319335937;
2474647435.8986154;-85.613983154296875;
2474807692.3088717;-85.403785705566406;
2474967948.7191281;-85.665924072265625;
2475128205.1293845;-85.468231201171875;
2475288461.5396409;-85.7235107421875;
2475448717.9498973;-85.53045654296875;
2475608974.3601537;-85.725730895996094;
2475769230.7704101;-85.528587341308594;
2475929487.1806664;-85.752754211425781;
2476089743.5909228;-85.5853271484375;
2476250000.0011792;-85.681221008300781;
2476410256.4114356;-85.663703918457031;
2476570512.8216925;-85.708366394042969;
2476730769.2319489;-85.619682312011719;
2476891025.6422052;-85.637344360351563;
2477051282.0524616;-85.639152526855469;
2477211538.462718;-85.706459045410156;
2477371794.8729744;-85.616226196289062;
2477532051.2832308;-85.645057678222656;
2477692307.6934872;-85.604820251464844;
2477852564.1037436;-85.687232971191406;
2478012820.5139999;-85.641181945800781;
2478173076.9242563;-85.654594421386719;
2478333333.3345127;-85.656455993652344;
2478493589.7447691;-85.708351135253906;
2478653846.1550255;-85.669837951660156;
2478814102.5652819;-85.733474731445313;
2478974358.9755383;-85.694908142089844;
2479134615.3857946;-85.748931884765625;
2479294871.796051;-85.735359191894531;
2479455128.2063074;-85.781806945800781;
2479615384.6165643;-85.731536865234375;
2479775641.0268207;-85.770271301269531;
2479935897.437077;-85.754631042480469;
2480096153.8473334;-85.846244812011719;
2480256410.2575898;-85.826713562011719;
2480416666.6678462;-85.81695556640625;
2480576923.0781026;-85.791580200195313;
2480737179.488359;-85.85015869140625;
2480897435.8986154;-85.8717041015625;
2481057692.3088717;-85.905166625976563;
2481217948.7191281;-85.918983459472656;
2481378205.1293845;-85.891380310058594;
2481538461.5396409;-85.826713562011719;
2481698717.9498973;-85.82281494140625;
2481858974.3601537;-85.817787170410156;
2482019230.7704101;-85.837127685546875;
2482179487.1806664;-85.869216918945313;
2482339743.5909228;-85.907150268554688;
2482500000.0011792;-85.905174255371094;
2482660256.4114356;-85.9150390625;
2482820512.8216925;-85.897285461425781;
2482980769.2319489;-85.905181884765625;
2483141025.6422052;-85.856056213378906;
2483301282.0524616;-85.891387939453125;
2483461538.462718;-85.893363952636719;
2483621794.8729744;-85.895294189453125;
2483782051.2832308;-85.89923095703125;
2483942307.6934872;-85.903190612792969;
2484102564.1037436;-85.856033325195313;
2484262820.5139999;-85.899269104003906;
