Type;ESU;
Version;4.43;
Date;03.Jun 16;
Mode;ANALYZER;
Center Freq;2434262820.514000;Hz
Freq Offset;0.000000;Hz
Span;100000000.000000;Hz
x-Axis;LIN;
Start;2384262820.514000;Hz
Stop;2484262820.514000;Hz
Ref Level;-9.000000;dBm
Level Offset;0.000000;dB
Ref Position;100.000000;%
y-Axis;LOG;
Level Range;100.000000;dB
Rf Att;5.000000;dB
RBW;2000000.000000;Hz
VBW;50.000000;Hz
SWT;2.500000;s
Trace Mode;CLR/WRITE;
Detector;RMS;
Sweep Count;0;
Trace 1:;;
x-Unit;Hz;
y-Unit;dBm;
Values;625;
2384262820.5139999;-85.720848083496094;
2384423076.9242563;-85.712265014648437;
2384583333.3345127;-85.712265014648437;
2384743589.7447691;-85.760543823242188;
2384903846.1550255;-85.807205200195313;
2385064102.5652819;-85.745063781738281;
2385224358.9755383;-85.745086669921875;
2385384615.3857946;-85.738639831542969;
2385544871.796051;-85.731269836425781;
2385705128.2063074;-85.723831176757813;
2385865384.6165643;-85.718040466308594;
2386025641.0268207;-85.726852416992188;
2386185897.437077;-85.719749450683594;
2386346153.8473334;-85.702629089355469;
2386506410.2575898;-85.719970703125;
2386666666.6678462;-85.731758117675781;
2386826923.0781026;-85.724647521972656;
2386987179.488359;-85.771347045898438;
2387147435.8986154;-85.735420227050781;
2387307692.3088717;-85.714187622070313;
2387467948.7191281;-85.710334777832031;
2387628205.1293845;-85.710334777832031;
2387788461.5396409;-85.752799987792969;
2387948717.9498973;-85.735328674316406;
2388108974.3601537;-85.708404541015625;
2388269230.7704101;-85.698768615722656;
2388429487.1806664;-85.719970703125;
2388589743.5909228;-85.7373046875;
2388750000.0011792;-85.719963073730469;
2388910256.4114356;-85.719955444335938;
2389070512.8216925;-85.723793029785156;
2389230769.2319489;-85.727691650390625;
2389391025.6422052;-85.668006896972656;
2389551282.0524616;-85.660377502441406;
2389711538.462718;-85.616363525390625;
2389871794.8729744;-85.650779724121094;
2390032051.2832308;-85.689109802246094;
2390192307.6934872;-85.669868469238281;
2390352564.1037436;-85.639328002929688;
2390512820.5139999;-85.60107421875;
2390673076.9242563;-85.656478881835938;
2390833333.3345127;-85.606643676757813;
2390993589.7447691;-85.654586791992188;
2391153846.1550255;-85.589599609375;
2391314102.5652819;-85.662284851074219;
2391474358.9755383;-85.574478149414063;
2391634615.3857946;-85.645027160644531;
2391794871.796051;-85.532852172851563;
2391955128.2063074;-85.541755676269531;
2392115384.6165643;-85.580131530761719;
2392275641.0268207;-85.496101379394531;
2392435897.437077;-85.551765441894531;
2392596153.8473334;-85.430610656738281;
2392756410.2575898;-85.566970825195313;
2392916666.6678462;-85.361709594726563;
2393076923.0781026;-85.549812316894531;
2393237179.488359;-85.291839599609375;
2393397435.8986154;-85.505516052246094;
2393557692.3088717;-85.278549194335938;
2393717948.7191281;-85.407928466796875;
2393878205.1293845;-85.378524780273438;
2394038461.5396409;-85.375205993652344;
2394198717.9498973;-85.455520629882812;
2394358974.3601537;-85.324256896972656;
2394519230.7704101;-85.53662109375;
2394679487.1806664;-85.310462951660156;
2394839743.5909228;-85.513145446777344;
2395000000.0011792;-85.359695434570313;
2395160256.4114356;-85.530136108398438;
2395320512.8216925;-85.425575256347656;
2395480769.2319489;-85.507484436035156;
2395641025.6422052;-85.483848571777344;
2395801282.0524616;-85.457023620605469;
2395961538.462718;-85.508903503417969;
2396121794.8729744;-85.526237487792969;
2396282051.2832308;-85.593231201171875;
2396442307.6934872;-85.519325256347656;
2396602564.1037436;-85.532699584960937;
2396762820.5139999;-85.469390869140625;
2396923076.9242563;-85.608528137207031;
2397083333.3345127;-85.568794250488281;
2397243589.7447691;-85.648719787597656;
2397403846.1550255;-85.56695556640625;
2397564102.5652819;-85.610504150390625;
2397724358.9755383;-85.578384399414063;
2397884615.3857946;-85.534584045410156;
2398044871.796051;-85.585868835449219;
2398205128.2063074;-85.555450439453125;
2398365384.6165643;-85.643150329589844;
2398525641.0268207;-85.559333801269531;
2398685897.437077;-85.599258422851562;
2398846153.8473334;-85.566909790039062;
2399006410.2575898;-85.602996826171875;
2399166666.6678462;-85.53106689453125;
2399326923.0781026;-85.582115173339844;
2399487179.488359;-85.604942321777344;
2399647435.8986154;-85.568794250488281;
2399807692.3088717;-85.618324279785156;
2399967948.7191281;-85.549911499023438;
2400128205.1293845;-85.595474243164063;
2400288461.5396409;-85.589752197265625;
2400448717.9498973;-85.606864929199219;
2400608974.3601537;-85.548057556152344;
2400769230.7704101;-85.610702514648437;
2400929487.1806664;-85.622146606445313;
2401089743.5909228;-85.608695983886719;
2401250000.0011792;-85.620201110839844;
2401410256.4114356;-85.608772277832031;
2401570512.8216925;-85.614524841308594;
2401730769.2319489;-85.593551635742187;
2401891025.6422052;-85.648826599121094;
2402051282.0524616;-85.584037780761719;
2402211538.462718;-85.625953674316406;
2402371794.8729744;-85.608810424804688;
2402532051.2832308;-85.559425354003906;
2402692307.6934872;-85.576492309570313;
2402852564.1037436;-85.565109252929688;
2403012820.5139999;-85.608802795410156;
2403173076.9242563;-85.61260986328125;
2403333333.3345127;-85.681465148925781;
2403493589.7447691;-85.62786865234375;
2403653846.1550255;-85.60498046875;
2403814102.5652819;-85.622138977050781;
2403974358.9755383;-85.612617492675781;
2404134615.3857946;-85.63739013671875;
2404294871.796051;-85.650749206542969;
2404455128.2063074;-85.646949768066406;
2404615384.6165643;-85.612617492675781;
2404775641.0268207;-85.654632568359375;
2404935897.437077;-85.61260986328125;
2405096153.8473334;-85.61260986328125;
2405256410.2575898;-85.610694885253906;
2405416666.6678462;-85.622138977050781;
2405576923.0781026;-85.660377502441406;
2405737179.488359;-85.679550170898437;
2405897435.8986154;-85.693000793457031;
2406057692.3088717;-85.637374877929688;
2406217948.7191281;-85.629737854003906;
2406378205.1293845;-85.612594604492187;
2406538461.5396409;-85.64312744140625;
2406698717.9498973;-85.616416931152344;
2406858974.3601537;-85.63739013671875;
2407019230.7704101;-85.614509582519531;
2407179487.1806664;-85.635482788085937;
2407339743.5909228;-85.648887634277344;
2407500000.0011792;-85.671875;
2407660256.4114356;-85.668014526367188;
2407820512.8216925;-85.608802795410156;
2407980769.2319489;-85.668022155761719;
2408141025.6422052;-85.6202392578125;
2408301282.0524616;-85.639320373535156;
2408461538.462718;-85.618339538574219;
2408621794.8729744;-85.618316650390625;
2408782051.2832308;-85.683364868164062;
2408942307.6934872;-85.656501770019531;
2409102564.1037436;-85.666107177734375;
2409262820.5139999;-85.679550170898437;
2409423076.9242563;-85.712257385253906;
2409583333.3345127;-85.658447265625;
2409743589.7447691;-85.689094543457031;
2409903846.1550255;-85.633590698242188;
2410064102.5652819;-85.681442260742187;
2410224358.9755383;-85.650810241699219;
2410384615.3857946;-85.631546020507813;
2410544871.796051;-85.643150329589844;
2410705128.2063074;-85.6297607421875;
2410865384.6165643;-85.688926696777344;
2411025641.0268207;-85.649978637695312;
2411185897.437077;-85.631683349609375;
2411346153.8473334;-85.627662658691406;
2411506410.2575898;-85.636131286621094;
2411666666.6678462;-85.62786865234375;
2411826923.0781026;-85.631683349609375;
2411987179.488359;-85.625946044921875;
2412147435.8986154;-85.66229248046875;
2412307692.3088717;-85.685310363769531;
2412467948.7191281;-85.712265014648437;
2412628205.1293845;-85.675712585449219;
2412788461.5396409;-85.693008422851562;
2412948717.9498973;-85.70703125;
2413108974.3601537;-85.681480407714844;
2413269230.7704101;-85.631690979003906;
2413429487.1806664;-85.6527099609375;
2413589743.5909228;-85.671890258789063;
2413750000.0011792;-85.68914794921875;
2413910256.4114356;-85.719955444335938;
2414070512.8216925;-85.71417236328125;
2414230769.2319489;-85.704559326171875;
2414391025.6422052;-85.685310363769531;
2414551282.0524616;-85.689155578613281;
2414711538.462718;-85.679557800292969;
2414871794.8729744;-85.675712585449219;
2415032051.2832308;-85.673805236816406;
2415192307.6934872;-85.656547546386719;
2415352564.1037436;-85.713630676269531;
2415512820.5139999;-85.708412170410156;
2415673076.9242563;-85.704559326171875;
2415833333.3345127;-85.698783874511719;
2415993589.7447691;-85.673805236816406;
2416153846.1550255;-85.698768615722656;
2416314102.5652819;-85.698768615722656;
2416474358.9755383;-85.668045043945313;
2416634615.3857946;-85.694931030273438;
2416794871.796051;-85.731521606445312;
2416955128.2063074;-85.683380126953125;
2417115384.6165643;-85.700698852539063;
2417275641.0268207;-85.650726318359375;
2417435897.437077;-85.669952392578125;
2417596153.8473334;-85.639312744140625;
2417756410.2575898;-85.698226928710937;
2417916666.6678462;-85.666130065917969;
2418076923.0781026;-85.694931030273438;
2418237179.488359;-85.733451843261719;
2418397435.8986154;-85.685264587402344;
2418557692.3088717;-85.646949768066406;
2418717948.7191281;-85.648857116699219;
2418878205.1293845;-85.643157958984375;
2419038461.5396409;-85.669960021972656;
2419198717.9498973;-85.681480407714844;
2419358974.3601537;-85.685302734375;
2419519230.7704101;-85.687240600585938;
2419679487.1806664;-85.683387756347656;
2419839743.5909228;-85.715843200683594;
2420000000.0011792;-85.710334777832031;
2420160256.4114356;-85.643150329589844;
2420320512.8216925;-85.629783630371094;
2420480769.2319489;-85.639335632324219;
2420641025.6422052;-85.652694702148438;
2420801282.0524616;-85.643150329589844;
2420961538.462718;-85.629768371582031;
2421121794.8729744;-85.633598327636719;
2421282051.2832308;-85.616424560546875;
2421442307.6934872;-85.629783630371094;
2421602564.1037436;-85.645057678222656;
2421762820.5139999;-85.62786865234375;
2421923076.9242563;-85.622146606445313;
2422083333.3345127;-85.696022033691406;
2422243589.7447691;-85.696846008300781;
2422403846.1550255;-85.658462524414062;
2422564102.5652819;-85.624015808105469;
2422724358.9755383;-85.645072937011719;
2422884615.3857946;-85.62786865234375;
2423044871.796051;-85.610710144042969;
2423205128.2063074;-85.641197204589844;
2423365384.6165643;-85.689155578613281;
2423525641.0268207;-85.658454895019531;
2423685897.437077;-85.614517211914062;
2423846153.8473334;-85.619407653808594;
2424006410.2575898;-85.658424377441406;
2424166666.6678462;-85.608802795410156;
2424326923.0781026;-85.627876281738281;
2424487179.488359;-85.616432189941406;
2424647435.8986154;-85.616424560546875;
2424807692.3088717;-85.6297607421875;
2424967948.7191281;-85.622146606445313;
2425128205.1293845;-85.6202392578125;
2425288461.5396409;-85.618331909179687;
2425448717.9498973;-85.618331909179687;
2425608974.3601537;-85.629783630371094;
2425769230.7704101;-85.595451354980469;
2425929487.1806664;-85.585968017578125;
2426089743.5909228;-85.582023620605469;
2426250000.0011792;-85.620246887207031;
2426410256.4114356;-85.487571716308594;
2426570512.8216925;-85.553756713867187;
2426730769.2319489;-85.160659790039063;
2426891025.6422052;-85.296806335449219;
2427051282.0524616;-84.623619079589844;
2427211538.462718;-84.691444396972656;
2427371794.8729744;-83.945175170898438;
2427532051.2832308;-83.245246887207031;
2427692307.6934872;-82.790939331054688;
2427852564.1037436;-81.260612487792969;
2428012820.5139999;-81.754219055175781;
2428173076.9242563;-77.808792114257813;
2428333333.3345127;-78.433364868164062;
2428493589.7447691;-74.371101379394531;
2428653846.1550255;-74.453849792480469;
2428814102.5652819;-71.451248168945313;
2428974358.9755383;-68.656929016113281;
2429134615.3857946;-67.620582580566406;
2429294871.796051;-64.897628784179688;
2429455128.2063074;-64.682754516601563;
2429615384.6165643;-61.359535217285156;
2429775641.0268207;-60.867408752441406;
2429935897.437077;-57.745632171630859;
2430096153.8473334;-56.963493347167969;
2430256410.2575898;-55.224334716796875;
2430416666.6678462;-53.327194213867187;
2430576923.0781026;-52.153972625732422;
2430737179.488359;-49.724235534667969;
2430897435.8986154;-49.473880767822266;
2431057692.3088717;-46.89508056640625;
2431217948.7191281;-46.664142608642578;
2431378205.1293845;-43.754512786865234;
2431538461.5396409;-42.899166107177734;
2431698717.9498973;-41.578418731689453;
2431858974.3601537;-40.332027435302734;
2432019230.7704101;-39.374179840087891;
2432179487.1806664;-37.394199371337891;
2432339743.5909228;-36.766426086425781;
2432500000.0011792;-35.456741333007813;
2432660256.4114356;-34.937896728515625;
2432820512.8216925;-33.835132598876953;
2432980769.2319489;-32.895919799804688;
2433141025.6422052;-32.349605560302734;
2433301282.0524616;-31.944110870361328;
2433461538.462718;-31.62443733215332;
2433621794.8729744;-31.44862174987793;
2433782051.2832308;-31.195365905761719;
2433942307.6934872;-31.508729934692383;
2434102564.1037436;-31.588485717773438;
2434262820.5139999;-32.24346923828125;
2434423076.9242563;-32.437595367431641;
2434583333.3345127;-33.589820861816406;
2434743589.7447691;-34.204017639160156;
2434903846.1550255;-35.109760284423828;
2435064102.5652819;-36.01055908203125;
2435224358.9755383;-36.969295501708984;
2435384615.3857946;-38.626747131347656;
2435544871.796051;-39.570873260498047;
2435705128.2063074;-40.98779296875;
2435865384.6165643;-41.740558624267578;
2436025641.0268207;-43.446891784667969;
2436185897.437077;-44.891937255859375;
2436346153.8473334;-46.280990600585938;
2436506410.2575898;-47.425048828125;
2436666666.6678462;-48.536888122558594;
2436826923.0781026;-49.875461578369141;
2436987179.488359;-51.505912780761719;
2437147435.8986154;-52.885082244873047;
2437307692.3088717;-53.841808319091797;
2437467948.7191281;-55.367332458496094;
2437628205.1293845;-56.280208587646484;
2437788461.5396409;-58.317062377929688;
2437948717.9498973;-59.421234130859375;
2438108974.3601537;-60.675540924072266;
2438269230.7704101;-61.874862670898438;
2438429487.1806664;-63.099971771240234;
2438589743.5909228;-65.061775207519531;
2438750000.0011792;-66.215805053710937;
2438910256.4114356;-67.740692138671875;
2439070512.8216925;-68.724533081054688;
2439230769.2319489;-70.629371643066406;
2439391025.6422052;-72.500419616699219;
2439551282.0524616;-74.296478271484375;
2439711538.462718;-75.683418273925781;
2439871794.8729744;-77.311676025390625;
2440032051.2832308;-78.85528564453125;
2440192307.6934872;-81.094863891601562;
2440352564.1037436;-82.3447265625;
2440512820.5139999;-83.2371826171875;
2440673076.9242563;-83.946609497070313;
2440833333.3345127;-84.505271911621094;
2440993589.7447691;-85.059806823730469;
2441153846.1550255;-85.259719848632813;
2441314102.5652819;-85.410552978515625;
2441474358.9755383;-85.472755432128906;
2441634615.3857946;-85.578338623046875;
2441794871.796051;-85.666091918945313;
2441955128.2063074;-85.706474304199219;
2442115384.6165643;-85.696853637695313;
2442275641.0268207;-85.696853637695313;
2442435897.437077;-85.696830749511719;
2442596153.8473334;-85.725753784179688;
2442756410.2575898;-85.712257385253906;
2442916666.6678462;-85.716110229492188;
2443076923.0781026;-85.704551696777344;
2443237179.488359;-85.702621459960937;
2443397435.8986154;-85.7353515625;
2443557692.3088717;-85.747016906738281;
2443717948.7191281;-85.78192138671875;
2443878205.1293845;-85.783859252929688;
2444038461.5396409;-85.81500244140625;
2444198717.9498973;-85.813056945800781;
2444358974.3601537;-85.81890869140625;
2444519230.7704101;-85.81500244140625;
2444679487.1806664;-85.814994812011719;
2444839743.5909228;-85.805252075195313;
2445000000.0011792;-85.797431945800781;
2445160256.4114356;-85.764450073242188;
2445320512.8216925;-85.799392700195313;
2445480769.2319489;-85.811103820800781;
2445641025.6422052;-85.775520324707031;
2445801282.0524616;-85.7857666015625;
2445961538.462718;-85.803298950195313;
2446121794.8729744;-85.813056945800781;
2446282051.2832308;-85.760551452636719;
2446442307.6934872;-85.772201538085938;
2446602564.1037436;-85.770256042480469;
2446762820.5139999;-85.785797119140625;
2446923076.9242563;-85.723785400390625;
2447083333.3345127;-85.6929931640625;
2447243589.7447691;-85.772193908691406;
2447403846.1550255;-85.799385070800781;
2447564102.5652819;-85.770271301269531;
2447724358.9755383;-85.783859252929688;
2447884615.3857946;-85.768325805664062;
2448044871.796051;-85.737297058105469;
2448205128.2063074;-85.816925048828125;
2448365384.6165643;-85.778007507324219;
2448525641.0268207;-85.79742431640625;
2448685897.437077;-85.768333435058594;
2448846153.8473334;-85.7916259765625;
2449006410.2575898;-85.811103820800781;
2449166666.6678462;-85.809150695800781;
2449326923.0781026;-85.826713562011719;
2449487179.488359;-85.803291320800781;
2449647435.8986154;-85.824760437011719;
2449807692.3088717;-85.81695556640625;
2449967948.7191281;-85.81304931640625;
2450128205.1293845;-85.737312316894531;
2450288461.5396409;-85.748893737792969;
2450448717.9498973;-85.716064453125;
2450608974.3601537;-85.779945373535156;
2450769230.7704101;-85.726737976074219;
2450929487.1806664;-85.721458435058594;
2451089743.5909228;-85.585670471191406;
2451250000.0011792;-85.641067504882813;
2451410256.4114356;-85.675674438476563;
2451570512.8216925;-85.7528076171875;
2451730769.2319489;-85.698616027832031;
2451891025.6422052;-85.758613586425781;
2452051282.0524616;-85.774154663085938;
2452211538.462718;-85.774147033691406;
2452371794.8729744;-85.799392700195313;
2452532051.2832308;-85.8638916015625;
2452692307.6934872;-85.611038208007813;
2452852564.1037436;-85.633354187011719;
2453012820.5139999;-85.6910400390625;
2453173076.9242563;-85.53466796875;
2453333333.3345127;-85.437309265136719;
2453493589.7447691;-85.492874145507813;
2453653846.1550255;-85.748855590820313;
2453814102.5652819;-85.365104675292969;
2453974358.9755383;-85.746719360351563;
2454134615.3857946;-85.040390014648437;
2454294871.796051;-85.406387329101563;
2454455128.2063074;-85.308013916015625;
2454615384.6165643;-85.608726501464844;
2454775641.0268207;-85.693939208984375;
2454935897.437077;-85.459243774414063;
2455096153.8473334;-85.457054138183594;
2455256410.2575898;-85.328170776367188;
2455416666.6678462;-85.662185668945313;
2455576923.0781026;-85.641166687011719;
2455737179.488359;-85.766304016113281;
2455897435.8986154;-85.687057495117188;
2456057692.3088717;-85.581993103027344;
2456217948.7191281;-84.548057556152344;
2456378205.1293845;-85.012321472167969;
2456538461.5396409;-85.445419311523438;
2456698717.9498973;-85.324752807617188;
2456858974.3601537;-85.388992309570313;
2457019230.7704101;-85.683212280273438;
2457179487.1806664;-85.820785522460938;
2457339743.5909228;-85.758613586425781;
2457500000.0011792;-85.816925048828125;
2457660256.4114356;-85.733467102050781;
2457820512.8216925;-85.762435913085938;
2457980769.2319489;-85.766242980957031;
2458141025.6422052;-85.834487915039063;
2458301282.0524616;-85.887443542480469;
2458461538.462718;-85.828590393066406;
2458621794.8729744;-85.830574035644531;
2458782051.2832308;-85.814964294433594;
2458942307.6934872;-85.861930847167969;
2459102564.1037436;-85.807167053222656;
2459262820.5139999;-85.754486083984375;
2459423076.9242563;-85.78497314453125;
2459583333.3345127;-85.828880310058594;
2459743589.7447691;-85.809364318847656;
2459903846.1550255;-85.799934387207031;
2460064102.5652819;-85.859748840332031;
2460224358.9755383;-85.757736206054687;
2460384615.3857946;-85.818008422851562;
2460544871.796051;-85.808807373046875;
2460705128.2063074;-85.845771789550781;
2460865384.6165643;-85.840324401855469;
2461025641.0268207;-85.851997375488281;
2461185897.437077;-85.81695556640625;
2461346153.8473334;-85.822776794433594;
2461506410.2575898;-85.887435913085937;
2461666666.6678462;-85.83441162109375;
2461826923.0781026;-85.881553649902344;
2461987179.488359;-85.834487915039063;
2462147435.8986154;-85.822784423828125;
2462307692.3088717;-85.79730224609375;
2462467948.7191281;-85.812973022460938;
2462628205.1293845;-85.828536987304688;
2462788461.5396409;-85.849929809570313;
2462948717.9498973;-85.828628540039063;
2463108974.3601537;-85.828445434570313;
2463269230.7704101;-85.865852355957031;
2463429487.1806664;-85.830558776855469;
2463589743.5909228;-85.893310546875;
2463750000.0011792;-85.822807312011719;
2463910256.4114356;-85.842292785644531;
2464070512.8216925;-85.832550048828125;
2464230769.2319489;-85.846038818359375;
2464391025.6422052;-85.828605651855469;
2464551282.0524616;-85.818801879882813;
2464711538.462718;-85.830596923828125;
2464871794.8729744;-85.801284790039063;
2465032051.2832308;-85.84429931640625;
2465192307.6934872;-85.805099487304688;
2465352564.1037436;-85.90118408203125;
2465512820.5139999;-85.811004638671875;
2465673076.9242563;-85.859756469726563;
2465833333.3345127;-85.8834228515625;
2465993589.7447691;-85.830169677734375;
2466153846.1550255;-85.809120178222656;
2466314102.5652819;-85.818740844726563;
2466474358.9755383;-85.787681579589844;
2466634615.3857946;-85.785301208496094;
2466794871.796051;-85.783729553222656;
2466955128.2063074;-85.773689270019531;
2467115384.6165643;-85.836357116699219;
2467275641.0268207;-85.775634765625;
2467435897.437077;-85.842269897460938;
2467596153.8473334;-85.766006469726563;
2467756410.2575898;-85.840316772460938;
2467916666.6678462;-85.702430725097656;
2468076923.0781026;-85.801223754882812;
2468237179.488359;-85.715866088867188;
2468397435.8986154;-85.792839050292969;
2468557692.3088717;-85.710098266601563;
2468717948.7191281;-85.655158996582031;
2468878205.1293845;-85.740814208984375;
2469038461.5396409;-85.6435546875;
2469198717.9498973;-85.739051818847656;
2469358974.3601537;-85.564277648925781;
2469519230.7704101;-85.791282653808594;
2469679487.1806664;-85.57586669921875;
2469839743.5909228;-85.641098022460938;
2470000000.0011792;-85.558517456054687;
2470160256.4114356;-85.578285217285156;
2470320512.8216925;-85.5772705078125;
2470480769.2319489;-85.489471435546875;
2470641025.6422052;-85.629005432128906;
2470801282.0524616;-85.422294616699219;
2470961538.462718;-85.651893615722656;
2471121794.8729744;-85.262725830078125;
2471282051.2832308;-85.645393371582031;
2471442307.6934872;-85.210533142089844;
2471602564.1037436;-85.647491455078125;
2471762820.5139999;-85.285690307617188;
2471923076.9242563;-85.548538208007813;
2472083333.3345127;-85.347740173339844;
2472243589.7447691;-85.460784912109375;
2472403846.1550255;-85.458259582519531;
2472564102.5652819;-85.440536499023438;
2472724358.9755383;-85.626846313476563;
2472884615.3857946;-85.503646850585938;
2473044871.796051;-85.715644836425781;
2473205128.2063074;-85.521949768066406;
2473365384.6165643;-85.710205078125;
2473525641.0268207;-85.522834777832031;
2473685897.437077;-85.777839660644531;
2473846153.8473334;-85.602577209472656;
2474006410.2575898;-85.73681640625;
2474166666.6678462;-85.719619750976563;
2474326923.0781026;-85.7696533203125;
2474487179.488359;-85.803169250488281;
2474647435.8986154;-85.754234313964844;
2474807692.3088717;-85.834396362304688;
2474967948.7191281;-85.820686340332031;
2475128205.1293845;-85.865837097167969;
2475288461.5396409;-85.793502807617187;
2475448717.9498973;-85.832504272460937;
2475608974.3601537;-85.807098388671875;
2475769230.7704101;-85.867599487304687;
2475929487.1806664;-85.820823669433594;
2476089743.5909228;-85.828559875488281;
2476250000.0011792;-85.82086181640625;
2476410256.4114356;-85.797431945800781;
2476570512.8216925;-85.854080200195313;
2476730769.2319489;-85.820816040039063;
2476891025.6422052;-85.838432312011719;
2477051282.0524616;-85.770179748535156;
2477211538.462718;-85.869735717773438;
2477371794.8729744;-85.851287841796875;
2477532051.2832308;-85.838768005371094;
2477692307.6934872;-85.837882995605469;
2477852564.1037436;-85.820823669433594;
2478012820.5139999;-85.857978820800781;
2478173076.9242563;-85.854057312011719;
2478333333.3345127;-85.915031433105469;
2478493589.7447691;-85.842323303222656;
2478653846.1550255;-85.901206970214844;
2478814102.5652819;-85.850173950195313;
2478974358.9755383;-85.861900329589844;
2479134615.3857946;-85.859954833984375;
2479294871.796051;-85.881538391113281;
2479455128.2063074;-85.903167724609375;
2479615384.6165643;-85.873664855957031;
2479775641.0268207;-85.899246215820313;
2479935897.437077;-85.897270202636719;
2480096153.8473334;-85.932807922363281;
2480256410.2575898;-85.903213500976563;
2480416666.6678462;-85.932769775390625;
2480576923.0781026;-85.895332336425781;
2480737179.488359;-85.911087036132812;
2480897435.8986154;-85.924911499023438;
2481057692.3088717;-85.909065246582031;
2481217948.7191281;-85.893356323242187;
2481378205.1293845;-85.918983459472656;
2481538461.5396409;-85.9150390625;
2481698717.9498973;-85.887443542480469;
2481858974.3601537;-85.929985046386719;
2482019230.7704101;-85.884162902832031;
2482179487.1806664;-85.954864501953125;
2482339743.5909228;-85.924903869628906;
2482500000.0011792;-85.891380310058594;
2482660256.4114356;-85.877578735351563;
2482820512.8216925;-85.932807922363281;
2482980769.2319489;-85.893363952636719;
2483141025.6422052;-85.916999816894531;
2483301282.0524616;-85.913063049316406;
2483461538.462718;-85.891387939453125;
2483621794.8729744;-85.911094665527344;
2483782051.2832308;-85.907142639160156;
2483942307.6934872;-85.907150268554688;
2484102564.1037436;-85.9150390625;
2484262820.5139999;-85.911094665527344;
