Type;ESU;
Version;4.43;
Date;03.Jun 16;
Mode;ANALYZER;
Center Freq;2434262820.514000;Hz
Freq Offset;0.000000;Hz
Span;100000000.000000;Hz
x-Axis;LIN;
Start;2384262820.514000;Hz
Stop;2484262820.514000;Hz
Ref Level;-9.000000;dBm
Level Offset;0.000000;dB
Ref Position;100.000000;%
y-Axis;LOG;
Level Range;100.000000;dB
Rf Att;5.000000;dB
RBW;2000000.000000;Hz
VBW;50.000000;Hz
SWT;2.500000;s
Trace Mode;CLR/WRITE;
Detector;RMS;
Sweep Count;0;
Trace 1:;;
x-Unit;Hz;
y-Unit;dBm;
Values;625;
2384262820.5139999;-85.744720458984375;
2384423076.9242563;-85.750892639160156;
2384583333.3345127;-85.727684020996094;
2384743589.7447691;-85.710334777832031;
2384903846.1550255;-85.712265014648437;
2385064102.5652819;-85.712257385253906;
2385224358.9755383;-85.748916625976563;
2385384615.3857946;-85.70648193359375;
2385544871.796051;-85.712265014648437;
2385705128.2063074;-85.691070556640625;
2385865384.6165643;-85.72381591796875;
2386025641.0268207;-85.704559326171875;
2386185897.437077;-85.693008422851562;
2386346153.8473334;-85.700675964355469;
2386506410.2575898;-85.671882629394531;
2386666666.6678462;-85.706039428710938;
2386826923.0781026;-85.658744812011719;
2386987179.488359;-85.708412170410156;
2387147435.8986154;-85.699203491210937;
2387307692.3088717;-85.691635131835938;
2387467948.7191281;-85.673591613769531;
2387628205.1293845;-85.706466674804688;
2387788461.5396409;-85.696807861328125;
2387948717.9498973;-85.74700927734375;
2388108974.3601537;-85.715835571289063;
2388269230.7704101;-85.702629089355469;
2388429487.1806664;-85.714187622070313;
2388589743.5909228;-85.669929504394531;
2388750000.0011792;-85.70648193359375;
2388910256.4114356;-85.700416564941406;
2389070512.8216925;-85.700920104980469;
2389230769.2319489;-85.694923400878906;
2389391025.6422052;-85.693008422851562;
2389551282.0524616;-85.6929931640625;
2389711538.462718;-85.704551696777344;
2389871794.8729744;-85.706474304199219;
2390032051.2832308;-85.693000793457031;
2390192307.6934872;-85.6527099609375;
2390352564.1037436;-85.689132690429688;
2390512820.5139999;-85.6087646484375;
2390673076.9242563;-85.637420654296875;
2390833333.3345127;-85.572608947753906;
2390993589.7447691;-85.64312744140625;
2391153846.1550255;-85.559326171875;
2391314102.5652819;-85.624053955078125;
2391474358.9755383;-85.529037475585938;
2391634615.3857946;-85.595451354980469;
2391794871.796051;-85.59722900390625;
2391955128.2063074;-85.498123168945313;
2392115384.6165643;-85.620162963867188;
2392275641.0268207;-85.483009338378906;
2392435897.437077;-85.589523315429687;
2392596153.8473334;-85.424644470214844;
2392756410.2575898;-85.563034057617188;
2392916666.6678462;-85.358543395996094;
2393076923.0781026;-85.564994812011719;
2393237179.488359;-85.351158142089844;
2393397435.8986154;-85.423416137695313;
2393557692.3088717;-85.426544189453125;
2393717948.7191281;-85.493064880371094;
2393878205.1293845;-85.431488037109375;
2394038461.5396409;-85.401268005371094;
2394198717.9498973;-85.488143920898437;
2394358974.3601537;-85.451858520507813;
2394519230.7704101;-85.455039978027344;
2394679487.1806664;-85.549850463867187;
2394839743.5909228;-85.496536254882813;
2395000000.0011792;-85.580284118652344;
2395160256.4114356;-85.481918334960938;
2395320512.8216925;-85.56317138671875;
2395480769.2319489;-85.529075622558594;
2395641025.6422052;-85.610687255859375;
2395801282.0524616;-85.536674499511719;
2395961538.462718;-85.629745483398438;
2396121794.8729744;-85.544166564941406;
2396282051.2832308;-85.601173400878906;
2396442307.6934872;-85.542366027832031;
2396602564.1037436;-85.61639404296875;
2396762820.5139999;-85.614501953125;
2396923076.9242563;-85.639297485351562;
2397083333.3345127;-85.589775085449219;
2397243589.7447691;-85.658447265625;
2397403846.1550255;-85.656478881835938;
2397564102.5652819;-85.614524841308594;
2397724358.9755383;-85.580268859863281;
2397884615.3857946;-85.619430541992188;
2398044871.796051;-85.573501586914062;
2398205128.2063074;-85.658714294433594;
2398365384.6165643;-85.651435852050781;
2398525641.0268207;-85.636878967285156;
2398685897.437077;-85.587867736816406;
2398846153.8473334;-85.624046325683594;
2399006410.2575898;-85.610702514648437;
2399166666.6678462;-85.62786865234375;
2399326923.0781026;-85.601142883300781;
2399487179.488359;-85.631668090820312;
2399647435.8986154;-85.618270874023438;
2399807692.3088717;-85.6011962890625;
2399967948.7191281;-85.591690063476563;
2400128205.1293845;-85.618339538574219;
2400288461.5396409;-85.610710144042969;
2400448717.9498973;-85.616432189941406;
2400608974.3601537;-85.618339538574219;
2400769230.7704101;-85.606895446777344;
2400929487.1806664;-85.604988098144531;
2401089743.5909228;-85.614524841308594;
2401250000.0011792;-85.622154235839844;
2401410256.4114356;-85.622138977050781;
2401570512.8216925;-85.578384399414063;
2401730769.2319489;-85.589744567871094;
2401891025.6422052;-85.534843444824219;
2402051282.0524616;-85.514114379882813;
2402211538.462718;-85.561225891113281;
2402371794.8729744;-85.612625122070313;
2402532051.2832308;-85.64501953125;
2402692307.6934872;-85.648857116699219;
2402852564.1037436;-85.616432189941406;
2403012820.5139999;-85.60308837890625;
2403173076.9242563;-85.614517211914062;
2403333333.3345127;-85.635498046875;
2403493589.7447691;-85.637420654296875;
2403653846.1550255;-85.616432189941406;
2403814102.5652819;-85.616432189941406;
2403974358.9755383;-85.599281311035156;
2404134615.3857946;-85.631683349609375;
2404294871.796051;-85.627861022949219;
2404455128.2063074;-85.650794982910156;
2404615384.6165643;-85.675704956054688;
2404775641.0268207;-85.639320373535156;
2404935897.437077;-85.624061584472656;
2405096153.8473334;-85.625968933105469;
2405256410.2575898;-85.612617492675781;
2405416666.6678462;-85.624053955078125;
2405576923.0781026;-85.616432189941406;
2405737179.488359;-85.622138977050781;
2405897435.8986154;-85.641212463378906;
2406057692.3088717;-85.704559326171875;
2406217948.7191281;-85.698783874511719;
2406378205.1293845;-85.694931030273438;
2406538461.5396409;-85.687240600585938;
2406698717.9498973;-85.660308837890625;
2406858974.3601537;-85.622154235839844;
2407019230.7704101;-85.656547546386719;
2407179487.1806664;-85.631690979003906;
2407339743.5909228;-85.627876281738281;
2407500000.0011792;-85.646965026855469;
2407660256.4114356;-85.610702514648437;
2407820512.8216925;-85.631690979003906;
2407980769.2319489;-85.646980285644531;
2408141025.6422052;-85.669960021972656;
2408301282.0524616;-85.641227722167969;
2408461538.462718;-85.64459228515625;
2408621794.8729744;-85.646980285644531;
2408782051.2832308;-85.639053344726563;
2408942307.6934872;-85.65142822265625;
2409102564.1037436;-85.683395385742188;
2409262820.5139999;-85.691627502441406;
2409423076.9242563;-85.7060546875;
2409583333.3345127;-85.681472778320312;
2409743589.7447691;-85.641242980957031;
2409903846.1550255;-85.619186401367188;
2410064102.5652819;-85.668037414550781;
2410224358.9755383;-85.668052673339844;
2410384615.3857946;-85.643150329589844;
2410544871.796051;-85.677635192871094;
2410705128.2063074;-85.652717590332031;
2410865384.6165643;-85.693008422851562;
2411025641.0268207;-85.691085815429687;
2411185897.437077;-85.708396911621094;
2411346153.8473334;-85.698776245117188;
2411506410.2575898;-85.691818237304688;
2411666666.6678462;-85.633522033691406;
2411826923.0781026;-85.625923156738281;
2411987179.488359;-85.69683837890625;
2412147435.8986154;-85.698768615722656;
2412307692.3088717;-85.708412170410156;
2412467948.7191281;-85.67572021484375;
2412628205.1293845;-85.693000793457031;
2412788461.5396409;-85.700691223144531;
2412948717.9498973;-85.708412170410156;
2413108974.3601537;-85.693832397460938;
2413269230.7704101;-85.716117858886719;
2413429487.1806664;-85.735420227050781;
2413589743.5909228;-85.702621459960937;
2413750000.0011792;-85.6929931640625;
2413910256.4114356;-85.718040466308594;
2414070512.8216925;-85.718040466308594;
2414230769.2319489;-85.696853637695313;
2414391025.6422052;-85.668045043945313;
2414551282.0524616;-85.698783874511719;
2414711538.462718;-85.70068359375;
2414871794.8729744;-85.702629089355469;
2415032051.2832308;-85.708404541015625;
2415192307.6934872;-85.700706481933594;
2415352564.1037436;-85.704559326171875;
2415512820.5139999;-85.687248229980469;
2415673076.9242563;-85.712265014648437;
2415833333.3345127;-85.711433410644531;
2415993589.7447691;-85.702598571777344;
2416153846.1550255;-85.620231628417969;
2416314102.5652819;-85.666130065917969;
2416474358.9755383;-85.710334777832031;
2416634615.3857946;-85.691085815429687;
2416794871.796051;-85.691009521484375;
2416955128.2063074;-85.650802612304688;
2417115384.6165643;-85.648895263671875;
2417275641.0268207;-85.685279846191406;
2417435897.437077;-85.687240600585938;
2417596153.8473334;-85.70648193359375;
2417756410.2575898;-85.687240600585938;
2417916666.6678462;-85.696861267089844;
2418076923.0781026;-85.702621459960937;
2418237179.488359;-85.687248229980469;
2418397435.8986154;-85.677642822265625;
2418557692.3088717;-85.681480407714844;
2418717948.7191281;-85.716094970703125;
2418878205.1293845;-85.700698852539063;
2419038461.5396409;-85.689155578613281;
2419198717.9498973;-85.704559326171875;
2419358974.3601537;-85.702629089355469;
2419519230.7704101;-85.698776245117188;
2419679487.1806664;-85.696861267089844;
2419839743.5909228;-85.679542541503906;
2420000000.0011792;-85.683403015136719;
2420160256.4114356;-85.643150329589844;
2420320512.8216925;-85.691627502441406;
2420480769.2319489;-85.708396911621094;
2420641025.6422052;-85.718040466308594;
2420801282.0524616;-85.691085815429687;
2420961538.462718;-85.691078186035156;
2421121794.8729744;-85.691085815429687;
2421282051.2832308;-85.691085815429687;
2421442307.6934872;-85.694931030273438;
2421602564.1037436;-85.641220092773438;
2421762820.5139999;-85.637405395507813;
2421923076.9242563;-85.656517028808594;
2422083333.3345127;-85.712265014648437;
2422243589.7447691;-85.698226928710937;
2422403846.1550255;-85.702629089355469;
2422564102.5652819;-85.654632568359375;
2422724358.9755383;-85.666114807128906;
2422884615.3857946;-85.698776245117188;
2423044871.796051;-85.700698852539063;
2423205128.2063074;-85.718040466308594;
2423365384.6165643;-85.693000793457031;
2423525641.0268207;-85.673797607421875;
2423685897.437077;-85.704551696777344;
2423846153.8473334;-85.624053955078125;
2424006410.2575898;-85.681442260742187;
2424166666.6678462;-85.698783874511719;
2424326923.0781026;-85.668037414550781;
2424487179.488359;-85.633598327636719;
2424647435.8986154;-85.666122436523438;
2424807692.3088717;-85.704551696777344;
2424967948.7191281;-85.70263671875;
2425128205.1293845;-85.704551696777344;
2425288461.5396409;-85.671890258789063;
2425448717.9498973;-85.679550170898437;
2425608974.3601537;-85.70648193359375;
2425769230.7704101;-85.70648193359375;
2425929487.1806664;-85.712257385253906;
2426089743.5909228;-85.671890258789063;
2426250000.0011792;-85.716094970703125;
2426410256.4114356;-85.641227722167969;
2426570512.8216925;-85.633598327636719;
2426730769.2319489;-85.59356689453125;
2426891025.6422052;-85.643424987792969;
2427051282.0524616;-85.501190185546875;
2427211538.462718;-85.546173095703125;
2427371794.8729744;-85.381263732910156;
2427532051.2832308;-85.47650146484375;
2427692307.6934872;-85.029632568359375;
2427852564.1037436;-84.949508666992188;
2428012820.5139999;-84.283119201660156;
2428173076.9242563;-84.405548095703125;
2428333333.3345127;-82.38507080078125;
2428493589.7447691;-82.665214538574219;
2428653846.1550255;-80.419441223144531;
2428814102.5652819;-80.159393310546875;
2428974358.9755383;-79.341377258300781;
2429134615.3857946;-74.535003662109375;
2429294871.796051;-74.967666625976563;
2429455128.2063074;-71.101753234863281;
2429615384.6165643;-71.265701293945312;
2429775641.0268207;-67.377494812011719;
2429935897.437077;-66.298324584960937;
2430096153.8473334;-63.620197296142578;
2430256410.2575898;-62.418487548828125;
2430416666.6678462;-60.750404357910156;
2430576923.0781026;-58.951622009277344;
2430737179.488359;-56.931270599365234;
2430897435.8986154;-55.466548919677734;
2431057692.3088717;-54.092735290527344;
2431217948.7191281;-52.47174072265625;
2431378205.1293845;-50.979339599609375;
2431538461.5396409;-48.966968536376953;
2431698717.9498973;-47.287342071533203;
2431858974.3601537;-45.618217468261719;
2432019230.7704101;-45.174327850341797;
2432179487.1806664;-42.939624786376953;
2432339743.5909228;-41.664619445800781;
2432500000.0011792;-40.007392883300781;
2432660256.4114356;-39.389823913574219;
2432820512.8216925;-37.839401245117188;
2432980769.2319489;-36.899391174316406;
2433141025.6422052;-35.24444580078125;
2433301282.0524616;-34.563785552978516;
2433461538.462718;-33.533809661865234;
2433621794.8729744;-33.038948059082031;
2433782051.2832308;-32.115211486816406;
2433942307.6934872;-31.431163787841797;
2434102564.1037436;-31.153505325317383;
2434262820.5139999;-31.110635757446289;
2434423076.9242563;-30.873291015625;
2434583333.3345127;-31.127958297729492;
2434743589.7447691;-31.20289421081543;
2434903846.1550255;-31.768161773681641;
2435064102.5652819;-32.10888671875;
2435224358.9755383;-32.711807250976562;
2435384615.3857946;-33.493198394775391;
2435544871.796051;-34.673213958740234;
2435705128.2063074;-35.488147735595703;
2435865384.6165643;-36.501964569091797;
2436025641.0268207;-37.362762451171875;
2436185897.437077;-39.072235107421875;
2436346153.8473334;-40.3653564453125;
2436506410.2575898;-41.751960754394531;
2436666666.6678462;-42.795711517333984;
2436826923.0781026;-43.875209808349609;
2436987179.488359;-45.476516723632813;
2437147435.8986154;-46.939456939697266;
2437307692.3088717;-48.180591583251953;
2437467948.7191281;-49.195236206054688;
2437628205.1293845;-50.701900482177734;
2437788461.5396409;-51.978076934814453;
2437948717.9498973;-53.897327423095703;
2438108974.3601537;-54.703094482421875;
2438269230.7704101;-56.409584045410156;
2438429487.1806664;-57.128902435302734;
2438589743.5909228;-59.092628479003906;
2438750000.0011792;-60.473377227783203;
2438910256.4114356;-61.96826171875;
2439070512.8216925;-62.887744903564453;
2439230769.2319489;-64.290580749511719;
2439391025.6422052;-65.674919128417969;
2439551282.0524616;-67.847579956054687;
2439711538.462718;-68.638557434082031;
2439871794.8729744;-70.638320922851562;
2440032051.2832308;-71.5208740234375;
2440192307.6934872;-73.937591552734375;
2440352564.1037436;-75.850852966308594;
2440512820.5139999;-77.522346496582031;
2440673076.9242563;-78.944076538085938;
2440833333.3345127;-80.480560302734375;
2440993589.7447691;-82.148605346679688;
2441153846.1550255;-83.51873779296875;
2441314102.5652819;-84.142875671386719;
2441474358.9755383;-84.656845092773438;
2441634615.3857946;-84.990219116210937;
2441794871.796051;-85.367950439453125;
2441955128.2063074;-85.585968017578125;
2442115384.6165643;-85.648857116699219;
2442275641.0268207;-85.665313720703125;
2442435897.437077;-85.696807861328125;
2442596153.8473334;-85.727684020996094;
2442756410.2575898;-85.764442443847656;
2442916666.6678462;-85.723800659179687;
2443076923.0781026;-85.760543823242188;
2443237179.488359;-85.805259704589844;
2443397435.8986154;-85.82672119140625;
2443557692.3088717;-85.815010070800781;
2443717948.7191281;-85.809158325195313;
2443878205.1293845;-85.776084899902344;
2444038461.5396409;-85.811111450195313;
2444198717.9498973;-85.813034057617188;
2444358974.3601537;-85.748931884765625;
2444519230.7704101;-85.81890869140625;
2444679487.1806664;-85.834526062011719;
2444839743.5909228;-85.826690673828125;
2445000000.0011792;-85.820854187011719;
2445160256.4114356;-85.844284057617188;
2445320512.8216925;-85.82086181640625;
2445480769.2319489;-85.832572937011719;
2445641025.6422052;-85.828659057617188;
2445801282.0524616;-85.817794799804688;
2445961538.462718;-85.795516967773438;
2446121794.8729744;-85.828666687011719;
2446282051.2832308;-85.82086181640625;
2446442307.6934872;-85.815010070800781;
2446602564.1037436;-85.81890869140625;
2446762820.5139999;-85.81890869140625;
2446923076.9242563;-85.838432312011719;
2447083333.3345127;-85.828666687011719;
2447243589.7447691;-85.764396667480469;
2447403846.1550255;-85.723808288574219;
2447564102.5652819;-85.766380310058594;
2447724358.9755383;-85.818878173828125;
2447884615.3857946;-85.820854187011719;
2448044871.796051;-85.81890869140625;
2448205128.2063074;-85.828643798828125;
2448365384.6165643;-85.824760437011719;
2448525641.0268207;-85.824752807617188;
2448685897.437077;-85.828666687011719;
2448846153.8473334;-85.813056945800781;
2449006410.2575898;-85.772209167480469;
2449166666.6678462;-83.532478332519531;
2449326923.0781026;-77.475921630859375;
2449487179.488359;-81.552482604980469;
2449647435.8986154;-84.486831665039063;
2449807692.3088717;-85.391448974609375;
2449967948.7191281;-85.636131286621094;
2450128205.1293845;-85.722442626953125;
2450288461.5396409;-85.702629089355469;
2450448717.9498973;-83.517684936523438;
2450608974.3601537;-81.3358154296875;
2450769230.7704101;-84.455474853515625;
2450929487.1806664;-85.509185791015625;
2451089743.5909228;-85.725715637207031;
2451250000.0011792;-85.729324340820312;
2451410256.4114356;-85.452033996582031;
2451570512.8216925;-85.64483642578125;
2451730769.2319489;-85.7528076171875;
2451891025.6422052;-85.807205200195313;
2452051282.0524616;-85.81890869140625;
2452211538.462718;-85.811103820800781;
2452371794.8729744;-85.824760437011719;
2452532051.2832308;-85.822799682617188;
2452692307.6934872;-85.826675415039063;
2452852564.1037436;-85.811080932617188;
2453012820.5139999;-85.81304931640625;
2453173076.9242563;-85.764442443847656;
2453333333.3345127;-85.754737854003906;
2453493589.7447691;-85.783859252929688;
2453653846.1550255;-85.666061401367188;
2453814102.5652819;-76.78643798828125;
2453974358.9755383;-80.280784606933594;
2454134615.3857946;-79.805595397949219;
2454294871.796051;-83.898696899414063;
2454455128.2063074;-85.316207885742187;
2454615384.6165643;-85.712135314941406;
2454775641.0268207;-85.795501708984375;
2454935897.437077;-85.82672119140625;
2455096153.8473334;-85.822799682617188;
2455256410.2575898;-85.830619812011719;
2455416666.6678462;-85.735107421875;
2455576923.0781026;-80.722427368164063;
2455737179.488359;-83.596626281738281;
2455897435.8986154;-85.202247619628906;
2456057692.3088717;-85.652420043945313;
2456217948.7191281;-85.809150695800781;
2456378205.1293845;-85.820838928222656;
2456538461.5396409;-85.809150695800781;
2456698717.9498973;-84.376144409179688;
2456858974.3601537;-84.574813842773438;
2457019230.7704101;-85.521774291992188;
2457179487.1806664;-85.764450073242188;
2457339743.5909228;-85.811019897460938;
2457500000.0011792;-85.832572937011719;
2457660256.4114356;-85.832572937011719;
2457820512.8216925;-85.865829467773438;
2457980769.2319489;-85.813026428222656;
2458141025.6422052;-85.82281494140625;
2458301282.0524616;-85.774131774902344;
2458461538.462718;-85.818901062011719;
2458621794.8729744;-85.838424682617187;
2458782051.2832308;-85.877632141113281;
2458942307.6934872;-85.844306945800781;
2459102564.1037436;-85.840377807617188;
2459262820.5139999;-85.818893432617188;
2459423076.9242563;-85.856056213378906;
2459583333.3345127;-85.799400329589844;
2459743589.7447691;-85.832572937011719;
2459903846.1550255;-85.846260070800781;
2460064102.5652819;-85.883529663085937;
2460224358.9755383;-85.885475158691406;
2460384615.3857946;-85.848228454589844;
2460544871.796051;-85.867820739746094;
2460705128.2063074;-85.893348693847656;
2460865384.6165643;-85.889434814453125;
2461025641.0268207;-85.832542419433594;
2461185897.437077;-85.858024597167969;
2461346153.8473334;-85.822776794433594;
2461506410.2575898;-85.84625244140625;
2461666666.6678462;-85.813056945800781;
2461826923.0781026;-85.82867431640625;
2461987179.488359;-85.816947937011719;
2462147435.8986154;-85.883522033691406;
2462307692.3088717;-85.897300720214844;
2462467948.7191281;-85.913063049316406;
2462628205.1293845;-85.861900329589844;
2462788461.5396409;-85.83843994140625;
2462948717.9498973;-85.856056213378906;
2463108974.3601537;-85.844314575195313;
2463269230.7704101;-85.873703002929687;
2463429487.1806664;-85.877616882324219;
2463589743.5909228;-85.901214599609375;
2463750000.0011792;-85.893363952636719;
2463910256.4114356;-85.889427185058594;
2464070512.8216925;-85.893363952636719;
2464230769.2319489;-85.916999816894531;
2464391025.6422052;-85.899261474609375;
2464551282.0524616;-85.903213500976563;
2464711538.462718;-85.907150268554688;
2464871794.8729744;-85.9031982421875;
2465032051.2832308;-85.903205871582031;
2465192307.6934872;-85.907150268554688;
2465352564.1037436;-85.883460998535156;
2465512820.5139999;-85.82281494140625;
2465673076.9242563;-85.832572937011719;
2465833333.3345127;-85.852127075195313;
2465993589.7447691;-85.858009338378906;
2466153846.1550255;-85.852134704589844;
2466314102.5652819;-85.875679016113281;
2466474358.9755383;-85.9012451171875;
2466634615.3857946;-85.913047790527344;
2466794871.796051;-85.911094665527344;
2466955128.2063074;-85.869728088378906;
2467115384.6165643;-85.850181579589844;
2467275641.0268207;-85.850151062011719;
2467435897.437077;-85.857978820800781;
2467596153.8473334;-85.897270202636719;
2467756410.2575898;-85.875640869140625;
2467916666.6678462;-85.895317077636719;
2468076923.0781026;-85.863899230957031;
2468237179.488359;-85.899261474609375;
2468397435.8986154;-85.915016174316406;
2468557692.3088717;-85.909103393554688;
2468717948.7191281;-85.883522033691406;
2468878205.1293845;-85.871734619140625;
2469038461.5396409;-85.85211181640625;
2469198717.9498973;-85.907417297363281;
2469358974.3601537;-85.854476928710938;
2469519230.7704101;-85.871467590332031;
2469679487.1806664;-85.809333801269531;
2469839743.5909228;-85.8311767578125;
2470000000.0011792;-85.826683044433594;
2470160256.4114356;-85.873672485351563;
2470320512.8216925;-85.861846923828125;
2470480769.2319489;-85.863746643066406;
2470641025.6422052;-85.838417053222656;
2470801282.0524616;-85.867645263671875;
2470961538.462718;-85.783729553222656;
2471121794.8729744;-85.848182678222656;
2471282051.2832308;-85.692947387695313;
2471442307.6934872;-85.820823669433594;
2471602564.1037436;-85.708229064941406;
2471762820.5139999;-85.832542419433594;
2471923076.9242563;-85.629447937011719;
2472083333.3345127;-85.774093627929688;
2472243589.7447691;-85.593048095703125;
2472403846.1550255;-85.759986877441406;
2472564102.5652819;-85.575767517089844;
2472724358.9755383;-85.702804565429687;
2472884615.3857946;-85.663589477539063;
2473044871.796051;-85.584197998046875;
2473205128.2063074;-85.598716735839844;
2473365384.6165643;-85.553993225097656;
2473525641.0268207;-85.550949096679688;
2473685897.437077;-85.513824462890625;
2473846153.8473334;-85.680961608886719;
2474006410.2575898;-85.600181579589844;
2474166666.6678462;-85.448905944824219;
2474326923.0781026;-85.622085571289063;
2474487179.488359;-85.556297302246094;
2474647435.8986154;-85.756401062011719;
2474807692.3088717;-85.447341918945313;
2474967948.7191281;-85.725746154785156;
2475128205.1293845;-85.528472900390625;
2475288461.5396409;-85.797370910644531;
2475448717.9498973;-85.629531860351563;
2475608974.3601537;-85.744705200195313;
2475769230.7704101;-85.692878723144531;
2475929487.1806664;-85.683120727539063;
2476089743.5909228;-85.698715209960937;
2476250000.0011792;-85.681327819824219;
2476410256.4114356;-85.702621459960937;
2476570512.8216925;-85.669807434082031;
2476730769.2319489;-85.623786926269531;
2476891025.6422052;-85.648796081542969;
2477051282.0524616;-85.6507568359375;
2477211538.462718;-85.664146423339844;
2477371794.8729744;-85.624053955078125;
2477532051.2832308;-85.666107177734375;
2477692307.6934872;-85.645004272460938;
2477852564.1037436;-85.658447265625;
2478012820.5139999;-85.635452270507813;
2478173076.9242563;-85.67572021484375;
2478333333.3345127;-85.658462524414062;
2478493589.7447691;-85.696853637695313;
2478653846.1550255;-85.691078186035156;
2478814102.5652819;-85.714179992675781;
2478974358.9755383;-85.698768615722656;
2479134615.3857946;-85.714187622070313;
2479294871.796051;-85.708396911621094;
2479455128.2063074;-85.725761413574219;
2479615384.6165643;-85.785758972167969;
2479775641.0268207;-85.820854187011719;
2479935897.437077;-85.83453369140625;
2480096153.8473334;-85.82086181640625;
2480256410.2575898;-85.824760437011719;
2480416666.6678462;-85.83648681640625;
2480576923.0781026;-85.856056213378906;
2480737179.488359;-85.889427185058594;
2480897435.8986154;-85.913047790527344;
2481057692.3088717;-85.909683227539062;
2481217948.7191281;-85.901206970214844;
2481378205.1293845;-85.887443542480469;
2481538461.5396409;-85.9150390625;
2481698717.9498973;-85.917007446289062;
2481858974.3601537;-85.918983459472656;
2482019230.7704101;-85.911094665527344;
2482179487.1806664;-85.895332336425781;
2482339743.5909228;-85.922935485839844;
2482500000.0011792;-85.911094665527344;
2482660256.4114356;-85.9150390625;
2482820512.8216925;-85.913063049316406;
2482980769.2319489;-85.938720703125;
2483141025.6422052;-85.909088134765625;
2483301282.0524616;-85.879600524902344;
2483461538.462718;-85.913055419921875;
2483621794.8729744;-85.974418640136719;
2483782051.2832308;-85.926856994628906;
2483942307.6934872;-85.889434814453125;
2484102564.1037436;-85.928855895996094;
2484262820.5139999;-85.905166625976563;
