Type;ESU;
Version;4.43;
Date;03.Jun 16;
Mode;ANALYZER;
Center Freq;2434262820.514000;Hz
Freq Offset;0.000000;Hz
Span;100000000.000000;Hz
x-Axis;LIN;
Start;2384262820.514000;Hz
Stop;2484262820.514000;Hz
Ref Level;-8.000000;dBm
Level Offset;0.000000;dB
Ref Position;100.000000;%
y-Axis;LOG;
Level Range;100.000000;dB
Rf Att;5.000000;dB
RBW;2000000.000000;Hz
VBW;50.000000;Hz
SWT;2.500000;s
Trace Mode;CLR/WRITE;
Detector;RMS;
Sweep Count;0;
Trace 1:;;
x-Unit;Hz;
y-Unit;dBm;
Values;625;
2384262820.5139999;-85.653007507324219;
2384423076.9242563;-85.638755798339844;
2384583333.3345127;-85.649490356445313;
2384743589.7447691;-85.6473388671875;
2384903846.1550255;-85.643043518066406;
2385064102.5652819;-85.655937194824219;
2385224358.9755383;-85.640899658203125;
2385384615.3857946;-85.6473388671875;
2385544871.796051;-85.587432861328125;
2385705128.2063074;-85.623748779296875;
2385865384.6165643;-85.615196228027344;
2386025641.0268207;-85.645195007324219;
2386185897.437077;-85.655937194824219;
2386346153.8473334;-85.645187377929688;
2386506410.2575898;-85.636619567871094;
2386666666.6678462;-85.640899658203125;
2386826923.0781026;-85.647346496582031;
2386987179.488359;-85.600257873535156;
2387147435.8986154;-85.632278442382813;
2387307692.3088717;-85.551284790039063;
2387467948.7191281;-85.587432861328125;
2387628205.1293845;-85.561904907226563;
2387788461.5396409;-85.540679931640625;
2387948717.9498973;-85.555526733398438;
2388108974.3601537;-85.568267822265625;
2388269230.7704101;-85.6280517578125;
2388429487.1806664;-85.538520812988281;
2388589743.5909228;-85.615196228027344;
2388750000.0011792;-85.536453247070313;
2388910256.4114356;-85.527931213378906;
2389070512.8216925;-85.568244934082031;
2389230769.2319489;-85.525650024414063;
2389391025.6422052;-85.557655334472656;
2389551282.0524616;-85.491928100585938;
2389711538.462718;-85.570411682128906;
2389871794.8729744;-85.481353759765625;
2390032051.2832308;-85.572517395019531;
2390192307.6934872;-85.443649291992188;
2390352564.1037436;-85.491706848144531;
2390512820.5139999;-85.449813842773438;
2390673076.9242563;-85.417770385742187;
2390833333.3345127;-85.418472290039063;
2390993589.7447691;-85.356971740722656;
2391153846.1550255;-85.462409973144531;
2391314102.5652819;-85.247856140136719;
2391474358.9755383;-85.466583251953125;
2391634615.3857946;-85.264358520507813;
2391794871.796051;-85.357215881347656;
2391955128.2063074;-85.233558654785156;
2392115384.6165643;-85.238876342773438;
2392275641.0268207;-85.2708740234375;
2392435897.437077;-85.084510803222656;
2392596153.8473334;-85.332618713378906;
2392756410.2575898;-85.047386169433594;
2392916666.6678462;-85.364044189453125;
2393076923.0781026;-84.950347900390625;
2393237179.488359;-85.357009887695312;
2393397435.8986154;-85.025962829589844;
2393557692.3088717;-85.232810974121094;
2393717948.7191281;-85.131660461425781;
2393878205.1293845;-85.181419372558594;
2394038461.5396409;-85.26043701171875;
2394198717.9498973;-85.1690673828125;
2394358974.3601537;-85.380607604980469;
2394519230.7704101;-85.225181579589844;
2394679487.1806664;-85.422531127929687;
2394839743.5909228;-85.258460998535156;
2395000000.0011792;-85.361427307128906;
2395160256.4114356;-85.343048095703125;
2395320512.8216925;-85.390708923339844;
2395480769.2319489;-85.418510437011719;
2395641025.6422052;-85.328521728515625;
2395801282.0524616;-85.447898864746094;
2395961538.462718;-85.341354370117188;
2396121794.8729744;-85.422653198242188;
2396282051.2832308;-85.332908630371094;
2396442307.6934872;-85.42864990234375;
2396602564.1037436;-85.418243408203125;
2396762820.5139999;-85.4517822265625;
2396923076.9242563;-85.470939636230469;
2397083333.3345127;-85.43505859375;
2397243589.7447691;-85.508934020996094;
2397403846.1550255;-85.426780700683594;
2397564102.5652819;-85.506820678710938;
2397724358.9755383;-85.435302734375;
2397884615.3857946;-85.435111999511719;
2398044871.796051;-85.460403442382812;
2398205128.2063074;-85.487716674804688;
2398365384.6165643;-85.4962158203125;
2398525641.0268207;-85.468734741210938;
2398685897.437077;-85.445808410644531;
2398846153.8473334;-85.412246704101563;
2399006410.2575898;-85.500442504882812;
2399166666.6678462;-85.456291198730469;
2399326923.0781026;-85.477210998535156;
2399487179.488359;-85.510978698730469;
2399647435.8986154;-85.483497619628906;
2399807692.3088717;-85.466781616210937;
2399967948.7191281;-85.454116821289063;
2400128205.1293845;-85.508926391601562;
2400288461.5396409;-85.479362487792969;
2400448717.9498973;-85.498390197753906;
2400608974.3601537;-85.424842834472656;
2400769230.7704101;-85.452033996582031;
2400929487.1806664;-85.454109191894531;
2401089743.5909228;-85.477165222167969;
2401250000.0011792;-85.487747192382813;
2401410256.4114356;-85.485626220703125;
2401570512.8216925;-85.462593078613281;
2401730769.2319489;-85.447853088378906;
2401891025.6422052;-85.439521789550781;
2402051282.0524616;-85.405975341796875;
2402211538.462718;-85.479415893554688;
2402371794.8729744;-85.447898864746094;
2402532051.2832308;-85.4688720703125;
2402692307.6934872;-85.49627685546875;
2402852564.1037436;-85.481460571289062;
2403012820.5139999;-85.496253967285156;
2403173076.9242563;-85.456230163574219;
2403333333.3345127;-85.460479736328125;
2403493589.7447691;-85.433235168457031;
2403653846.1550255;-85.4688720703125;
2403814102.5652819;-85.504676818847656;
2403974358.9755383;-85.502540588378906;
2404134615.3857946;-85.519447326660156;
2404294871.796051;-85.544853210449219;
2404455128.2063074;-85.53857421875;
2404615384.6165643;-85.485687255859375;
2404775641.0268207;-85.527976989746094;
2404935897.437077;-85.449974060058594;
2405096153.8473334;-85.441612243652344;
2405256410.2575898;-85.464653015136719;
2405416666.6678462;-85.502410888671875;
2405576923.0781026;-85.44580078125;
2405737179.488359;-85.511032104492187;
2405897435.8986154;-85.537162780761719;
2406057692.3088717;-85.489631652832031;
2406217948.7191281;-85.525856018066406;
2406378205.1293845;-85.499488830566406;
2406538461.5396409;-85.521018981933594;
2406698717.9498973;-85.458389282226562;
2406858974.3601537;-85.497627258300781;
2407019230.7704101;-85.508872985839844;
2407179487.1806664;-85.494049072265625;
2407339743.5909228;-85.5194091796875;
2407500000.0011792;-85.511001586914063;
2407660256.4114356;-85.551284790039063;
2407820512.8216925;-85.519477844238281;
2407980769.2319489;-85.523727416992188;
2408141025.6422052;-85.452079772949219;
2408301282.0524616;-85.521614074707031;
2408461538.462718;-85.532211303710937;
2408621794.8729744;-85.466621398925781;
2408782051.2832308;-85.447906494140625;
2408942307.6934872;-85.439437866210937;
2409102564.1037436;-85.52374267578125;
2409262820.5139999;-85.46258544921875;
2409423076.9242563;-85.502548217773438;
2409583333.3345127;-85.468902587890625;
2409743589.7447691;-85.498283386230469;
2409903846.1550255;-85.521614074707031;
2410064102.5652819;-85.472984313964844;
2410224358.9755383;-85.519462585449219;
2410384615.3857946;-85.502555847167969;
2410544871.796051;-85.527969360351563;
2410705128.2063074;-85.452056884765625;
2410865384.6165643;-85.542732238769531;
2411025641.0268207;-85.542770385742188;
2411185897.437077;-85.49615478515625;
2411346153.8473334;-85.510993957519531;
2411506410.2575898;-85.502090454101563;
2411666666.6678462;-85.479385375976563;
2411826923.0781026;-85.534332275390625;
2411987179.488359;-85.515266418457031;
2412147435.8986154;-85.532203674316406;
2412307692.3088717;-85.511009216308594;
2412467948.7191281;-85.566123962402344;
2412628205.1293845;-85.538558959960938;
2412788461.5396409;-85.49835205078125;
2412948717.9498973;-85.534286499023438;
2413108974.3601537;-85.542778015136719;
2413269230.7704101;-85.544929504394531;
2413429487.1806664;-85.521598815917969;
2413589743.5909228;-85.564048767089844;
2413750000.0011792;-85.571922302246094;
2413910256.4114356;-85.589576721191406;
2414070512.8216925;-85.536453247070313;
2414230769.2319489;-85.549140930175781;
2414391025.6422052;-85.536453247070313;
2414551282.0524616;-85.583175659179688;
2414711538.462718;-85.600257873535156;
2414871794.8729744;-85.551231384277344;
2415032051.2832308;-85.559776306152344;
2415192307.6934872;-85.559783935546875;
2415352564.1037436;-85.536453247070313;
2415512820.5139999;-85.527976989746094;
2415673076.9242563;-85.521629333496094;
2415833333.3345127;-85.527976989746094;
2415993589.7447691;-85.553413391113281;
2416153846.1550255;-85.537971496582031;
2416314102.5652819;-85.530097961425781;
2416474358.9755383;-85.536453247070313;
2416634615.3857946;-85.536430358886719;
2416794871.796051;-85.553413391113281;
2416955128.2063074;-85.519508361816406;
2417115384.6165643;-85.534332275390625;
2417275641.0268207;-85.513153076171875;
2417435897.437077;-85.536453247070313;
2417596153.8473334;-85.527984619140625;
2417756410.2575898;-85.534309387207031;
2417916666.6678462;-85.536453247070313;
2418076923.0781026;-85.527969360351563;
2418237179.488359;-85.5853271484375;
2418397435.8986154;-85.489753723144531;
2418557692.3088717;-85.470405578613281;
2418717948.7191281;-85.494125366210938;
2418878205.1293845;-85.53009033203125;
2419038461.5396409;-85.496269226074219;
2419198717.9498973;-85.502487182617188;
2419358974.3601537;-85.481460571289062;
2419519230.7704101;-85.504661560058594;
2419679487.1806664;-85.502532958984375;
2419839743.5909228;-85.53857421875;
2420000000.0011792;-85.532218933105469;
2420160256.4114356;-85.494094848632813;
2420320512.8216925;-85.5853271484375;
2420480769.2319489;-85.530097961425781;
2420641025.6422052;-85.562225341796875;
2420801282.0524616;-85.530097961425781;
2420961538.462718;-85.53009033203125;
2421121794.8729744;-85.532218933105469;
2421282051.2832308;-85.49835205078125;
2421442307.6934872;-85.49627685546875;
2421602564.1037436;-85.534317016601563;
2421762820.5139999;-85.538566589355469;
2421923076.9242563;-85.519508361816406;
2422083333.3345127;-85.527984619140625;
2422243589.7447691;-85.538566589355469;
2422403846.1550255;-85.5216064453125;
2422564102.5652819;-85.484840393066406;
2422724358.9755383;-85.50518798828125;
2422884615.3857946;-85.542808532714844;
2423044871.796051;-85.532142639160156;
2423205128.2063074;-85.496849060058594;
2423365384.6165643;-85.513175964355469;
2423525641.0268207;-85.513175964355469;
2423685897.437077;-85.506843566894531;
2423846153.8473334;-85.5067138671875;
2424006410.2575898;-85.532180786132813;
2424166666.6678462;-85.504707336425781;
2424326923.0781026;-85.515213012695313;
2424487179.488359;-85.517379760742188;
2424647435.8986154;-85.538566589355469;
2424807692.3088717;-85.534332275390625;
2424967948.7191281;-85.492050170898437;
2425128205.1293845;-85.530075073242188;
2425288461.5396409;-85.477287292480469;
2425448717.9498973;-85.517372131347656;
2425608974.3601537;-85.46258544921875;
2425769230.7704101;-85.466796875;
2425929487.1806664;-85.439521789550781;
2426089743.5909228;-85.422698974609375;
2426250000.0011792;-85.466545104980469;
2426410256.4114356;-85.441162109375;
2426570512.8216925;-85.349876403808594;
2426730769.2319489;-81.833869934082031;
2426891025.6422052;-82.935859680175781;
2427051282.0524616;-84.326210021972656;
2427211538.462718;-84.852745056152344;
2427371794.8729744;-84.064460754394531;
2427532051.2832308;-84.109825134277344;
2427692307.6934872;-83.31787109375;
2427852564.1037436;-82.164253234863281;
2428012820.5139999;-82.230918884277344;
2428173076.9242563;-78.693275451660156;
2428333333.3345127;-79.267135620117187;
2428493589.7447691;-75.006011962890625;
2428653846.1550255;-74.979362487792969;
2428814102.5652819;-71.538108825683594;
2428974358.9755383;-69.136741638183594;
2429134615.3857946;-67.545417785644531;
2429294871.796051;-64.690238952636719;
2429455128.2063074;-64.141120910644531;
2429615384.6165643;-60.804225921630859;
2429775641.0268207;-59.526432037353516;
2429935897.437077;-56.656558990478516;
2430096153.8473334;-55.643108367919922;
2430256410.2575898;-53.829700469970703;
2430416666.6678462;-51.884540557861328;
2430576923.0781026;-50.311820983886719;
2430737179.488359;-48.127597808837891;
2430897435.8986154;-47.510101318359375;
2431057692.3088717;-45.230281829833984;
2431217948.7191281;-44.616825103759766;
2431378205.1293845;-41.459335327148438;
2431538461.5396409;-40.917198181152344;
2431698717.9498973;-38.915142059326172;
2431858974.3601537;-37.9727783203125;
2432019230.7704101;-36.403095245361328;
2432179487.1806664;-34.469394683837891;
2432339743.5909228;-33.628555297851563;
2432500000.0011792;-32.010147094726563;
2432660256.4114356;-31.462522506713867;
2432820512.8216925;-29.70012092590332;
2432980769.2319489;-28.689411163330078;
2433141025.6422052;-27.582239151000977;
2433301282.0524616;-26.91969108581543;
2433461538.462718;-26.208158493041992;
2433621794.8729744;-25.472631454467773;
2433782051.2832308;-24.770912170410156;
2433942307.6934872;-24.546516418457031;
2434102564.1037436;-24.286527633666992;
2434262820.5139999;-24.276821136474609;
2434423076.9242563;-24.122837066650391;
2434583333.3345127;-24.650102615356445;
2434743589.7447691;-24.772035598754883;
2434903846.1550255;-25.53526496887207;
2435064102.5652819;-25.825820922851563;
2435224358.9755383;-26.761318206787109;
2435384615.3857946;-27.865840911865234;
2435544871.796051;-28.683849334716797;
2435705128.2063074;-29.739044189453125;
2435865384.6165643;-30.499526977539063;
2436025641.0268207;-31.991640090942383;
2436185897.437077;-33.412273406982422;
2436346153.8473334;-34.803565979003906;
2436506410.2575898;-35.644840240478516;
2436666666.6678462;-37.014102935791016;
2436826923.0781026;-38.219795227050781;
2436987179.488359;-40.186187744140625;
2437147435.8986154;-41.258457183837891;
2437307692.3088717;-42.446762084960937;
2437467948.7191281;-43.690586090087891;
2437628205.1293845;-44.912921905517578;
2437788461.5396409;-46.990501403808594;
2437948717.9498973;-47.845607757568359;
2438108974.3601537;-49.292625427246094;
2438269230.7704101;-50.278728485107422;
2438429487.1806664;-51.756404876708984;
2438589743.5909228;-53.621814727783203;
2438750000.0011792;-54.614517211914063;
2438910256.4114356;-56.0576171875;
2439070512.8216925;-56.898719787597656;
2439230769.2319489;-58.814846038818359;
2439391025.6422052;-60.58380126953125;
2439551282.0524616;-62.140338897705078;
2439711538.462718;-63.261501312255859;
2439871794.8729744;-64.681365966796875;
2440032051.2832308;-66.294853210449219;
2440192307.6934872;-68.816299438476562;
2440352564.1037436;-70.539482116699219;
2440512820.5139999;-72.016555786132812;
2440673076.9242563;-73.890350341796875;
2440833333.3345127;-75.610397338867188;
2440993589.7447691;-78.499931335449219;
2441153846.1550255;-79.782051086425781;
2441314102.5652819;-81.179733276367188;
2441474358.9755383;-82.268699645996094;
2441634615.3857946;-83.340904235839844;
2441794871.796051;-84.33441162109375;
2441955128.2063074;-84.706077575683594;
2442115384.6165643;-84.950538635253906;
2442275641.0268207;-85.104324340820313;
2442435897.437077;-85.318603515625;
2442596153.8473334;-85.498359680175781;
2442756410.2575898;-85.517387390136719;
2442916666.6678462;-85.464622497558594;
2443076923.0781026;-85.460502624511719;
2443237179.488359;-85.527976989746094;
2443397435.8986154;-85.544929504394531;
2443557692.3088717;-85.566078186035156;
2443717948.7191281;-85.638748168945313;
2443878205.1293845;-85.610931396484375;
2444038461.5396409;-85.6280517578125;
2444198717.9498973;-85.634475708007813;
2444358974.3601537;-85.634445190429687;
2444519230.7704101;-85.649490356445313;
2444679487.1806664;-85.636619567871094;
2444839743.5909228;-85.686065673828125;
2445000000.0011792;-85.653785705566406;
2445160256.4114356;-85.612968444824219;
2445320512.8216925;-85.53857421875;
2445480769.2319489;-85.483612060546875;
2445641025.6422052;-85.517318725585937;
2445801282.0524616;-85.549087524414063;
2445961538.462718;-85.574630737304687;
2446121794.8729744;-85.619476318359375;
2446282051.2832308;-85.660224914550781;
2446442307.6934872;-85.630111694335938;
2446602564.1037436;-85.645156860351563;
2446762820.5139999;-85.653770446777344;
2446923076.9242563;-85.647270202636719;
2447083333.3345127;-85.606048583984375;
2447243589.7447691;-85.640907287597656;
2447403846.1550255;-85.655937194824219;
2447564102.5652819;-85.638755798339844;
2447724358.9755383;-85.66668701171875;
2447884615.3857946;-85.585281372070313;
2448044871.796051;-85.610916137695313;
2448205128.2063074;-85.602310180664063;
2448365384.6165643;-85.660232543945313;
2448525641.0268207;-85.666679382324219;
2448685897.437077;-85.651611328125;
2448846153.8473334;-85.698997497558594;
2449006410.2575898;-85.666679382324219;
2449166666.6678462;-85.694671630859375;
2449326923.0781026;-85.625892639160156;
2449487179.488359;-85.662384033203125;
2449647435.8986154;-85.683914184570313;
2449807692.3088717;-85.677436828613281;
2449967948.7191281;-85.664535522460938;
2450128205.1293845;-85.658088684082031;
2450288461.5396409;-85.660240173339844;
2450448717.9498973;-85.655937194824219;
2450608974.3601537;-85.666679382324219;
2450769230.7704101;-85.643028259277344;
2450929487.1806664;-85.65374755859375;
2451089743.5909228;-85.670936584472656;
2451250000.0011792;-85.653778076171875;
2451410256.4114356;-85.66021728515625;
2451570512.8216925;-85.670974731445313;
2451730769.2319489;-85.675270080566406;
2451891025.6422052;-85.666664123535156;
2452051282.0524616;-85.662391662597656;
2452211538.462718;-85.6473388671875;
2452371794.8729744;-85.666641235351563;
2452532051.2832308;-85.655914306640625;
2452692307.6934872;-85.664527893066406;
2452852564.1037436;-85.666679382324219;
2453012820.5139999;-85.649398803710937;
2453173076.9242563;-85.658088684082031;
2453333333.3345127;-85.512199401855469;
2453493589.7447691;-85.555641174316406;
2453653846.1550255;-85.662307739257813;
2453814102.5652819;-85.714057922363281;
2453974358.9755383;-85.662391662597656;
2454134615.3857946;-85.610794067382812;
2454294871.796051;-85.692367553710938;
2454455128.2063074;-85.694618225097656;
2454615384.6165643;-85.698959350585938;
2454775641.0268207;-85.630149841308594;
2454935897.437077;-85.685989379882813;
2455096153.8473334;-85.621536254882813;
2455256410.2575898;-85.6600341796875;
2455416666.6678462;-85.2825927734375;
2455576923.0781026;-84.827865600585938;
2455737179.488359;-84.751754760742188;
2455897435.8986154;-85.291267395019531;
2456057692.3088717;-85.587387084960938;
2456217948.7191281;-85.363433837890625;
2456378205.1293845;-85.174156188964844;
2456538461.5396409;-84.391868591308594;
2456698717.9498973;-84.460250854492188;
2456858974.3601537;-85.302330017089844;
2457019230.7704101;-85.566055297851562;
2457179487.1806664;-85.530014038085938;
2457339743.5909228;-85.604515075683594;
2457500000.0011792;-85.422706604003906;
2457660256.4114356;-85.320777893066406;
2457820512.8216925;-85.322921752929688;
2457980769.2319489;-85.328948974609375;
2458141025.6422052;-85.502494812011719;
2458301282.0524616;-85.612907409667969;
2458461538.462718;-85.649360656738281;
2458621794.8729744;-85.630088806152344;
2458782051.2832308;-85.445762634277344;
2458942307.6934872;-85.498161315917969;
2459102564.1037436;-85.565887451171875;
2459262820.5139999;-85.727088928222656;
2459423076.9242563;-85.686027526855469;
2459583333.3345127;-85.714012145996094;
2459743589.7447691;-85.673126220703125;
2459903846.1550255;-85.6903076171875;
2460064102.5652819;-85.742301940917969;
2460224358.9755383;-85.619110107421875;
2460384615.3857946;-85.553421020507813;
2460544871.796051;-85.468757629394531;
2460705128.2063074;-85.638603210449219;
2460865384.6165643;-85.625679016113281;
2461025641.0268207;-85.714035034179688;
2461185897.437077;-85.714103698730469;
2461346153.8473334;-85.733451843261719;
2461506410.2575898;-85.744453430175781;
2461666666.6678462;-85.688087463378906;
2461826923.0781026;-85.753158569335937;
2461987179.488359;-85.655807495117187;
2462147435.8986154;-85.748756408691406;
2462307692.3088717;-85.653785705566406;
2462467948.7191281;-85.642959594726563;
2462628205.1293845;-85.638679504394531;
2462788461.5396409;-85.645088195800781;
2462948717.9498973;-85.750877380371094;
2463108974.3601537;-85.74212646484375;
2463269230.7704101;-85.772697448730469;
2463429487.1806664;-85.71405029296875;
2463589743.5909228;-85.781410217285156;
2463750000.0011792;-85.660194396972656;
2463910256.4114356;-85.727020263671875;
2464070512.8216925;-85.703231811523438;
2464230769.2319489;-85.696578979492188;
2464391025.6422052;-85.727096557617188;
2464551282.0524616;-85.668624877929688;
2464711538.462718;-85.753150939941406;
2464871794.8729744;-85.688163757324219;
2465032051.2832308;-85.724716186523438;
2465192307.6934872;-85.685928344726562;
2465352564.1037436;-85.711677551269531;
2465512820.5139999;-85.675270080566406;
2465673076.9242563;-85.705375671386719;
2465833333.3345127;-85.759674072265625;
2465993589.7447691;-85.67730712890625;
2466153846.1550255;-85.750968933105469;
2466314102.5652819;-85.653640747070313;
2466474358.9755383;-85.733474731445313;
2466634615.3857946;-85.720458984375;
2466794871.796051;-85.698722839355469;
2466955128.2063074;-85.737861633300781;
2467115384.6165643;-85.698677062988281;
2467275641.0268207;-85.76611328125;
2467435897.437077;-85.700851440429688;
2467596153.8473334;-85.759628295898438;
2467756410.2575898;-85.660118103027344;
2467916666.6678462;-85.733566284179688;
2468076923.0781026;-85.640464782714844;
2468237179.488359;-85.6964111328125;
2468397435.8986154;-85.727012634277344;
2468557692.3088717;-85.666267395019531;
2468717948.7191281;-85.724822998046875;
2468878205.1293845;-85.659812927246094;
2469038461.5396409;-85.724884033203125;
2469198717.9498973;-85.593589782714844;
2469358974.3601537;-85.638214111328125;
2469519230.7704101;-85.586959838867188;
2469679487.1806664;-85.653060913085938;
2469839743.5909228;-85.662139892578125;
2470000000.0011792;-85.603607177734375;
2470160256.4114356;-85.653724670410156;
2470320512.8216925;-85.537857055664063;
2470480769.2319489;-85.679489135742188;
2470641025.6422052;-85.523323059082031;
2470801282.0524616;-85.6922607421875;
2470961538.462718;-85.461830139160156;
2471121794.8729744;-85.568611145019531;
2471282051.2832308;-85.465934753417969;
2471442307.6934872;-85.45196533203125;
2471602564.1037436;-85.491569519042969;
2471762820.5139999;-85.290390014648438;
2471923076.9242563;-85.580581665039063;
2472083333.3345127;-85.200508117675781;
2472243589.7447691;-85.540153503417969;
2472403846.1550255;-85.019149780273437;
2472564102.5652819;-85.326438903808594;
2472724358.9755383;-85.115440368652344;
2472884615.3857946;-85.162490844726563;
2473044871.796051;-85.119178771972656;
2473205128.2063074;-84.9273681640625;
2473365384.6165643;-85.213035583496094;
2473525641.0268207;-84.851661682128906;
2473685897.437077;-85.312789916992188;
2473846153.8473334;-84.745262145996094;
2474006410.2575898;-85.189323425292969;
2474166666.6678462;-84.860694885253906;
2474326923.0781026;-85.125953674316406;
2474487179.488359;-85.082321166992188;
2474647435.8986154;-85.088356018066406;
2474807692.3088717;-85.300346374511719;
2474967948.7191281;-85.062019348144531;
2475128205.1293845;-85.414932250976563;
2475288461.5396409;-85.082077026367188;
2475448717.9498973;-85.37359619140625;
2475608974.3601537;-85.32562255859375;
2475769230.7704101;-85.406959533691406;
2475929487.1806664;-85.489181518554687;
2476089743.5909228;-85.46490478515625;
2476250000.0011792;-85.612808227539062;
2476410256.4114356;-85.4453125;
2476570512.8216925;-85.647232055664063;
2476730769.2319489;-85.472618103027344;
2476891025.6422052;-85.578269958496094;
2477051282.0524616;-85.544586181640625;
2477211538.462718;-85.610450744628906;
2477371794.8729744;-85.621467590332031;
2477532051.2832308;-85.610382080078125;
2477692307.6934872;-85.642967224121094;
2477852564.1037436;-85.623558044433594;
2478012820.5139999;-85.707649230957031;
2478173076.9242563;-85.591598510742188;
2478333333.3345127;-85.6881103515625;
2478493589.7447691;-85.625526428222656;
2478653846.1550255;-85.696685791015625;
2478814102.5652819;-85.689414978027344;
2478974358.9755383;-85.707435607910156;
2479134615.3857946;-85.731407165527344;
2479294871.796051;-85.7183837890625;
2479455128.2063074;-85.761848449707031;
2479615384.6165643;-85.673027038574219;
2479775641.0268207;-85.7857666015625;
2479935897.437077;-85.759666442871094;
2480096153.8473334;-85.746604919433594;
2480256410.2575898;-85.746589660644531;
2480416666.6678462;-85.770500183105469;
2480576923.0781026;-85.750984191894531;
2480737179.488359;-85.729248046875;
2480897435.8986154;-85.759674072265625;
2481057692.3088717;-85.694664001464844;
2481217948.7191281;-85.735748291015625;
2481378205.1293845;-85.748809814453125;
2481538461.5396409;-85.757499694824219;
2481698717.9498973;-85.772727966308594;
2481858974.3601537;-85.757492065429688;
2482019230.7704101;-85.774909973144531;
2482179487.1806664;-85.7509765625;
2482339743.5909228;-85.759674072265625;
2482500000.0011792;-85.740089416503906;
2482660256.4114356;-85.773666381835938;
2482820512.8216925;-85.762313842773437;
2482980769.2319489;-85.771171569824219;
2483141025.6422052;-85.750938415527344;
2483301282.0524616;-85.766159057617188;
2483461538.462718;-85.750968933105469;
2483621794.8729744;-85.772720336914062;
2483782051.2832308;-85.79669189453125;
2483942307.6934872;-85.755317687988281;
2484102564.1037436;-85.772727966308594;
2484262820.5139999;-85.764022827148438;
