Type;ESU;
Version;4.43;
Date;03.Jun 16;
Mode;ANALYZER;
Center Freq;2434262820.514000;Hz
Freq Offset;0.000000;Hz
Span;100000000.000000;Hz
x-Axis;LIN;
Start;2384262820.514000;Hz
Stop;2484262820.514000;Hz
Ref Level;-9.000000;dBm
Level Offset;0.000000;dB
Ref Position;100.000000;%
y-Axis;LOG;
Level Range;100.000000;dB
Rf Att;5.000000;dB
RBW;2000000.000000;Hz
VBW;50.000000;Hz
SWT;2.500000;s
Trace Mode;CLR/WRITE;
Detector;RMS;
Sweep Count;0;
Trace 1:;;
x-Unit;Hz;
y-Unit;dBm;
Values;625;
2384262820.5139999;-85.705429077148438;
2384423076.9242563;-85.704559326171875;
2384583333.3345127;-85.668022155761719;
2384743589.7447691;-85.635498046875;
2384903846.1550255;-85.616432189941406;
2385064102.5652819;-85.683349609375;
2385224358.9755383;-85.650794982910156;
2385384615.3857946;-85.668037414550781;
2385544871.796051;-85.698753356933594;
2385705128.2063074;-85.687217712402344;
2385865384.6165643;-85.669883728027344;
2386025641.0268207;-85.696693420410156;
2386185897.437077;-85.637275695800781;
2386346153.8473334;-85.708335876464844;
2386506410.2575898;-85.716079711914062;
2386666666.6678462;-85.694831848144531;
2386826923.0781026;-85.683364868164062;
2386987179.488359;-85.639205932617188;
2387147435.8986154;-85.671775817871094;
2387307692.3088717;-85.648849487304688;
2387467948.7191281;-85.689170837402344;
2387628205.1293845;-85.616294860839844;
2387788461.5396409;-85.689094543457031;
2387948717.9498973;-85.654411315917969;
2388108974.3601537;-85.648582458496094;
2388269230.7704101;-85.618255615234375;
2388429487.1806664;-85.585624694824219;
2388589743.5909228;-85.603080749511719;
2388750000.0011792;-85.534591674804687;
2388910256.4114356;-85.616401672363281;
2389070512.8216925;-85.53460693359375;
2389230769.2319489;-85.6507568359375;
2389391025.6422052;-85.468772888183594;
2389551282.0524616;-85.574211120605469;
2389711538.462718;-85.474166870117188;
2389871794.8729744;-85.565635681152344;
2390032051.2832308;-85.472175598144531;
2390192307.6934872;-85.41851806640625;
2390352564.1037436;-85.513565063476563;
2390512820.5139999;-85.416397094726563;
2390673076.9242563;-85.538581848144531;
2390833333.3345127;-85.221290588378906;
2390993589.7447691;-85.478218078613281;
2391153846.1550255;-85.21087646484375;
2391314102.5652819;-85.511398315429688;
2391474358.9755383;-85.230842590332031;
2391634615.3857946;-85.419044494628906;
2391794871.796051;-85.287612915039063;
2391955128.2063074;-85.345596313476562;
2392115384.6165643;-85.350944519042969;
2392275641.0268207;-85.27899169921875;
2392435897.437077;-85.455436706542969;
2392596153.8473334;-85.31500244140625;
2392756410.2575898;-85.496955871582031;
2392916666.6678462;-85.292381286621094;
2393076923.0781026;-85.547874450683594;
2393237179.488359;-85.3399658203125;
2393397435.8986154;-85.478164672851563;
2393557692.3088717;-85.423377990722656;
2393717948.7191281;-85.576019287109375;
2393878205.1293845;-85.544036865234375;
2394038461.5396409;-85.549484252929688;
2394198717.9498973;-85.600990295410156;
2394358974.3601537;-85.583328247070312;
2394519230.7704101;-85.565025329589844;
2394679487.1806664;-85.527053833007812;
2394839743.5909228;-85.5992431640625;
2395000000.0011792;-85.563056945800781;
2395160256.4114356;-85.618331909179687;
2395320512.8216925;-85.525344848632812;
2395480769.2319489;-85.612533569335938;
2395641025.6422052;-85.536613464355469;
2395801282.0524616;-85.599235534667969;
2395961538.462718;-85.532943725585938;
2396121794.8729744;-85.566909790039062;
2396282051.2832308;-85.540481567382813;
2396442307.6934872;-85.56683349609375;
2396602564.1037436;-85.588912963867188;
2396762820.5139999;-85.5784912109375;
2396923076.9242563;-85.628120422363281;
2397083333.3345127;-85.563278198242188;
2397243589.7447691;-85.658721923828125;
2397403846.1550255;-85.568794250488281;
2397564102.5652819;-85.614509582519531;
2397724358.9755383;-85.566940307617188;
2397884615.3857946;-85.614517211914062;
2398044871.796051;-85.576469421386719;
2398205128.2063074;-85.622146606445313;
2398365384.6165643;-85.53106689453125;
2398525641.0268207;-85.572654724121094;
2398685897.437077;-85.576438903808594;
2398846153.8473334;-85.612564086914063;
2399006410.2575898;-85.606887817382812;
2399166666.6678462;-85.585929870605469;
2399326923.0781026;-85.616409301757812;
2399487179.488359;-85.574417114257813;
2399647435.8986154;-85.612533569335938;
2399807692.3088717;-85.582122802734375;
2399967948.7191281;-85.597381591796875;
2400128205.1293845;-85.60308837890625;
2400288461.5396409;-85.610710144042969;
2400448717.9498973;-85.566947937011719;
2400608974.3601537;-85.614517211914062;
2400769230.7704101;-85.584030151367188;
2400929487.1806664;-85.591636657714844;
2401089743.5909228;-85.610694885253906;
2401250000.0011792;-85.57452392578125;
2401410256.4114356;-85.599266052246094;
2401570512.8216925;-85.559341430664063;
2401730769.2319489;-85.593544006347656;
2401891025.6422052;-85.589706420898437;
2402051282.0524616;-85.616432189941406;
2402211538.462718;-85.584075927734375;
2402371794.8729744;-85.595489501953125;
2402532051.2832308;-85.599266052246094;
2402692307.6934872;-85.589736938476562;
2402852564.1037436;-85.561302185058594;
2403012820.5139999;-85.582122802734375;
2403173076.9242563;-85.546188354492188;
2403333333.3345127;-85.565116882324219;
2403493589.7447691;-85.59356689453125;
2403653846.1550255;-85.587867736816406;
2403814102.5652819;-85.578369140625;
2403974358.9755383;-85.616409301757812;
2404134615.3857946;-85.641250610351563;
2404294871.796051;-85.614501953125;
2404455128.2063074;-85.633575439453125;
2404615384.6165643;-85.570808410644531;
2404775641.0268207;-85.585868835449219;
2404935897.437077;-85.578338623046875;
2405096153.8473334;-85.618301391601563;
2405256410.2575898;-85.61260986328125;
2405416666.6678462;-85.523468017578125;
2405576923.0781026;-85.548057556152344;
2405737179.488359;-85.523468017578125;
2405897435.8986154;-85.618316650390625;
2406057692.3088717;-85.540473937988281;
2406217948.7191281;-85.618331909179687;
2406378205.1293845;-85.603073120117187;
2406538461.5396409;-85.608718872070313;
2406698717.9498973;-85.582145690917969;
2406858974.3601537;-85.629722595214844;
2407019230.7704101;-85.595489501953125;
2407179487.1806664;-85.574531555175781;
2407339743.5909228;-85.639236450195313;
2407500000.0011792;-85.623985290527344;
2407660256.4114356;-85.633598327636719;
2407820512.8216925;-85.565048217773438;
2407980769.2319489;-85.622146606445313;
2408141025.6422052;-85.580238342285156;
2408301282.0524616;-85.616416931152344;
2408461538.462718;-85.555625915527344;
2408621794.8729744;-85.597328186035156;
2408782051.2832308;-85.582107543945313;
2408942307.6934872;-85.583984375;
2409102564.1037436;-85.595436096191406;
2409262820.5139999;-85.547943115234375;
2409423076.9242563;-85.60107421875;
2409583333.3345127;-85.576416015625;
2409743589.7447691;-85.625961303710938;
2409903846.1550255;-85.566795349121094;
2410064102.5652819;-85.625953674316406;
2410224358.9755383;-85.578338623046875;
2410384615.3857946;-85.607307434082031;
2410544871.796051;-85.604171752929688;
2410705128.2063074;-85.603073120117187;
2410865384.6165643;-85.619155883789063;
2411025641.0268207;-85.608535766601563;
2411185897.437077;-85.61260986328125;
2411346153.8473334;-85.61578369140625;
2411506410.2575898;-85.645828247070313;
2411666666.6678462;-85.633583068847656;
2411826923.0781026;-85.645065307617188;
2411987179.488359;-85.64697265625;
2412147435.8986154;-85.625961303710938;
2412307692.3088717;-85.631675720214844;
2412467948.7191281;-85.614517211914062;
2412628205.1293845;-85.622154235839844;
2412788461.5396409;-85.658462524414062;
2412948717.9498973;-85.639060974121094;
2413108974.3601537;-85.63739013671875;
2413269230.7704101;-85.671890258789063;
2413429487.1806664;-85.6412353515625;
2413589743.5909228;-85.629753112792969;
2413750000.0011792;-85.673797607421875;
2413910256.4114356;-85.689140319824219;
2414070512.8216925;-85.700691223144531;
2414230769.2319489;-85.677642822265625;
2414391025.6422052;-85.669937133789063;
2414551282.0524616;-85.639328002929688;
2414711538.462718;-85.660385131835938;
2414871794.8729744;-85.67572021484375;
2415032051.2832308;-85.696853637695313;
2415192307.6934872;-85.714179992675781;
2415352564.1037436;-85.693008422851562;
2415512820.5139999;-85.704826354980469;
2415673076.9242563;-85.658454895019531;
2415833333.3345127;-85.664215087890625;
2415993589.7447691;-85.646965026855469;
2416153846.1550255;-85.6202392578125;
2416314102.5652819;-85.620246887207031;
2416474358.9755383;-85.612617492675781;
2416634615.3857946;-85.645065307617188;
2416794871.796051;-85.610710144042969;
2416955128.2063074;-85.631690979003906;
2417115384.6165643;-85.646934509277344;
2417275641.0268207;-85.702621459960937;
2417435897.437077;-85.668045043945313;
2417596153.8473334;-85.691085815429687;
2417756410.2575898;-85.627861022949219;
2417916666.6678462;-85.61724853515625;
2418076923.0781026;-85.6202392578125;
2418237179.488359;-85.620246887207031;
2418397435.8986154;-85.629783630371094;
2418557692.3088717;-85.6202392578125;
2418717948.7191281;-85.64697265625;
2418878205.1293845;-85.614494323730469;
2419038461.5396409;-85.618331909179687;
2419198717.9498973;-85.639289855957031;
2419358974.3601537;-85.599281311035156;
2419519230.7704101;-85.622154235839844;
2419679487.1806664;-85.599258422851562;
2419839743.5909228;-85.591110229492188;
2420000000.0011792;-85.61749267578125;
2420160256.4114356;-85.595489501953125;
2420320512.8216925;-85.618324279785156;
2420480769.2319489;-85.6202392578125;
2420641025.6422052;-85.622154235839844;
2420801282.0524616;-85.624061584472656;
2420961538.462718;-85.610694885253906;
2421121794.8729744;-85.614524841308594;
2421282051.2832308;-85.625961303710938;
2421442307.6934872;-85.618339538574219;
2421602564.1037436;-85.606895446777344;
2421762820.5139999;-85.625961303710938;
2421923076.9242563;-85.593582153320313;
2422083333.3345127;-85.61724853515625;
2422243589.7447691;-85.599281311035156;
2422403846.1550255;-85.608802795410156;
2422564102.5652819;-85.549964904785156;
2422724358.9755383;-85.599258422851562;
2422884615.3857946;-85.563186645507812;
2423044871.796051;-85.548080444335938;
2423205128.2063074;-85.601181030273438;
2423365384.6165643;-85.540481567382813;
2423525641.0268207;-85.534820556640625;
2423685897.437077;-85.57269287109375;
2423846153.8473334;-85.532699584960937;
2424006410.2575898;-85.531478881835938;
2424166666.6678462;-85.514106750488281;
2424326923.0781026;-85.496086120605469;
2424487179.488359;-85.531082153320312;
2424647435.8986154;-85.472732543945313;
2424807692.3088717;-85.561302185058594;
2424967948.7191281;-85.455886840820313;
2425128205.1293845;-85.510330200195313;
2425288461.5396409;-85.309341430664063;
2425448717.9498973;-85.195205688476563;
2425608974.3601537;-85.02264404296875;
2425769230.7704101;-84.583724975585938;
2425929487.1806664;-84.463508605957031;
2426089743.5909228;-83.7044677734375;
2426250000.0011792;-83.653587341308594;
2426410256.4114356;-81.600242614746094;
2426570512.8216925;-82.027122497558594;
2426730769.2319489;-79.4105224609375;
2426891025.6422052;-79.960090637207031;
2427051282.0524616;-74.70660400390625;
2427211538.462718;-74.351272583007813;
2427371794.8729744;-71.2451171875;
2427532051.2832308;-70.078285217285156;
2427692307.6934872;-67.962013244628906;
2427852564.1037436;-64.092575073242188;
2428012820.5139999;-63.393062591552734;
2428173076.9242563;-60.191936492919922;
2428333333.3345127;-59.98931884765625;
2428493589.7447691;-56.520290374755859;
2428653846.1550255;-55.750904083251953;
2428814102.5652819;-52.459602355957031;
2428974358.9755383;-52.342674255371094;
2429134615.3857946;-49.630516052246094;
2429294871.796051;-48.447948455810547;
2429455128.2063074;-46.087825775146484;
2429615384.6165643;-44.549495697021484;
2429775641.0268207;-43.475379943847656;
2429935897.437077;-41.627407073974609;
2430096153.8473334;-40.759075164794922;
2430256410.2575898;-37.887950897216797;
2430416666.6678462;-37.390308380126953;
2430576923.0781026;-35.066799163818359;
2430737179.488359;-34.953853607177734;
2430897435.8986154;-32.519607543945313;
2431057692.3088717;-31.27849006652832;
2431217948.7191281;-29.895750045776367;
2431378205.1293845;-28.856941223144531;
2431538461.5396409;-27.953628540039062;
2431698717.9498973;-26.795875549316406;
2431858974.3601537;-25.330657958984375;
2432019230.7704101;-24.699190139770508;
2432179487.1806664;-23.961297988891602;
2432339743.5909228;-23.451929092407227;
2432500000.0011792;-22.767122268676758;
2432660256.4114356;-22.395219802856445;
2432820512.8216925;-22.154735565185547;
2432980769.2319489;-22.312582015991211;
2433141025.6422052;-22.21778678894043;
2433301282.0524616;-22.55755615234375;
2433461538.462718;-22.985895156860352;
2433621794.8729744;-23.534572601318359;
2433782051.2832308;-24.193347930908203;
2433942307.6934872;-24.811765670776367;
2434102564.1037436;-25.894906997680664;
2434262820.5139999;-27.094343185424805;
2434423076.9242563;-28.250457763671875;
2434583333.3345127;-29.001054763793945;
2434743589.7447691;-30.3607177734375;
2434903846.1550255;-31.390254974365234;
2435064102.5652819;-33.448413848876953;
2435224358.9755383;-34.338111877441406;
2435384615.3857946;-35.602287292480469;
2435544871.796051;-36.766731262207031;
2435705128.2063074;-38.126556396484375;
2435865384.6165643;-40.125846862792969;
2436025641.0268207;-40.951389312744141;
2436185897.437077;-42.538833618164063;
2436346153.8473334;-43.276828765869141;
2436506410.2575898;-45.207489013671875;
2436666666.6678462;-46.672252655029297;
2436826923.0781026;-48.094734191894531;
2436987179.488359;-48.917446136474609;
2437147435.8986154;-50.272941589355469;
2437307692.3088717;-51.404064178466797;
2437467948.7191281;-53.491954803466797;
2437628205.1293845;-54.621383666992188;
2437788461.5396409;-55.889957427978516;
2437948717.9498973;-57.137542724609375;
2438108974.3601537;-58.522907257080078;
2438269230.7704101;-60.841217041015625;
2438429487.1806664;-61.981822967529297;
2438589743.5909228;-63.802913665771484;
2438750000.0011792;-64.833137512207031;
2438910256.4114356;-67.149551391601562;
2439070512.8216925;-69.426185607910156;
2439230769.2319489;-71.287139892578125;
2439391025.6422052;-72.840370178222656;
2439551282.0524616;-74.566062927246094;
2439711538.462718;-76.506950378417969;
2439871794.8729744;-79.108283996582031;
2440032051.2832308;-80.525588989257813;
2440192307.6934872;-81.67999267578125;
2440352564.1037436;-82.714263916015625;
2440512820.5139999;-83.665199279785156;
2440673076.9242563;-84.614990234375;
2440833333.3345127;-84.88885498046875;
2440993589.7447691;-85.157791137695312;
2441153846.1550255;-85.283546447753906;
2441314102.5652819;-85.422256469726563;
2441474358.9755383;-85.534820556640625;
2441634615.3857946;-85.610687255859375;
2441794871.796051;-85.601158142089844;
2441955128.2063074;-85.625961303710938;
2442115384.6165643;-85.622154235839844;
2442275641.0268207;-85.639328002929688;
2442435897.437077;-85.625968933105469;
2442596153.8473334;-85.625968933105469;
2442756410.2575898;-85.645057678222656;
2442916666.6678462;-85.693008422851562;
2443076923.0781026;-85.667999267578125;
2443237179.488359;-85.685279846191406;
2443397435.8986154;-85.716110229492188;
2443557692.3088717;-85.679519653320313;
2443717948.7191281;-85.599258422851562;
2443878205.1293845;-85.681480407714844;
2444038461.5396409;-85.602882385253906;
2444198717.9498973;-85.405296325683594;
2444358974.3601537;-85.425796508789063;
2444519230.7704101;-85.43719482421875;
2444679487.1806664;-85.429672241210937;
2444839743.5909228;-85.349891662597656;
2445000000.0011792;-85.298263549804687;
2445160256.4114356;-85.429031372070312;
2445320512.8216925;-85.532928466796875;
2445480769.2319489;-85.555648803710938;
2445641025.6422052;-85.645576477050781;
2445801282.0524616;-85.600936889648438;
2445961538.462718;-85.66033935546875;
2446121794.8729744;-85.52154541015625;
2446282051.2832308;-85.129669189453125;
2446442307.6934872;-85.193511962890625;
2446602564.1037436;-85.608673095703125;
2446762820.5139999;-85.698768615722656;
2446923076.9242563;-85.748931884765625;
2447083333.3345127;-85.764450073242188;
2447243589.7447691;-85.731475830078125;
2447403846.1550255;-85.451919555664063;
2447564102.5652819;-85.351722717285156;
2447724358.9755383;-85.280952453613281;
2447884615.3857946;-83.942588806152344;
2448044871.796051;-82.570228576660156;
2448205128.2063074;-82.651100158691406;
2448365384.6165643;-83.717979431152344;
2448525641.0268207;-84.322166442871094;
2448685897.437077;-84.51312255859375;
2448846153.8473334;-84.855697631835938;
2449006410.2575898;-85.530632019042969;
2449166666.6678462;-85.718002319335938;
2449326923.0781026;-85.770256042480469;
2449487179.488359;-85.809158325195313;
2449647435.8986154;-85.816963195800781;
2449807692.3088717;-85.82086181640625;
2449967948.7191281;-85.797462463378906;
2450128205.1293845;-85.762481689453125;
2450288461.5396409;-85.7547607421875;
2450448717.9498973;-85.7747802734375;
2450608974.3601537;-85.768302917480469;
2450769230.7704101;-85.813056945800781;
2450929487.1806664;-85.816963195800781;
2451089743.5909228;-85.830612182617188;
2451250000.0011792;-85.789695739746094;
2451410256.4114356;-85.801361083984375;
2451570512.8216925;-85.776069641113281;
2451730769.2319489;-85.813011169433594;
2451891025.6422052;-85.811111450195313;
2452051282.0524616;-82.933753967285156;
2452211538.462718;-81.518363952636719;
2452371794.8729744;-83.122413635253906;
2452532051.2832308;-83.126113891601563;
2452692307.6934872;-85.027191162109375;
2452852564.1037436;-85.627578735351563;
2453012820.5139999;-85.721847534179688;
2453173076.9242563;-85.507453918457031;
2453333333.3345127;-79.916061401367188;
2453493589.7447691;-78.373466491699219;
2453653846.1550255;-79.105873107910156;
2453814102.5652819;-81.176078796386719;
2453974358.9755383;-84.020187377929688;
2454134615.3857946;-80.742324829101563;
2454294871.796051;-78.101165771484375;
2454455128.2063074;-78.729621887207031;
2454615384.6165643;-80.117141723632812;
2454775641.0268207;-78.829345703125;
2454935897.437077;-82.478500366210938;
2455096153.8473334;-84.715057373046875;
2455256410.2575898;-85.128204345703125;
2455416666.6678462;-85.018943786621094;
2455576923.0781026;-83.358802795410156;
2455737179.488359;-81.839424133300781;
2455897435.8986154;-83.168655395507813;
2456057692.3088717;-84.519859313964844;
2456217948.7191281;-85.36761474609375;
2456378205.1293845;-84.791877746582031;
2456538461.5396409;-84.483650207519531;
2456698717.9498973;-83.351951599121094;
2456858974.3601537;-84.393913269042969;
2457019230.7704101;-84.799392700195312;
2457179487.1806664;-85.442169189453125;
2457339743.5909228;-85.60498046875;
2457500000.0011792;-85.338653564453125;
2457660256.4114356;-85.248176574707031;
2457820512.8216925;-84.991111755371094;
2457980769.2319489;-84.267440795898437;
2458141025.6422052;-84.409248352050781;
2458301282.0524616;-84.497566223144531;
2458461538.462718;-85.330726623535156;
2458621794.8729744;-85.394859313964844;
2458782051.2832308;-85.365219116210937;
2458942307.6934872;-85.67327880859375;
2459102564.1037436;-85.7977294921875;
2459262820.5139999;-85.838821411132813;
2459423076.9242563;-85.828598022460937;
2459583333.3345127;-85.81500244140625;
2459743589.7447691;-85.770179748535156;
2459903846.1550255;-85.858009338378906;
2460064102.5652819;-85.768257141113281;
2460224358.9755383;-85.81695556640625;
2460384615.3857946;-85.737327575683594;
2460544871.796051;-85.768287658691406;
2460705128.2063074;-85.760498046875;
2460865384.6165643;-85.811004638671875;
2461025641.0268207;-85.791580200195313;
2461185897.437077;-85.770118713378906;
2461346153.8473334;-85.809135437011719;
2461506410.2575898;-85.754631042480469;
2461666666.6678462;-85.803260803222656;
2461826923.0781026;-85.793449401855469;
2461987179.488359;-85.881568908691406;
2462147435.8986154;-85.776023864746094;
2462307692.3088717;-85.84234619140625;
2462467948.7191281;-85.781837463378906;
2462628205.1293845;-85.861923217773438;
2462788461.5396409;-85.814964294433594;
2462948717.9498973;-85.852005004882813;
2463108974.3601537;-85.81878662109375;
2463269230.7704101;-85.81866455078125;
2463429487.1806664;-85.805213928222656;
2463589743.5909228;-85.812896728515625;
2463750000.0011792;-85.824760437011719;
2463910256.4114356;-85.756477355957031;
2464070512.8216925;-85.824752807617188;
2464230769.2319489;-85.785659790039063;
2464391025.6422052;-85.830619812011719;
2464551282.0524616;-85.752723693847656;
2464711538.462718;-85.828643798828125;
2464871794.8729744;-85.762451171875;
2465032051.2832308;-85.793411254882812;
2465192307.6934872;-85.7740478515625;
2465352564.1037436;-85.822555541992188;
2465512820.5139999;-85.826583862304688;
2465673076.9242563;-85.806953430175781;
2465833333.3345127;-85.8658447265625;
2465993589.7447691;-85.766128540039062;
2466153846.1550255;-85.852073669433594;
2466314102.5652819;-85.770149230957031;
2466474358.9755383;-85.820602416992188;
2466634615.3857946;-85.768600463867188;
2466794871.796051;-85.795249938964844;
2466955128.2063074;-85.762077331542969;
2467115384.6165643;-85.783042907714844;
2467275641.0268207;-85.786521911621094;
2467435897.437077;-85.7310791015625;
2467596153.8473334;-85.771026611328125;
2467756410.2575898;-85.691871643066406;
2467916666.6678462;-85.813232421875;
2468076923.0781026;-85.648666381835938;
2468237179.488359;-85.80316162109375;
2468397435.8986154;-85.656280517578125;
2468557692.3088717;-85.73846435546875;
2468717948.7191281;-85.665733337402344;
2468878205.1293845;-85.710983276367188;
2469038461.5396409;-85.706253051757812;
2469198717.9498973;-85.690101623535156;
2469358974.3601537;-85.777923583984375;
2469519230.7704101;-85.592582702636719;
2469679487.1806664;-85.717948913574219;
2469839743.5909228;-85.588943481445312;
2470000000.0011792;-85.774055480957031;
2470160256.4114356;-85.524703979492188;
2470320512.8216925;-85.682815551757813;
2470480769.2319489;-85.403984069824219;
2470641025.6422052;-85.632057189941406;
2470801282.0524616;-85.490081787109375;
2470961538.462718;-85.409660339355469;
2471121794.8729744;-85.546989440917969;
2471282051.2832308;-85.245155334472656;
2471442307.6934872;-85.475440979003906;
2471602564.1037436;-85.054244995117188;
2471762820.5139999;-85.544937133789063;
2471923076.9242563;-84.923599243164063;
2472083333.3345127;-85.406745910644531;
2472243589.7447691;-85.003746032714844;
2472403846.1550255;-85.177078247070313;
2472564102.5652819;-85.117317199707031;
2472724358.9755383;-85.110504150390625;
2472884615.3857946;-85.362327575683594;
2473044871.796051;-85.101791381835938;
2473205128.2063074;-85.545295715332031;
2473365384.6165643;-85.12274169921875;
2473525641.0268207;-85.598678588867187;
2473685897.437077;-85.228271484375;
2473846153.8473334;-85.638381958007813;
2474006410.2575898;-85.258995056152344;
2474166666.6678462;-85.550628662109375;
2474326923.0781026;-85.486740112304688;
2474487179.488359;-85.556488037109375;
2474647435.8986154;-85.568161010742187;
2474807692.3088717;-85.574737548828125;
2474967948.7191281;-85.679275512695312;
2475128205.1293845;-85.592498779296875;
2475288461.5396409;-85.725639343261719;
2475448717.9498973;-85.577766418457031;
2475608974.3601537;-85.731483459472656;
2475769230.7704101;-85.5692138671875;
2475929487.1806664;-85.702438354492187;
2476089743.5909228;-85.593017578125;
2476250000.0011792;-85.725715637207031;
2476410256.4114356;-85.612472534179688;
2476570512.8216925;-85.742958068847656;
2476730769.2319489;-85.589637756347656;
2476891025.6422052;-85.685211181640625;
2477051282.0524616;-85.606857299804688;
2477211538.462718;-85.585693359375;
2477371794.8729744;-85.583946228027344;
2477532051.2832308;-85.654518127441406;
2477692307.6934872;-85.656532287597656;
2477852564.1037436;-85.612442016601563;
2478012820.5139999;-85.612548828125;
2478173076.9242563;-85.625755310058594;
2478333333.3345127;-85.719970703125;
2478493589.7447691;-85.662254333496094;
2478653846.1550255;-85.702445983886719;
2478814102.5652819;-85.710212707519531;
2478974358.9755383;-85.737289428710938;
2479134615.3857946;-85.721900939941406;
2479294871.796051;-85.702568054199219;
2479455128.2063074;-85.776039123535156;
2479615384.6165643;-85.746902465820313;
2479775641.0268207;-85.791633605957031;
2479935897.437077;-85.766319274902344;
2480096153.8473334;-85.838424682617187;
2480256410.2575898;-85.789649963378906;
2480416666.6678462;-85.836418151855469;
2480576923.0781026;-85.814865112304687;
2480737179.488359;-85.842208862304688;
2480897435.8986154;-85.8155517578125;
2481057692.3088717;-85.818901062011719;
2481217948.7191281;-85.850181579589844;
2481378205.1293845;-85.807144165039062;
2481538461.5396409;-85.87957763671875;
2481698717.9498973;-85.859947204589844;
2481858974.3601537;-85.852134704589844;
2482019230.7704101;-85.865821838378906;
2482179487.1806664;-85.944656372070312;
2482339743.5909228;-85.889396667480469;
2482500000.0011792;-85.924858093261719;
2482660256.4114356;-85.891380310058594;
2482820512.8216925;-85.901214599609375;
2482980769.2319489;-85.873703002929687;
2483141025.6422052;-85.803176879882813;
2483301282.0524616;-85.803276062011719;
2483461538.462718;-85.80523681640625;
2483621794.8729744;-85.850173950195313;
2483782051.2832308;-85.840370178222656;
2483942307.6934872;-85.873695373535156;
2484102564.1037436;-85.848159790039063;
2484262820.5139999;-85.907035827636719;
