Type;ESU;
Version;4.43;
Date;03.Jun 16;
Mode;ANALYZER;
Center Freq;2434262820.514000;Hz
Freq Offset;0.000000;Hz
Span;100000000.000000;Hz
x-Axis;LIN;
Start;2384262820.514000;Hz
Stop;2484262820.514000;Hz
Ref Level;-9.000000;dBm
Level Offset;0.000000;dB
Ref Position;100.000000;%
y-Axis;LOG;
Level Range;100.000000;dB
Rf Att;5.000000;dB
RBW;2000000.000000;Hz
VBW;50.000000;Hz
SWT;2.500000;s
Trace Mode;CLR/WRITE;
Detector;RMS;
Sweep Count;0;
Trace 1:;;
x-Unit;Hz;
y-Unit;dBm;
Values;625;
2384262820.5139999;-85.694198608398438;
2384423076.9242563;-85.704551696777344;
2384583333.3345127;-85.698768615722656;
2384743589.7447691;-85.712249755859375;
2384903846.1550255;-85.708366394042969;
2385064102.5652819;-85.714187622070313;
2385224358.9755383;-85.698768615722656;
2385384615.3857946;-85.624038696289062;
2385544871.796051;-85.716094970703125;
2385705128.2063074;-85.683357238769531;
2385865384.6165643;-85.714614868164063;
2386025641.0268207;-85.700386047363281;
2386185897.437077;-85.728309631347656;
2386346153.8473334;-85.654335021972656;
2386506410.2575898;-85.725738525390625;
2386666666.6678462;-85.663307189941406;
2386826923.0781026;-85.687217712402344;
2386987179.488359;-85.661659240722656;
2387147435.8986154;-85.66802978515625;
2387307692.3088717;-85.58782958984375;
2387467948.7191281;-85.685287475585937;
2387628205.1293845;-85.673774719238281;
2387788461.5396409;-85.692909240722656;
2387948717.9498973;-85.664138793945313;
2388108974.3601537;-85.7025146484375;
2388269230.7704101;-85.664199829101563;
2388429487.1806664;-85.631576538085937;
2388589743.5909228;-85.631690979003906;
2388750000.0011792;-85.578330993652344;
2388910256.4114356;-85.646957397460938;
2389070512.8216925;-85.606880187988281;
2389230769.2319489;-85.67572021484375;
2389391025.6422052;-85.64886474609375;
2389551282.0524616;-85.660354614257813;
2389711538.462718;-85.631607055664063;
2389871794.8729744;-85.708396911621094;
2390032051.2832308;-85.610687255859375;
2390192307.6934872;-85.610649108886719;
2390352564.1037436;-85.604560852050781;
2390512820.5139999;-85.702613830566406;
2390673076.9242563;-85.547866821289063;
2390833333.3345127;-85.692955017089844;
2390993589.7447691;-85.529006958007813;
2391153846.1550255;-85.658454895019531;
2391314102.5652819;-85.468597412109375;
2391474358.9755383;-85.608787536621094;
2391634615.3857946;-85.4088134765625;
2391794871.796051;-85.604896545410156;
2391955128.2063074;-85.406867980957031;
2392115384.6165643;-85.601142883300781;
2392275641.0268207;-85.258956909179688;
2392435897.437077;-85.570587158203125;
2392596153.8473334;-85.362037658691406;
2392756410.2575898;-84.990875244140625;
2392916666.6678462;-85.485580444335937;
2393076923.0781026;-85.166854858398437;
2393237179.488359;-85.502593994140625;
2393397435.8986154;-85.158760070800781;
2393557692.3088717;-85.412391662597656;
2393717948.7191281;-85.276260375976563;
2393878205.1293845;-85.349288940429687;
2394038461.5396409;-85.305183410644531;
2394198717.9498973;-85.418281555175781;
2394358974.3601537;-85.32550048828125;
2394519230.7704101;-85.369575500488281;
2394679487.1806664;-85.422264099121094;
2394839743.5909228;-85.380363464355469;
2395000000.0011792;-85.483810424804688;
2395160256.4114356;-85.502517700195313;
2395320512.8216925;-85.507514953613281;
2395480769.2319489;-85.523292541503906;
2395641025.6422052;-85.534317016601563;
2395801282.0524616;-85.525314331054688;
2395961538.462718;-85.601783752441406;
2396121794.8729744;-85.477775573730469;
2396282051.2832308;-85.567047119140625;
2396442307.6934872;-85.564857482910156;
2396602564.1037436;-85.575508117675781;
2396762820.5139999;-85.566970825195313;
2396923076.9242563;-85.530838012695313;
2397083333.3345127;-85.610702514648437;
2397243589.7447691;-85.529144287109375;
2397403846.1550255;-85.622116088867188;
2397564102.5652819;-85.544197082519531;
2397724358.9755383;-85.606880187988281;
2397884615.3857946;-85.538398742675781;
2398044871.796051;-85.527297973632813;
2398205128.2063074;-85.565048217773438;
2398365384.6165643;-85.625961303710938;
2398525641.0268207;-85.551727294921875;
2398685897.437077;-85.589759826660156;
2398846153.8473334;-85.570762634277344;
2399006410.2575898;-85.614509582519531;
2399166666.6678462;-85.563163757324219;
2399326923.0781026;-85.616432189941406;
2399487179.488359;-85.5537109375;
2399647435.8986154;-85.627777099609375;
2399807692.3088717;-85.568878173828125;
2399967948.7191281;-85.559196472167969;
2400128205.1293845;-85.529159545898437;
2400288461.5396409;-85.508384704589844;
2400448717.9498973;-85.555625915527344;
2400608974.3601537;-85.587844848632813;
2400769230.7704101;-85.563201904296875;
2400929487.1806664;-85.574478149414063;
2401089743.5909228;-85.58404541015625;
2401250000.0011792;-85.602981567382812;
2401410256.4114356;-85.542335510253906;
2401570512.8216925;-85.589698791503906;
2401730769.2319489;-85.553756713867187;
2401891025.6422052;-85.595405578613281;
2402051282.0524616;-85.608779907226562;
2402211538.462718;-85.580207824707031;
2402371794.8729744;-85.616416931152344;
2402532051.2832308;-85.603034973144531;
2402692307.6934872;-85.614524841308594;
2402852564.1037436;-85.572647094726563;
2403012820.5139999;-85.604988098144531;
2403173076.9242563;-85.557533264160156;
2403333333.3345127;-85.625946044921875;
2403493589.7447691;-85.618339538574219;
2403653846.1550255;-85.6297607421875;
2403814102.5652819;-85.60308837890625;
2403974358.9755383;-85.589767456054688;
2404134615.3857946;-85.597343444824219;
2404294871.796051;-85.618316650390625;
2404455128.2063074;-85.618339538574219;
2404615384.6165643;-85.612617492675781;
2404775641.0268207;-85.622146606445313;
2404935897.437077;-85.620208740234375;
2405096153.8473334;-85.633590698242188;
2405256410.2575898;-85.60498046875;
2405416666.6678462;-85.639328002929688;
2405576923.0781026;-85.587852478027344;
2405737179.488359;-85.625961303710938;
2405897435.8986154;-85.597373962402344;
2406057692.3088717;-85.637420654296875;
2406217948.7191281;-85.589759826660156;
2406378205.1293845;-85.666122436523438;
2406538461.5396409;-85.635505676269531;
2406698717.9498973;-85.662284851074219;
2406858974.3601537;-85.662269592285156;
2407019230.7704101;-85.664146423339844;
2407179487.1806664;-85.624053955078125;
2407339743.5909228;-85.631683349609375;
2407500000.0011792;-85.608749389648438;
2407660256.4114356;-85.635513305664063;
2407820512.8216925;-85.624031066894531;
2407980769.2319489;-85.671882629394531;
2408141025.6422052;-85.646957397460938;
2408301282.0524616;-85.648887634277344;
2408461538.462718;-85.650764465332031;
2408621794.8729744;-85.622154235839844;
2408782051.2832308;-85.625946044921875;
2408942307.6934872;-85.665061950683594;
2409102564.1037436;-85.610710144042969;
2409262820.5139999;-85.656517028808594;
2409423076.9242563;-85.661636352539062;
2409583333.3345127;-85.665260314941406;
2409743589.7447691;-85.616416931152344;
2409903846.1550255;-85.634445190429687;
2410064102.5652819;-85.648872375488281;
2410224358.9755383;-85.656539916992188;
2410384615.3857946;-85.622573852539063;
2410544871.796051;-85.622138977050781;
2410705128.2063074;-85.584579467773438;
2410865384.6165643;-85.637847900390625;
2411025641.0268207;-85.629737854003906;
2411185897.437077;-85.693809509277344;
2411346153.8473334;-85.663223266601563;
2411506410.2575898;-85.635116577148438;
2411666666.6678462;-85.629737854003906;
2411826923.0781026;-85.63360595703125;
2411987179.488359;-85.580245971679688;
2412147435.8986154;-85.631690979003906;
2412307692.3088717;-85.608779907226562;
2412467948.7191281;-85.673797607421875;
2412628205.1293845;-85.646942138671875;
2412788461.5396409;-85.668045043945313;
2412948717.9498973;-85.66607666015625;
2413108974.3601537;-85.674072265625;
2413269230.7704101;-85.685317993164063;
2413429487.1806664;-85.693008422851562;
2413589743.5909228;-85.631690979003906;
2413750000.0011792;-85.616424560546875;
2413910256.4114356;-85.622146606445313;
2414070512.8216925;-85.666130065917969;
2414230769.2319489;-85.664199829101563;
2414391025.6422052;-85.700698852539063;
2414551282.0524616;-85.691085815429687;
2414711538.462718;-85.639320373535156;
2414871794.8729744;-85.652717590332031;
2415032051.2832308;-85.673797607421875;
2415192307.6934872;-85.687248229980469;
2415352564.1037436;-85.691078186035156;
2415512820.5139999;-85.704826354980469;
2415673076.9242563;-85.679557800292969;
2415833333.3345127;-85.687240600585938;
2415993589.7447691;-85.658424377441406;
2416153846.1550255;-85.673805236816406;
2416314102.5652819;-85.669952392578125;
2416474358.9755383;-85.704559326171875;
2416634615.3857946;-85.700698852539063;
2416794871.796051;-85.702621459960937;
2416955128.2063074;-85.702621459960937;
2417115384.6165643;-85.712257385253906;
2417275641.0268207;-85.700706481933594;
2417435897.437077;-85.708404541015625;
2417596153.8473334;-85.691085815429687;
2417756410.2575898;-85.698768615722656;
2417916666.6678462;-85.678459167480469;
2418076923.0781026;-85.719963073730469;
2418237179.488359;-85.694892883300781;
2418397435.8986154;-85.643142700195313;
2418557692.3088717;-85.658454895019531;
2418717948.7191281;-85.66229248046875;
2418878205.1293845;-85.70648193359375;
2419038461.5396409;-85.660369873046875;
2419198717.9498973;-85.62786865234375;
2419358974.3601537;-85.635490417480469;
2419519230.7704101;-85.660385131835938;
2419679487.1806664;-85.643119812011719;
2419839743.5909228;-85.669960021972656;
2420000000.0011792;-85.702629089355469;
2420160256.4114356;-85.700393676757813;
2420320512.8216925;-85.625968933105469;
2420480769.2319489;-85.620246887207031;
2420641025.6422052;-85.603096008300781;
2420801282.0524616;-85.637420654296875;
2420961538.462718;-85.633598327636719;
2421121794.8729744;-85.624031066894531;
2421282051.2832308;-85.616432189941406;
2421442307.6934872;-85.624061584472656;
2421602564.1037436;-85.641227722167969;
2421762820.5139999;-85.677627563476562;
2421923076.9242563;-85.645065307617188;
2422083333.3345127;-85.62786865234375;
2422243589.7447691;-85.630325317382812;
2422403846.1550255;-85.633590698242188;
2422564102.5652819;-85.606895446777344;
2422724358.9755383;-85.637359619140625;
2422884615.3857946;-85.696846008300781;
2423044871.796051;-85.618331909179687;
2423205128.2063074;-85.618331909179687;
2423365384.6165643;-85.576469421386719;
2423525641.0268207;-85.616432189941406;
2423685897.437077;-85.604957580566406;
2423846153.8473334;-85.6202392578125;
2424006410.2575898;-85.58404541015625;
2424166666.6678462;-85.604988098144531;
2424326923.0781026;-85.593559265136719;
2424487179.488359;-85.589759826660156;
2424647435.8986154;-85.567245483398438;
2424807692.3088717;-85.597343444824219;
2424967948.7191281;-85.551864624023438;
2425128205.1293845;-85.478309631347656;
2425288461.5396409;-85.533096313476563;
2425448717.9498973;-85.4932861328125;
2425608974.3601537;-85.555572509765625;
2425769230.7704101;-85.517799377441406;
2425929487.1806664;-85.5159912109375;
2426089743.5909228;-85.455238342285156;
2426250000.0011792;-85.521621704101563;
2426410256.4114356;-85.435142517089844;
2426570512.8216925;-85.504692077636719;
2426730769.2319489;-85.433082580566406;
2426891025.6422052;-85.288810729980469;
2427051282.0524616;-85.181312561035156;
2427211538.462718;-85.1864013671875;
2427371794.8729744;-84.845481872558594;
2427532051.2832308;-84.679977416992188;
2427692307.6934872;-84.441352844238281;
2427852564.1037436;-83.773139953613281;
2428012820.5139999;-84.281227111816406;
2428173076.9242563;-81.867233276367188;
2428333333.3345127;-82.663360595703125;
2428493589.7447691;-79.071212768554688;
2428653846.1550255;-80.162826538085937;
2428814102.5652819;-76.390022277832031;
2428974358.9755383;-76.683990478515625;
2429134615.3857946;-71.659881591796875;
2429294871.796051;-72.027915954589844;
2429455128.2063074;-67.919578552246094;
2429615384.6165643;-68.573738098144531;
2429775641.0268207;-64.3245849609375;
2429935897.437077;-63.990627288818359;
2430096153.8473334;-60.565692901611328;
2430256410.2575898;-60.407752990722656;
2430416666.6678462;-57.459415435791016;
2430576923.0781026;-57.512657165527344;
2430737179.488359;-53.374656677246094;
2430897435.8986154;-53.624687194824219;
2431057692.3088717;-50.301856994628906;
2431217948.7191281;-50.639938354492187;
2431378205.1293845;-47.505680084228516;
2431538461.5396409;-46.819290161132813;
2431698717.9498973;-44.150291442871094;
2431858974.3601537;-43.968147277832031;
2432019230.7704101;-41.715137481689453;
2432179487.1806664;-41.120292663574219;
2432339743.5909228;-39.21087646484375;
2432500000.0011792;-37.328426361083984;
2432660256.4114356;-36.638496398925781;
2432820512.8216925;-35.481426239013672;
2432980769.2319489;-34.716297149658203;
2433141025.6422052;-32.994911193847656;
2433301282.0524616;-32.088039398193359;
2433461538.462718;-31.612516403198242;
2433621794.8729744;-31.021570205688477;
2433782051.2832308;-30.393815994262695;
2433942307.6934872;-29.834568023681641;
2434102564.1037436;-29.677219390869141;
2434262820.5139999;-29.568967819213867;
2434423076.9242563;-29.669981002807617;
2434583333.3345127;-29.675956726074219;
2434743589.7447691;-30.363773345947266;
2434903846.1550255;-30.588655471801758;
2435064102.5652819;-31.430387496948242;
2435224358.9755383;-31.818735122680664;
2435384615.3857946;-33.0384521484375;
2435544871.796051;-34.048938751220703;
2435705128.2063074;-35.296161651611328;
2435865384.6165643;-35.961296081542969;
2436025641.0268207;-37.216053009033203;
2436185897.437077;-38.35791015625;
2436346153.8473334;-40.382816314697266;
2436506410.2575898;-41.209793090820313;
2436666666.6678462;-42.575958251953125;
2436826923.0781026;-43.434085845947266;
2436987179.488359;-45.40191650390625;
2437147435.8986154;-46.680728912353516;
2437307692.3088717;-48.113605499267578;
2437467948.7191281;-49.090415954589844;
2437628205.1293845;-50.423515319824219;
2437788461.5396409;-51.596431732177734;
2437948717.9498973;-53.714344024658203;
2438108974.3601537;-54.743293762207031;
2438269230.7704101;-55.946201324462891;
2438429487.1806664;-56.854015350341797;
2438589743.5909228;-58.721652984619141;
2438750000.0011792;-60.285556793212891;
2438910256.4114356;-61.538459777832031;
2439070512.8216925;-62.590110778808594;
2439230769.2319489;-64.132537841796875;
2439391025.6422052;-65.458625793457031;
2439551282.0524616;-67.6231689453125;
2439711538.462718;-68.814682006835938;
2439871794.8729744;-70.563552856445313;
2440032051.2832308;-71.661277770996094;
2440192307.6934872;-74.11376953125;
2440352564.1037436;-76.186622619628906;
2440512820.5139999;-77.896347045898437;
2440673076.9242563;-79.171760559082031;
2440833333.3345127;-80.530235290527344;
2440993589.7447691;-82.058013916015625;
2441153846.1550255;-83.565460205078125;
2441314102.5652819;-84.170005798339844;
2441474358.9755383;-84.658836364746094;
2441634615.3857946;-84.904487609863281;
2441794871.796051;-85.219131469726563;
2441955128.2063074;-85.483856201171875;
2442115384.6165643;-85.519744873046875;
2442275641.0268207;-85.567001342773437;
2442435897.437077;-85.608795166015625;
2442596153.8473334;-85.639335632324219;
2442756410.2575898;-85.645050048828125;
2442916666.6678462;-85.693000793457031;
2443076923.0781026;-85.64886474609375;
2443237179.488359;-85.708381652832031;
2443397435.8986154;-85.702621459960937;
2443557692.3088717;-85.718025207519531;
2443717948.7191281;-85.712242126464844;
2443878205.1293845;-85.756660461425781;
2444038461.5396409;-85.698776245117188;
2444198717.9498973;-85.74700927734375;
2444358974.3601537;-85.721893310546875;
2444519230.7704101;-85.725730895996094;
2444679487.1806664;-85.702621459960937;
2444839743.5909228;-85.687225341796875;
2445000000.0011792;-85.635513305664063;
2445160256.4114356;-85.654617309570313;
2445320512.8216925;-85.64697265625;
2445480769.2319489;-85.620246887207031;
2445641025.6422052;-85.599830627441406;
2445801282.0524616;-85.612617492675781;
2445961538.462718;-85.646980285644531;
2446121794.8729744;-85.702629089355469;
2446282051.2832308;-85.712265014648437;
2446442307.6934872;-85.733444213867188;
2446602564.1037436;-85.789695739746094;
2446762820.5139999;-85.766349792480469;
2446923076.9242563;-85.752792358398437;
2447083333.3345127;-85.803314208984375;
2447243589.7447691;-85.783851623535156;
2447403846.1550255;-85.760528564453125;
2447564102.5652819;-85.801353454589844;
2447724358.9755383;-85.787734985351563;
2447884615.3857946;-85.813056945800781;
2448044871.796051;-85.805244445800781;
2448205128.2063074;-85.82281494140625;
2448365384.6165643;-85.791633605957031;
2448525641.0268207;-85.811111450195313;
2448685897.437077;-85.779975891113281;
2448846153.8473334;-85.764411926269531;
2449006410.2575898;-85.714187622070313;
2449166666.6678462;-85.743141174316406;
2449326923.0781026;-85.781913757324219;
2449487179.488359;-85.816963195800781;
2449647435.8986154;-85.813041687011719;
2449807692.3088717;-85.826705932617188;
2449967948.7191281;-85.801353454589844;
2450128205.1293845;-85.816940307617188;
2450288461.5396409;-85.766357421875;
2450448717.9498973;-85.754081726074219;
2450608974.3601537;-85.748893737792969;
2450769230.7704101;-85.801322937011719;
2450929487.1806664;-85.779953002929688;
2451089743.5909228;-85.781852722167969;
2451250000.0011792;-85.801345825195313;
2451410256.4114356;-85.799407958984375;
2451570512.8216925;-85.828666687011719;
2451730769.2319489;-85.81109619140625;
2451891025.6422052;-85.809150695800781;
2452051282.0524616;-85.809135437011719;
2452211538.462718;-85.805259704589844;
2452371794.8729744;-85.807197570800781;
2452532051.2832308;-85.772178649902344;
2452692307.6934872;-85.805259704589844;
2452852564.1037436;-85.776016235351563;
2453012820.5139999;-85.643119812011719;
2453173076.9242563;-85.70648193359375;
2453333333.3345127;-85.764434814453125;
2453493589.7447691;-85.733444213867188;
2453653846.1550255;-85.762496948242188;
2453814102.5652819;-85.735343933105469;
2453974358.9755383;-85.787712097167969;
2454134615.3857946;-85.768035888671875;
2454294871.796051;-85.727684020996094;
2454455128.2063074;-85.764350891113281;
2454615384.6165643;-85.82281494140625;
2454775641.0268207;-85.758583068847656;
2454935897.437077;-85.799385070800781;
2455096153.8473334;-85.750831604003906;
2455256410.2575898;-85.840370178222656;
2455416666.6678462;-85.721832275390625;
2455576923.0781026;-85.811073303222656;
2455737179.488359;-85.748863220214844;
2455897435.8986154;-85.816925048828125;
2456057692.3088717;-85.692916870117187;
2456217948.7191281;-85.743133544921875;
2456378205.1293845;-85.748786926269531;
2456538461.5396409;-85.82672119140625;
2456698717.9498973;-85.777984619140625;
2456858974.3601537;-85.867805480957031;
2457019230.7704101;-85.787734985351563;
2457179487.1806664;-85.785797119140625;
2457339743.5909228;-85.756622314453125;
2457500000.0011792;-85.833595275878906;
2457660256.4114356;-85.82000732421875;
2457820512.8216925;-85.785018920898437;
2457980769.2319489;-85.760002136230469;
2458141025.6422052;-85.752357482910156;
2458301282.0524616;-85.737907409667969;
2458461538.462718;-85.69232177734375;
2458621794.8729744;-85.733467102050781;
2458782051.2832308;-85.7276611328125;
2458942307.6934872;-85.781906127929688;
2459102564.1037436;-85.744987487792969;
2459262820.5139999;-85.867813110351563;
2459423076.9242563;-85.840354919433594;
2459583333.3345127;-85.84234619140625;
2459743589.7447691;-85.828643798828125;
2459903846.1550255;-85.756629943847656;
2460064102.5652819;-85.614089965820313;
2460224358.9755383;-85.750839233398438;
2460384615.3857946;-85.803237915039063;
2460544871.796051;-85.895317077636719;
2460705128.2063074;-85.820854187011719;
2460865384.6165643;-85.826713562011719;
2461025641.0268207;-85.84429931640625;
2461185897.437077;-85.869781494140625;
2461346153.8473334;-85.84820556640625;
2461506410.2575898;-85.885459899902344;
2461666666.6678462;-85.865859985351563;
2461826923.0781026;-85.836441040039063;
2461987179.488359;-85.824684143066406;
2462147435.8986154;-85.881492614746094;
2462307692.3088717;-85.822784423828125;
2462467948.7191281;-85.82861328125;
2462628205.1293845;-85.852127075195313;
2462788461.5396409;-85.865814208984375;
2462948717.9498973;-85.885459899902344;
2463108974.3601537;-85.879501342773438;
2463269230.7704101;-85.844284057617188;
2463429487.1806664;-85.86181640625;
2463589743.5909228;-85.830482482910156;
2463750000.0011792;-85.879493713378906;
2463910256.4114356;-85.830543518066406;
2464070512.8216925;-85.869781494140625;
2464230769.2319489;-85.805213928222656;
2464391025.6422052;-85.852134704589844;
2464551282.0524616;-85.779853820800781;
2464711538.462718;-85.826713562011719;
2464871794.8729744;-85.768226623535156;
2465032051.2832308;-85.820854187011719;
2465192307.6934872;-85.859901428222656;
2465352564.1037436;-85.859977722167969;
2465512820.5139999;-85.820777893066406;
2465673076.9242563;-85.828651428222656;
2465833333.3345127;-85.803146362304688;
2465993589.7447691;-85.830604553222656;
2466153846.1550255;-85.82080078125;
2466314102.5652819;-85.838432312011719;
2466474358.9755383;-85.816871643066406;
2466634615.3857946;-85.867691040039063;
2466794871.796051;-85.772140502929687;
2466955128.2063074;-85.799163818359375;
2467115384.6165643;-85.795425415039063;
2467275641.0268207;-85.801040649414063;
2467435897.437077;-85.812950134277344;
2467596153.8473334;-85.759864807128906;
2467756410.2575898;-85.820732116699219;
2467916666.6678462;-85.856010437011719;
2468076923.0781026;-85.726699829101563;
2468237179.488359;-85.843978881835938;
2468397435.8986154;-85.757568359375;
2468557692.3088717;-85.810997009277344;
2468717948.7191281;-85.702430725097656;
2468878205.1293845;-85.828376770019531;
2469038461.5396409;-85.911941528320313;
2469198717.9498973;-85.889411926269531;
2469358974.3601537;-85.714073181152344;
2469519230.7704101;-85.783454895019531;
2469679487.1806664;-85.717582702636719;
2469839743.5909228;-85.730552673339844;
2470000000.0011792;-85.712005615234375;
2470160256.4114356;-85.705726623535156;
2470320512.8216925;-85.797286987304688;
2470480769.2319489;-85.67706298828125;
2470641025.6422052;-85.80908203125;
2470801282.0524616;-85.583724975585937;
2470961538.462718;-85.770195007324219;
2471121794.8729744;-85.585487365722656;
2471282051.2832308;-85.80511474609375;
2471442307.6934872;-85.4239501953125;
2471602564.1037436;-85.669708251953125;
2471762820.5139999;-85.372329711914063;
2471923076.9242563;-85.717910766601563;
2472083333.3345127;-85.126220703125;
2472243589.7447691;-85.6734619140625;
2472403846.1550255;-84.966209411621094;
2472564102.5652819;-85.532005310058594;
2472724358.9755383;-84.918197631835938;
2472884615.3857946;-85.553337097167969;
2473044871.796051;-84.793075561523438;
2473205128.2063074;-85.541679382324219;
2473365384.6165643;-84.7593994140625;
2473525641.0268207;-85.241966247558594;
2473685897.437077;-84.970237731933594;
2473846153.8473334;-85.355430603027344;
2474006410.2575898;-84.958236694335938;
2474166666.6678462;-85.349700927734375;
2474326923.0781026;-85.065048217773438;
2474487179.488359;-85.479225158691406;
2474647435.8986154;-85.153648376464844;
2474807692.3088717;-85.6065673828125;
2474967948.7191281;-85.193641662597656;
2475128205.1293845;-85.64208984375;
2475288461.5396409;-85.298194885253906;
2475448717.9498973;-85.650634765625;
2475608974.3601537;-85.305953979492188;
2475769230.7704101;-85.629463195800781;
2475929487.1806664;-85.456611633300781;
2476089743.5909228;-85.605445861816406;
2476250000.0011792;-85.540931701660156;
2476410256.4114356;-85.621292114257813;
2476570512.8216925;-85.575691223144531;
2476730769.2319489;-85.615287780761719;
2476891025.6422052;-85.61602783203125;
2477051282.0524616;-85.638511657714844;
2477211538.462718;-85.581878662109375;
2477371794.8729744;-85.703964233398437;
2477532051.2832308;-85.627655029296875;
2477692307.6934872;-85.658004760742187;
2477852564.1037436;-85.683349609375;
2478012820.5139999;-85.597030639648438;
2478173076.9242563;-85.669830322265625;
2478333333.3345127;-85.606513977050781;
2478493589.7447691;-85.694869995117188;
2478653846.1550255;-85.658287048339844;
2478814102.5652819;-85.581871032714844;
2478974358.9755383;-85.716011047363281;
2479134615.3857946;-85.667892456054688;
2479294871.796051;-85.773948669433594;
2479455128.2063074;-85.739250183105469;
2479615384.6165643;-85.752578735351563;
2479775641.0268207;-85.777961730957031;
2479935897.437077;-85.795372009277344;
2480096153.8473334;-85.858009338378906;
2480256410.2575898;-85.83447265625;
2480416666.6678462;-85.873672485351563;
2480576923.0781026;-85.846206665039063;
2480737179.488359;-85.899261474609375;
2480897435.8986154;-85.852119445800781;
2481057692.3088717;-85.909683227539062;
2481217948.7191281;-85.916984558105469;
2481378205.1293845;-85.913063049316406;
2481538461.5396409;-85.852073669433594;
2481698717.9498973;-85.934776306152344;
2481858974.3601537;-85.832504272460937;
2482019230.7704101;-85.885452270507813;
2482179487.1806664;-85.909072875976563;
2482339743.5909228;-85.980384826660156;
2482500000.0011792;-85.897293090820313;
2482660256.4114356;-85.87957763671875;
2482820512.8216925;-85.846214294433594;
2482980769.2319489;-85.911094665527344;
2483141025.6422052;-85.891380310058594;
2483301282.0524616;-85.907150268554688;
2483461538.462718;-85.909111022949219;
2483621794.8729744;-85.913055419921875;
2483782051.2832308;-85.9051513671875;
2483942307.6934872;-85.905174255371094;
2484102564.1037436;-85.899246215820313;
2484262820.5139999;-85.901229858398438;
