Type;ESU;
Version;4.43;
Date;03.Jun 16;
Mode;ANALYZER;
Center Freq;2434262820.514000;Hz
Freq Offset;0.000000;Hz
Span;100000000.000000;Hz
x-Axis;LIN;
Start;2384262820.514000;Hz
Stop;2484262820.514000;Hz
Ref Level;-9.000000;dBm
Level Offset;0.000000;dB
Ref Position;100.000000;%
y-Axis;LOG;
Level Range;100.000000;dB
Rf Att;5.000000;dB
RBW;2000000.000000;Hz
VBW;30.000000;Hz
SWT;4.200000;s
Trace Mode;CLR/WRITE;
Detector;RMS;
Sweep Count;0;
Trace 1:;;
x-Unit;Hz;
y-Unit;dBm;
Values;625;
2384262820.5139999;-85.70904541015625;
2384423076.9242563;-85.712265014648437;
2384583333.3345127;-85.712265014648437;
2384743589.7447691;-85.714187622070313;
2384903846.1550255;-85.737335205078125;
2385064102.5652819;-85.73541259765625;
2385224358.9755383;-85.714187622070313;
2385384615.3857946;-85.729621887207031;
2385544871.796051;-85.716323852539063;
2385705128.2063074;-85.73541259765625;
2385865384.6165643;-85.719970703125;
2386025641.0268207;-85.70648193359375;
2386185897.437077;-85.716117858886719;
2386346153.8473334;-85.712257385253906;
2386506410.2575898;-85.712257385253906;
2386666666.6678462;-85.721900939941406;
2386826923.0781026;-85.716117858886719;
2386987179.488359;-85.719963073730469;
2387147435.8986154;-85.700706481933594;
2387307692.3088717;-85.694931030273438;
2387467948.7191281;-85.708404541015625;
2387628205.1293845;-85.709480285644531;
2387788461.5396409;-85.718048095703125;
2387948717.9498973;-85.708412170410156;
2388108974.3601537;-85.66229248046875;
2388269230.7704101;-85.683364868164062;
2388429487.1806664;-85.718048095703125;
2388589743.5909228;-85.708412170410156;
2388750000.0011792;-85.7103271484375;
2388910256.4114356;-85.719978332519531;
2389070512.8216925;-85.702629089355469;
2389230769.2319489;-85.700675964355469;
2389391025.6422052;-85.70648193359375;
2389551282.0524616;-85.708412170410156;
2389711538.462718;-85.70648193359375;
2389871794.8729744;-85.711189270019531;
2390032051.2832308;-85.675712585449219;
2390192307.6934872;-85.677635192871094;
2390352564.1037436;-85.683403015136719;
2390512820.5139999;-85.70648193359375;
2390673076.9242563;-85.694923400878906;
2390833333.3345127;-85.700698852539063;
2390993589.7447691;-85.668045043945313;
2391153846.1550255;-85.70648193359375;
2391314102.5652819;-85.710334777832031;
2391474358.9755383;-85.683395385742188;
2391634615.3857946;-85.693000793457031;
2391794871.796051;-85.708412170410156;
2391955128.2063074;-85.704536437988281;
2392115384.6165643;-85.683403015136719;
2392275641.0268207;-85.679557800292969;
2392435897.437077;-85.678703308105469;
2392596153.8473334;-85.646965026855469;
2392756410.2575898;-85.614517211914062;
2392916666.6678462;-85.624061584472656;
2393076923.0781026;-85.633583068847656;
2393237179.488359;-85.658424377441406;
2393397435.8986154;-85.639320373535156;
2393557692.3088717;-85.631690979003906;
2393717948.7191281;-85.646919250488281;
2393878205.1293845;-85.65460205078125;
2394038461.5396409;-85.625961303710938;
2394198717.9498973;-85.616409301757812;
2394358974.3601537;-85.614517211914062;
2394519230.7704101;-85.633583068847656;
2394679487.1806664;-85.624000549316406;
2394839743.5909228;-85.637413024902344;
2395000000.0011792;-85.620223999023437;
2395160256.4114356;-85.612373352050781;
2395320512.8216925;-85.652717590332031;
2395480769.2319489;-85.658462524414062;
2395641025.6422052;-85.669944763183594;
2395801282.0524616;-85.677635192871094;
2395961538.462718;-85.677642822265625;
2396121794.8729744;-85.666130065917969;
2396282051.2832308;-85.629776000976563;
2396442307.6934872;-85.618339538574219;
2396602564.1037436;-85.625968933105469;
2396762820.5139999;-85.622146606445313;
2396923076.9242563;-85.666107177734375;
2397083333.3345127;-85.637428283691406;
2397243589.7447691;-85.629783630371094;
2397403846.1550255;-85.618339538574219;
2397564102.5652819;-85.620246887207031;
2397724358.9755383;-85.622146606445313;
2397884615.3857946;-85.645065307617188;
2398044871.796051;-85.624031066894531;
2398205128.2063074;-85.646965026855469;
2398365384.6165643;-85.61749267578125;
2398525641.0268207;-85.62786865234375;
2398685897.437077;-85.616432189941406;
2398846153.8473334;-85.625961303710938;
2399006410.2575898;-85.627876281738281;
2399166666.6678462;-85.652717590332031;
2399326923.0781026;-85.648880004882813;
2399487179.488359;-85.631690979003906;
2399647435.8986154;-85.631690979003906;
2399807692.3088717;-85.616432189941406;
2399967948.7191281;-85.629783630371094;
2400128205.1293845;-85.622154235839844;
2400288461.5396409;-85.622154235839844;
2400448717.9498973;-85.622154235839844;
2400608974.3601537;-85.616432189941406;
2400769230.7704101;-85.624053955078125;
2400929487.1806664;-85.618339538574219;
2401089743.5909228;-85.627876281738281;
2401250000.0011792;-85.618339538574219;
2401410256.4114356;-85.631690979003906;
2401570512.8216925;-85.618339538574219;
2401730769.2319489;-85.618339538574219;
2401891025.6422052;-85.612625122070313;
2402051282.0524616;-85.622146606445313;
2402211538.462718;-85.619186401367188;
2402371794.8729744;-85.6107177734375;
2402532051.2832308;-85.6107177734375;
2402692307.6934872;-85.608802795410156;
2402852564.1037436;-85.624046325683594;
2403012820.5139999;-85.66802978515625;
2403173076.9242563;-85.631690979003906;
2403333333.3345127;-85.645065307617188;
2403493589.7447691;-85.616432189941406;
2403653846.1550255;-85.618339538574219;
2403814102.5652819;-85.618339538574219;
2403974358.9755383;-85.631690979003906;
2404134615.3857946;-85.624061584472656;
2404294871.796051;-85.624053955078125;
2404455128.2063074;-85.620880126953125;
2404615384.6165643;-85.614524841308594;
2404775641.0268207;-85.627876281738281;
2404935897.437077;-85.643150329589844;
2405096153.8473334;-85.627876281738281;
2405256410.2575898;-85.625968933105469;
2405416666.6678462;-85.627876281738281;
2405576923.0781026;-85.622154235839844;
2405737179.488359;-85.622146606445313;
2405897435.8986154;-85.641250610351563;
2406057692.3088717;-85.681480407714844;
2406217948.7191281;-85.668037414550781;
2406378205.1293845;-85.624267578125;
2406538461.5396409;-85.620246887207031;
2406698717.9498973;-85.627876281738281;
2406858974.3601537;-85.631690979003906;
2407019230.7704101;-85.660377502441406;
2407179487.1806664;-85.639320373535156;
2407339743.5909228;-85.658462524414062;
2407500000.0011792;-85.624061584472656;
2407660256.4114356;-85.685287475585937;
2407820512.8216925;-85.698776245117188;
2407980769.2319489;-85.694923400878906;
2408141025.6422052;-85.685310363769531;
2408301282.0524616;-85.666709899902344;
2408461538.462718;-85.627876281738281;
2408621794.8729744;-85.652717590332031;
2408782051.2832308;-85.691078186035156;
2408942307.6934872;-85.650749206542969;
2409102564.1037436;-85.666107177734375;
2409262820.5139999;-85.694931030273438;
2409423076.9242563;-85.683403015136719;
2409583333.3345127;-85.660331726074219;
2409743589.7447691;-85.650764465332031;
2409903846.1550255;-85.681480407714844;
2410064102.5652819;-85.656524658203125;
2410224358.9755383;-85.622146606445313;
2410384615.3857946;-85.633598327636719;
2410544871.796051;-85.625968933105469;
2410705128.2063074;-85.704559326171875;
2410865384.6165643;-85.700706481933594;
2411025641.0268207;-85.704345703125;
2411185897.437077;-85.693000793457031;
2411346153.8473334;-85.6527099609375;
2411506410.2575898;-85.648155212402344;
2411666666.6678462;-85.693000793457031;
2411826923.0781026;-85.652717590332031;
2411987179.488359;-85.671844482421875;
2412147435.8986154;-85.702629089355469;
2412307692.3088717;-85.67376708984375;
2412467948.7191281;-85.625968933105469;
2412628205.1293845;-85.671821594238281;
2412788461.5396409;-85.714179992675781;
2412948717.9498973;-85.677642822265625;
2413108974.3601537;-85.675712585449219;
2413269230.7704101;-85.645065307617188;
2413429487.1806664;-85.627876281738281;
2413589743.5909228;-85.625968933105469;
2413750000.0011792;-85.650794982910156;
2413910256.4114356;-85.685325622558594;
2414070512.8216925;-85.693000793457031;
2414230769.2319489;-85.70648193359375;
2414391025.6422052;-85.704551696777344;
2414551282.0524616;-85.710334777832031;
2414711538.462718;-85.70648193359375;
2414871794.8729744;-85.708412170410156;
2415032051.2832308;-85.687248229980469;
2415192307.6934872;-85.710334777832031;
2415352564.1037436;-85.708396911621094;
2415512820.5139999;-85.696823120117187;
2415673076.9242563;-85.710334777832031;
2415833333.3345127;-85.712265014648437;
2415993589.7447691;-85.710334777832031;
2416153846.1550255;-85.708412170410156;
2416314102.5652819;-85.708412170410156;
2416474358.9755383;-85.704551696777344;
2416634615.3857946;-85.708412170410156;
2416794871.796051;-85.704551696777344;
2416955128.2063074;-85.712265014648437;
2417115384.6165643;-85.704559326171875;
2417275641.0268207;-85.696853637695313;
2417435897.437077;-85.698776245117188;
2417596153.8473334;-85.70648193359375;
2417756410.2575898;-85.700698852539063;
2417916666.6678462;-85.710334777832031;
2418076923.0781026;-85.704551696777344;
2418237179.488359;-85.675712585449219;
2418397435.8986154;-85.702629089355469;
2418557692.3088717;-85.645584106445312;
2418717948.7191281;-85.642929077148438;
2418878205.1293845;-85.693801879882813;
2419038461.5396409;-85.709480285644531;
2419198717.9498973;-85.711433410644531;
2419358974.3601537;-85.700698852539063;
2419519230.7704101;-85.681472778320312;
2419679487.1806664;-85.702621459960937;
2419839743.5909228;-85.712265014648437;
2420000000.0011792;-85.716117858886719;
2420160256.4114356;-85.700706481933594;
2420320512.8216925;-85.700698852539063;
2420480769.2319489;-85.698776245117188;
2420641025.6422052;-85.710334777832031;
2420801282.0524616;-85.687248229980469;
2420961538.462718;-85.700706481933594;
2421121794.8729744;-85.712257385253906;
2421282051.2832308;-85.70263671875;
2421442307.6934872;-85.70648193359375;
2421602564.1037436;-85.700706481933594;
2421762820.5139999;-85.70648193359375;
2421923076.9242563;-85.694923400878906;
2422083333.3345127;-85.681480407714844;
2422243589.7447691;-85.65460205078125;
2422403846.1550255;-85.625961303710938;
2422564102.5652819;-85.664207458496094;
2422724358.9755383;-85.683395385742188;
2422884615.3857946;-85.708404541015625;
2423044871.796051;-85.698768615722656;
2423205128.2063074;-85.700698852539063;
2423365384.6165643;-85.673805236816406;
2423525641.0268207;-85.66229248046875;
2423685897.437077;-85.694915771484375;
2423846153.8473334;-85.712265014648437;
2424006410.2575898;-85.704551696777344;
2424166666.6678462;-85.704551696777344;
2424326923.0781026;-85.710334777832031;
2424487179.488359;-85.694923400878906;
2424647435.8986154;-85.694923400878906;
2424807692.3088717;-85.646980285644531;
2424967948.7191281;-85.68145751953125;
2425128205.1293845;-85.710334777832031;
2425288461.5396409;-85.709480285644531;
2425448717.9498973;-85.696853637695313;
2425608974.3601537;-85.677635192871094;
2425769230.7704101;-85.70648193359375;
2425929487.1806664;-85.702629089355469;
2426089743.5909228;-85.714187622070313;
2426250000.0011792;-85.716117858886719;
2426410256.4114356;-85.691070556640625;
2426570512.8216925;-85.673805236816406;
2426730769.2319489;-85.708404541015625;
2426891025.6422052;-85.708412170410156;
2427051282.0524616;-85.708412170410156;
2427211538.462718;-85.714187622070313;
2427371794.8729744;-85.727691650390625;
2427532051.2832308;-85.712249755859375;
2427692307.6934872;-85.714187622070313;
2427852564.1037436;-85.714187622070313;
2428012820.5139999;-85.711189270019531;
2428173076.9242563;-85.714187622070313;
2428333333.3345127;-85.719970703125;
2428493589.7447691;-85.712265014648437;
2428653846.1550255;-85.714179992675781;
2428814102.5652819;-85.710334777832031;
2428974358.9755383;-85.691070556640625;
2429134615.3857946;-85.639312744140625;
2429294871.796051;-85.576454162597656;
2429455128.2063074;-85.506370544433594;
2429615384.6165643;-85.405120849609375;
2429775641.0268207;-85.2200927734375;
2429935897.437077;-84.981536865234375;
2430096153.8473334;-84.606498718261719;
2430256410.2575898;-83.9556884765625;
2430416666.6678462;-83.265571594238281;
2430576923.0781026;-82.336883544921875;
2430737179.488359;-81.051887512207031;
2430897435.8986154;-79.901214599609375;
2431057692.3088717;-78.02593994140625;
2431217948.7191281;-76.731582641601563;
2431378205.1293845;-75.070388793945312;
2431538461.5396409;-73.279319763183594;
2431698717.9498973;-72.154830932617188;
2431858974.3601537;-70.542427062988281;
2432019230.7704101;-68.425468444824219;
2432179487.1806664;-67.556045532226563;
2432339743.5909228;-65.475379943847656;
2432500000.0011792;-63.919521331787109;
2432660256.4114356;-62.929710388183594;
2432820512.8216925;-61.011886596679688;
2432980769.2319489;-59.893154144287109;
2433141025.6422052;-58.894763946533203;
2433301282.0524616;-57.170513153076172;
2433461538.462718;-56.453956604003906;
2433621794.8729744;-55.708824157714844;
2433782051.2832308;-54.396511077880859;
2433942307.6934872;-54.247909545898438;
2434102564.1037436;-53.535465240478516;
2434262820.5139999;-53.065483093261719;
2434423076.9242563;-53.216873168945313;
2434583333.3345127;-52.928672790527344;
2434743589.7447691;-53.570880889892578;
2434903846.1550255;-54.114475250244141;
2435064102.5652819;-54.087566375732422;
2435224358.9755383;-55.478805541992188;
2435384615.3857946;-56.216884613037109;
2435544871.796051;-56.819122314453125;
2435705128.2063074;-58.704452514648438;
2435865384.6165643;-59.398685455322266;
2436025641.0268207;-60.507514953613281;
2436185897.437077;-62.598903656005859;
2436346153.8473334;-63.44403076171875;
2436506410.2575898;-64.723289489746094;
2436666666.6678462;-66.765380859375;
2436826923.0781026;-67.351165771484375;
2436987179.488359;-68.494682312011719;
2437147435.8986154;-69.954338073730469;
2437307692.3088717;-70.468254089355469;
2437467948.7191281;-71.330215454101563;
2437628205.1293845;-72.673500061035156;
2437788461.5396409;-73.550979614257813;
2437948717.9498973;-74.404434204101562;
2438108974.3601537;-75.611572265625;
2438269230.7704101;-76.435638427734375;
2438429487.1806664;-77.154899597167969;
2438589743.5909228;-78.534042358398437;
2438750000.0011792;-79.492103576660156;
2438910256.4114356;-80.109184265136719;
2439070512.8216925;-81.522186279296875;
2439230769.2319489;-82.376396179199219;
2439391025.6422052;-83.030204772949219;
2439551282.0524616;-83.947998046875;
2439711538.462718;-84.432548522949219;
2439871794.8729744;-84.755386352539063;
2440032051.2832308;-85.201126098632813;
2440192307.6934872;-85.370231628417969;
2440352564.1037436;-85.504600524902344;
2440512820.5139999;-85.637397766113281;
2440673076.9242563;-85.702613830566406;
2440833333.3345127;-85.73150634765625;
2440993589.7447691;-85.805259704589844;
2441153846.1550255;-85.81890869140625;
2441314102.5652819;-85.82281494140625;
2441474358.9755383;-85.813056945800781;
2441634615.3857946;-85.834526062011719;
2441794871.796051;-85.81890869140625;
2441955128.2063074;-85.813056945800781;
2442115384.6165643;-85.813056945800781;
2442275641.0268207;-85.834510803222656;
2442435897.437077;-85.828666687011719;
2442596153.8473334;-85.815010070800781;
2442756410.2575898;-85.81890869140625;
2442916666.6678462;-85.840377807617188;
2443076923.0781026;-85.82086181640625;
2443237179.488359;-85.815010070800781;
2443397435.8986154;-85.81890869140625;
2443557692.3088717;-85.816963195800781;
2443717948.7191281;-85.82086181640625;
2443878205.1293845;-85.822799682617188;
2444038461.5396409;-85.830612182617188;
2444198717.9498973;-85.815010070800781;
2444358974.3601537;-85.803314208984375;
2444519230.7704101;-85.809158325195313;
2444679487.1806664;-85.816963195800781;
2444839743.5909228;-85.809379577636719;
2445000000.0011792;-85.81890869140625;
2445160256.4114356;-85.82086181640625;
2445320512.8216925;-85.807205200195313;
2445480769.2319489;-85.822807312011719;
2445641025.6422052;-85.824760437011719;
2445801282.0524616;-85.783843994140625;
2445961538.462718;-85.762413024902344;
2446121794.8729744;-85.716102600097656;
2446282051.2832308;-85.706405639648438;
2446442307.6934872;-85.743141174316406;
2446602564.1037436;-85.714187622070313;
2446762820.5139999;-85.71417236328125;
2446923076.9242563;-85.714073181152344;
2447083333.3345127;-85.807212829589844;
2447243589.7447691;-85.824760437011719;
2447403846.1550255;-85.815010070800781;
2447564102.5652819;-85.81890869140625;
2447724358.9755383;-85.818901062011719;
2447884615.3857946;-85.721885681152344;
2448044871.796051;-85.702629089355469;
2448205128.2063074;-85.635490417480469;
2448365384.6165643;-85.648895263671875;
2448525641.0268207;-85.582046508789063;
2448685897.437077;-85.623992919921875;
2448846153.8473334;-85.731773376464844;
2449006410.2575898;-85.772140502929687;
2449166666.6678462;-85.81890869140625;
2449326923.0781026;-85.815010070800781;
2449487179.488359;-85.82281494140625;
2449647435.8986154;-85.448715209960938;
2449807692.3088717;-85.572280883789063;
2449967948.7191281;-85.750846862792969;
2450128205.1293845;-85.7935791015625;
2450288461.5396409;-85.81890869140625;
2450448717.9498973;-85.821510314941406;
2450608974.3601537;-85.773857116699219;
2450769230.7704101;-85.801231384277344;
2450929487.1806664;-83.920066833496094;
2451089743.5909228;-84.202919006347656;
2451250000.0011792;-85.398750305175781;
2451410256.4114356;-85.715957641601563;
2451570512.8216925;-85.82086181640625;
2451730769.2319489;-85.82086181640625;
2451891025.6422052;-85.813056945800781;
2452051282.0524616;-85.82086181640625;
2452211538.462718;-85.821510314941406;
2452371794.8729744;-85.852134704589844;
2452532051.2832308;-85.852142333984375;
2452692307.6934872;-85.840400695800781;
2452852564.1037436;-85.809127807617188;
2453012820.5139999;-85.737319946289063;
2453173076.9242563;-85.768257141113281;
2453333333.3345127;-85.82281494140625;
2453493589.7447691;-85.813056945800781;
2453653846.1550255;-85.822807312011719;
2453814102.5652819;-85.820854187011719;
2453974358.9755383;-85.791976928710937;
2454134615.3857946;-85.7547607421875;
2454294871.796051;-85.813056945800781;
2454455128.2063074;-85.848213195800781;
2454615384.6165643;-85.82086181640625;
2454775641.0268207;-85.768318176269531;
2454935897.437077;-85.772186279296875;
2455096153.8473334;-85.826713562011719;
2455256410.2575898;-85.81890869140625;
2455416666.6678462;-85.760505676269531;
2455576923.0781026;-85.770210266113281;
2455737179.488359;-85.82476806640625;
2455897435.8986154;-85.81304931640625;
2456057692.3088717;-85.849311828613281;
2456217948.7191281;-85.83258056640625;
2456378205.1293845;-85.748870849609375;
2456538461.5396409;-85.789665222167969;
2456698717.9498973;-85.816963195800781;
2456858974.3601537;-85.816963195800781;
2457019230.7704101;-85.842353820800781;
2457179487.1806664;-85.858009338378906;
2457339743.5909228;-85.818901062011719;
2457500000.0011792;-85.883522033691406;
2457660256.4114356;-85.840385437011719;
2457820512.8216925;-85.881546020507813;
2457980769.2319489;-85.905181884765625;
2458141025.6422052;-85.887451171875;
2458301282.0524616;-85.822807312011719;
2458461538.462718;-85.834518432617188;
2458621794.8729744;-85.87762451171875;
2458782051.2832308;-85.854095458984375;
2458942307.6934872;-85.873710632324219;
2459102564.1037436;-85.887458801269531;
2459262820.5139999;-85.891365051269531;
2459423076.9242563;-85.887466430664063;
2459583333.3345127;-85.899269104003906;
2459743589.7447691;-85.877586364746094;
2459903846.1550255;-85.87957763671875;
2460064102.5652819;-85.913063049316406;
2460224358.9755383;-85.906936645507813;
2460384615.3857946;-85.873680114746094;
2460544871.796051;-85.865837097167969;
2460705128.2063074;-85.911094665527344;
2460865384.6165643;-85.909126281738281;
2461025641.0268207;-85.893356323242187;
2461185897.437077;-85.9031982421875;
2461346153.8473334;-85.924911499023438;
2461506410.2575898;-85.909126281738281;
2461666666.6678462;-85.913063049316406;
2461826923.0781026;-85.905174255371094;
2461987179.488359;-85.911094665527344;
2462147435.8986154;-85.92095947265625;
2462307692.3088717;-85.899269104003906;
2462467948.7191281;-85.905181884765625;
2462628205.1293845;-85.910438537597656;
2462788461.5396409;-85.9150390625;
2462948717.9498973;-85.909126281738281;
2463108974.3601537;-85.918983459472656;
2463269230.7704101;-85.913063049316406;
2463429487.1806664;-85.905181884765625;
2463589743.5909228;-85.90911865234375;
2463750000.0011792;-85.909126281738281;
2463910256.4114356;-85.917015075683594;
2464070512.8216925;-85.917015075683594;
2464230769.2319489;-85.895332336425781;
2464391025.6422052;-85.897300720214844;
2464551282.0524616;-85.915023803710938;
2464711538.462718;-85.907150268554688;
2464871794.8729744;-85.917015075683594;
2465032051.2832308;-85.915695190429687;
2465192307.6934872;-85.913063049316406;
2465352564.1037436;-85.913063049316406;
2465512820.5139999;-85.913063049316406;
2465673076.9242563;-85.913063049316406;
2465833333.3345127;-85.903205871582031;
2465993589.7447691;-85.909126281738281;
2466153846.1550255;-85.885475158691406;
2466314102.5652819;-85.883529663085937;
2466474358.9755383;-85.918983459472656;
2466634615.3857946;-85.903205871582031;
2466794871.796051;-85.9150390625;
2466955128.2063074;-85.905174255371094;
2467115384.6165643;-85.911087036132812;
2467275641.0268207;-85.907150268554688;
2467435897.437077;-85.901237487792969;
2467596153.8473334;-85.903205871582031;
2467756410.2575898;-85.908683776855469;
2467916666.6678462;-85.913055419921875;
2468076923.0781026;-85.911094665527344;
2468237179.488359;-85.918983459472656;
2468397435.8986154;-85.924903869628906;
2468557692.3088717;-85.913063049316406;
2468717948.7191281;-85.9150390625;
2468878205.1293845;-85.9150390625;
2469038461.5396409;-85.907150268554688;
2469198717.9498973;-85.911094665527344;
2469358974.3601537;-85.909126281738281;
2469519230.7704101;-85.922935485839844;
2469679487.1806664;-85.905174255371094;
2469839743.5909228;-85.9150390625;
2470000000.0011792;-85.88153076171875;
2470160256.4114356;-85.879585266113281;
2470320512.8216925;-85.875679016113281;
2470480769.2319489;-85.905174255371094;
2470641025.6422052;-85.8658447265625;
2470801282.0524616;-85.901229858398438;
2470961538.462718;-85.907150268554688;
2471121794.8729744;-85.9139404296875;
2471282051.2832308;-85.913063049316406;
2471442307.6934872;-85.9012451171875;
2471602564.1037436;-85.907150268554688;
2471762820.5139999;-85.907150268554688;
2471923076.9242563;-85.899261474609375;
2472083333.3345127;-85.885482788085938;
2472243589.7447691;-85.852104187011719;
2472403846.1550255;-85.846267700195313;
2472564102.5652819;-85.887458801269531;
2472724358.9755383;-85.9031982421875;
2472884615.3857946;-85.84039306640625;
2473044871.796051;-85.85211181640625;
2473205128.2063074;-85.89532470703125;
2473365384.6165643;-85.879554748535156;
2473525641.0268207;-85.844291687011719;
2473685897.437077;-85.834526062011719;
2473846153.8473334;-85.861923217773438;
2474006410.2575898;-85.856056213378906;
2474166666.6678462;-85.891387939453125;
2474326923.0781026;-85.893363952636719;
2474487179.488359;-85.859977722167969;
2474647435.8986154;-85.846260070800781;
2474807692.3088717;-85.869781494140625;
2474967948.7191281;-85.894676208496094;
2475128205.1293845;-85.909126281738281;
2475288461.5396409;-85.907150268554688;
2475448717.9498973;-85.909126281738281;
2475608974.3601537;-85.87762451171875;
2475769230.7704101;-85.895332336425781;
2475929487.1806664;-85.893356323242187;
2476089743.5909228;-85.891403198242188;
2476250000.0011792;-85.889434814453125;
2476410256.4114356;-85.889434814453125;
2476570512.8216925;-85.859962463378906;
2476730769.2319489;-85.854080200195313;
2476891025.6422052;-85.854080200195313;
2477051282.0524616;-85.822799682617188;
2477211538.462718;-85.82086181640625;
2477371794.8729744;-85.82281494140625;
2477532051.2832308;-85.807212829589844;
2477692307.6934872;-85.7955322265625;
2477852564.1037436;-85.813056945800781;
2478012820.5139999;-85.81890869140625;
2478173076.9242563;-85.82476806640625;
2478333333.3345127;-85.82281494140625;
2478493589.7447691;-85.82281494140625;
2478653846.1550255;-85.816963195800781;
2478814102.5652819;-85.82476806640625;
2478974358.9755383;-85.834518432617188;
2479134615.3857946;-85.885498046875;
2479294871.796051;-85.901237487792969;
2479455128.2063074;-85.89532470703125;
2479615384.6165643;-85.905181884765625;
2479775641.0268207;-85.905181884765625;
2479935897.437077;-85.908683776855469;
2480096153.8473334;-85.911094665527344;
2480256410.2575898;-85.9150390625;
2480416666.6678462;-85.897300720214844;
2480576923.0781026;-85.917007446289062;
2480737179.488359;-85.918983459472656;
2480897435.8986154;-85.911094665527344;
2481057692.3088717;-85.909126281738281;
2481217948.7191281;-85.924888610839844;
2481378205.1293845;-85.913063049316406;
2481538461.5396409;-85.90911865234375;
2481698717.9498973;-85.92095947265625;
2481858974.3601537;-85.918983459472656;
2482019230.7704101;-85.936759948730469;
2482179487.1806664;-85.917007446289062;
2482339743.5909228;-85.905174255371094;
2482500000.0011792;-85.917007446289062;
2482660256.4114356;-85.916999816894531;
2482820512.8216925;-85.92095947265625;
2482980769.2319489;-85.938735961914063;
2483141025.6422052;-85.911094665527344;
2483301282.0524616;-85.911094665527344;
2483461538.462718;-85.901229858398438;
2483621794.8729744;-85.909126281738281;
2483782051.2832308;-85.907150268554688;
2483942307.6934872;-85.905181884765625;
2484102564.1037436;-85.918983459472656;
2484262820.5139999;-85.913063049316406;
