Type;ESU;
Version;4.43;
Date;03.Jun 16;
Mode;ANALYZER;
Center Freq;2434262820.514000;Hz
Freq Offset;0.000000;Hz
Span;100000000.000000;Hz
x-Axis;LIN;
Start;2384262820.514000;Hz
Stop;2484262820.514000;Hz
Ref Level;-9.000000;dBm
Level Offset;0.000000;dB
Ref Position;100.000000;%
y-Axis;LOG;
Level Range;100.000000;dB
Rf Att;5.000000;dB
RBW;2000000.000000;Hz
VBW;50.000000;Hz
SWT;2.500000;s
Trace Mode;CLR/WRITE;
Detector;RMS;
Sweep Count;0;
Trace 1:;;
x-Unit;Hz;
y-Unit;dBm;
Values;625;
2384262820.5139999;-85.713836669921875;
2384423076.9242563;-85.707763671875;
2384583333.3345127;-85.687248229980469;
2384743589.7447691;-85.682113647460937;
2384903846.1550255;-85.708404541015625;
2385064102.5652819;-85.700706481933594;
2385224358.9755383;-85.719970703125;
2385384615.3857946;-85.725761413574219;
2385544871.796051;-85.710334777832031;
2385705128.2063074;-85.702629089355469;
2385865384.6165643;-85.685317993164063;
2386025641.0268207;-85.710334777832031;
2386185897.437077;-85.656539916992188;
2386346153.8473334;-85.683372497558594;
2386506410.2575898;-85.671844482421875;
2386666666.6678462;-85.677635192871094;
2386826923.0781026;-85.645057678222656;
2386987179.488359;-85.637413024902344;
2387147435.8986154;-85.63360595703125;
2387307692.3088717;-85.62786865234375;
2387467948.7191281;-85.673782348632813;
2387628205.1293845;-85.70648193359375;
2387788461.5396409;-85.718032836914063;
2387948717.9498973;-85.698776245117188;
2388108974.3601537;-85.696846008300781;
2388269230.7704101;-85.696853637695313;
2388429487.1806664;-85.712249755859375;
2388589743.5909228;-85.700706481933594;
2388750000.0011792;-85.710334777832031;
2388910256.4114356;-85.667984008789063;
2389070512.8216925;-85.71417236328125;
2389230769.2319489;-85.650802612304688;
2389391025.6422052;-85.677635192871094;
2389551282.0524616;-85.65655517578125;
2389711538.462718;-85.629776000976563;
2389871794.8729744;-85.608802795410156;
2390032051.2832308;-85.620246887207031;
2390192307.6934872;-85.656547546386719;
2390352564.1037436;-85.643157958984375;
2390512820.5139999;-85.664215087890625;
2390673076.9242563;-85.662277221679688;
2390833333.3345127;-85.639335632324219;
2390993589.7447691;-85.643150329589844;
2391153846.1550255;-85.693008422851562;
2391314102.5652819;-85.622146606445313;
2391474358.9755383;-85.624031066894531;
2391634615.3857946;-85.629776000976563;
2391794871.796051;-85.625900268554688;
2391955128.2063074;-85.612586975097656;
2392115384.6165643;-85.641204833984375;
2392275641.0268207;-85.631690979003906;
2392435897.437077;-85.627845764160156;
2392596153.8473334;-85.614517211914062;
2392756410.2575898;-85.5897216796875;
2392916666.6678462;-85.6202392578125;
2393076923.0781026;-85.561111450195313;
2393237179.488359;-85.599258422851562;
2393397435.8986154;-85.527137756347656;
2393557692.3088717;-85.599258422851562;
2393717948.7191281;-85.444564819335937;
2393878205.1293845;-85.519081115722656;
2394038461.5396409;-85.510177612304688;
2394198717.9498973;-85.449661254882813;
2394358974.3601537;-85.532745361328125;
2394519230.7704101;-85.445755004882813;
2394679487.1806664;-85.549964904785156;
2394839743.5909228;-85.386314392089844;
2395000000.0011792;-85.568840026855469;
2395160256.4114356;-85.316009521484375;
2395320512.8216925;-85.49652099609375;
2395480769.2319489;-85.404800415039063;
2395641025.6422052;-85.48291015625;
2395801282.0524616;-85.427490234375;
2395961538.462718;-85.419410705566406;
2396121794.8729744;-85.461158752441406;
2396282051.2832308;-85.441871643066406;
2396442307.6934872;-85.532707214355469;
2396602564.1037436;-85.470314025878906;
2396762820.5139999;-85.565025329589844;
2396923076.9242563;-85.489387512207031;
2397083333.3345127;-85.531074523925781;
2397243589.7447691;-85.483840942382812;
2397403846.1550255;-85.587821960449219;
2397564102.5652819;-85.525344848632812;
2397724358.9755383;-85.599235534667969;
2397884615.3857946;-85.554298400878906;
2398044871.796051;-85.544868469238281;
2398205128.2063074;-85.541336059570313;
2398365384.6165643;-85.570144653320313;
2398525641.0268207;-85.606346130371094;
2398685897.437077;-85.616424560546875;
2398846153.8473334;-85.610710144042969;
2399006410.2575898;-85.591636657714844;
2399166666.6678462;-85.660369873046875;
2399326923.0781026;-85.616424560546875;
2399487179.488359;-85.610710144042969;
2399647435.8986154;-85.595474243164063;
2399807692.3088717;-85.591644287109375;
2399967948.7191281;-85.608795166015625;
2400128205.1293845;-85.599266052246094;
2400288461.5396409;-85.570808410644531;
2400448717.9498973;-85.593559265136719;
2400608974.3601537;-85.614524841308594;
2400769230.7704101;-85.618339538574219;
2400929487.1806664;-85.629776000976563;
2401089743.5909228;-85.582183837890625;
2401250000.0011792;-85.593574523925781;
2401410256.4114356;-85.618331909179687;
2401570512.8216925;-85.624031066894531;
2401730769.2319489;-85.614517211914062;
2401891025.6422052;-85.614524841308594;
2402051282.0524616;-85.60498046875;
2402211538.462718;-85.614517211914062;
2402371794.8729744;-85.624046325683594;
2402532051.2832308;-85.612617492675781;
2402692307.6934872;-85.618339538574219;
2402852564.1037436;-85.610710144042969;
2403012820.5139999;-85.6107177734375;
2403173076.9242563;-85.593574523925781;
2403333333.3345127;-85.618339538574219;
2403493589.7447691;-85.614517211914062;
2403653846.1550255;-85.627876281738281;
2403814102.5652819;-85.622154235839844;
2403974358.9755383;-85.624053955078125;
2404134615.3857946;-85.641242980957031;
2404294871.796051;-85.620223999023437;
2404455128.2063074;-85.622146606445313;
2404615384.6165643;-85.631690979003906;
2404775641.0268207;-85.612617492675781;
2404935897.437077;-85.618339538574219;
2405096153.8473334;-85.622146606445313;
2405256410.2575898;-85.620246887207031;
2405416666.6678462;-85.633590698242188;
2405576923.0781026;-85.618324279785156;
2405737179.488359;-85.616432189941406;
2405897435.8986154;-85.631690979003906;
2406057692.3088717;-85.622154235839844;
2406217948.7191281;-85.589759826660156;
2406378205.1293845;-85.618331909179687;
2406538461.5396409;-85.612617492675781;
2406698717.9498973;-85.601173400878906;
2406858974.3601537;-85.629745483398438;
2407019230.7704101;-85.631683349609375;
2407179487.1806664;-85.625961303710938;
2407339743.5909228;-85.614509582519531;
2407500000.0011792;-85.662284851074219;
2407660256.4114356;-85.679557800292969;
2407820512.8216925;-85.669960021972656;
2407980769.2319489;-85.618331909179687;
2408141025.6422052;-85.650794982910156;
2408301282.0524616;-85.631683349609375;
2408461538.462718;-85.644622802734375;
2408621794.8729744;-85.618339538574219;
2408782051.2832308;-85.608535766601563;
2408942307.6934872;-85.627662658691406;
2409102564.1037436;-85.608802795410156;
2409262820.5139999;-85.61724853515625;
2409423076.9242563;-85.607315063476563;
2409583333.3345127;-85.645011901855469;
2409743589.7447691;-85.64776611328125;
2409903846.1550255;-85.614097595214844;
2410064102.5652819;-85.546195983886719;
2410224358.9755383;-85.595466613769531;
2410384615.3857946;-85.639328002929688;
2410544871.796051;-85.662300109863281;
2410705128.2063074;-85.689132690429688;
2410865384.6165643;-85.646957397460938;
2411025641.0268207;-85.63360595703125;
2411185897.437077;-85.606887817382812;
2411346153.8473334;-85.63360595703125;
2411506410.2575898;-85.625968933105469;
2411666666.6678462;-85.601173400878906;
2411826923.0781026;-85.631690979003906;
2411987179.488359;-85.624053955078125;
2412147435.8986154;-85.637428283691406;
2412307692.3088717;-85.637413024902344;
2412467948.7191281;-85.624061584472656;
2412628205.1293845;-85.631690979003906;
2412788461.5396409;-85.64886474609375;
2412948717.9498973;-85.694923400878906;
2413108974.3601537;-85.658447265625;
2413269230.7704101;-85.669914245605469;
2413429487.1806664;-85.700698852539063;
2413589743.5909228;-85.680656433105469;
2413750000.0011792;-85.631690979003906;
2413910256.4114356;-85.624061584472656;
2414070512.8216925;-85.624046325683594;
2414230769.2319489;-85.645065307617188;
2414391025.6422052;-85.629783630371094;
2414551282.0524616;-85.669960021972656;
2414711538.462718;-85.646949768066406;
2414871794.8729744;-85.63360595703125;
2415032051.2832308;-85.62786865234375;
2415192307.6934872;-85.624061584472656;
2415352564.1037436;-85.635513305664063;
2415512820.5139999;-85.6412353515625;
2415673076.9242563;-85.625946044921875;
2415833333.3345127;-85.635505676269531;
2415993589.7447691;-85.628135681152344;
2416153846.1550255;-85.620208740234375;
2416314102.5652819;-85.648887634277344;
2416474358.9755383;-85.70648193359375;
2416634615.3857946;-85.700698852539063;
2416794871.796051;-85.668045043945313;
2416955128.2063074;-85.710334777832031;
2417115384.6165643;-85.654617309570313;
2417275641.0268207;-85.633598327636719;
2417435897.437077;-85.650810241699219;
2417596153.8473334;-85.624053955078125;
2417756410.2575898;-85.675712585449219;
2417916666.6678462;-85.654640197753906;
2418076923.0781026;-85.625968933105469;
2418237179.488359;-85.671875;
2418397435.8986154;-85.659950256347656;
2418557692.3088717;-85.654365539550781;
2418717948.7191281;-85.671875;
2418878205.1293845;-85.654624938964844;
2419038461.5396409;-85.637397766113281;
2419198717.9498973;-85.685325622558594;
2419358974.3601537;-85.675704956054688;
2419519230.7704101;-85.650802612304688;
2419679487.1806664;-85.658462524414062;
2419839743.5909228;-85.631690979003906;
2420000000.0011792;-85.671867370605469;
2420160256.4114356;-85.693000793457031;
2420320512.8216925;-85.698776245117188;
2420480769.2319489;-85.70703125;
2420641025.6422052;-85.671829223632812;
2420801282.0524616;-85.646980285644531;
2420961538.462718;-85.639335632324219;
2421121794.8729744;-85.669944763183594;
2421282051.2832308;-85.671875;
2421442307.6934872;-85.631683349609375;
2421602564.1037436;-85.639335632324219;
2421762820.5139999;-85.629776000976563;
2421923076.9242563;-85.606887817382812;
2422083333.3345127;-85.6202392578125;
2422243589.7447691;-85.624053955078125;
2422403846.1550255;-85.624061584472656;
2422564102.5652819;-85.634681701660156;
2422724358.9755383;-85.646965026855469;
2422884615.3857946;-85.635505676269531;
2423044871.796051;-85.664192199707031;
2423205128.2063074;-85.62786865234375;
2423365384.6165643;-85.637420654296875;
2423525641.0268207;-85.675712585449219;
2423685897.437077;-85.696861267089844;
2423846153.8473334;-85.708404541015625;
2424006410.2575898;-85.683387756347656;
2424166666.6678462;-85.643135070800781;
2424326923.0781026;-85.696830749511719;
2424487179.488359;-85.694931030273438;
2424647435.8986154;-85.691070556640625;
2424807692.3088717;-85.645034790039063;
2424967948.7191281;-85.635505676269531;
2425128205.1293845;-85.641242980957031;
2425288461.5396409;-85.650726318359375;
2425448717.9498973;-85.702629089355469;
2425608974.3601537;-85.721893310546875;
2425769230.7704101;-85.712257385253906;
2425929487.1806664;-85.700706481933594;
2426089743.5909228;-85.691085815429687;
2426250000.0011792;-85.716110229492188;
2426410256.4114356;-85.721893310546875;
2426570512.8216925;-85.70648193359375;
2426730769.2319489;-85.691070556640625;
2426891025.6422052;-85.70648193359375;
2427051282.0524616;-85.639251708984375;
2427211538.462718;-85.629783630371094;
2427371794.8729744;-85.483589172363281;
2427532051.2832308;-85.551841735839844;
2427692307.6934872;-84.96923828125;
2427852564.1037436;-85.288528442382812;
2428012820.5139999;-84.303970336914062;
2428173076.9242563;-84.485267639160156;
2428333333.3345127;-83.26025390625;
2428493589.7447691;-83.055931091308594;
2428653846.1550255;-81.012039184570313;
2428814102.5652819;-80.255340576171875;
2428974358.9755383;-78.818580627441406;
2429134615.3857946;-76.287437438964844;
2429294871.796051;-74.929145812988281;
2429455128.2063074;-72.067611694335938;
2429615384.6165643;-71.577682495117187;
2429775641.0268207;-69.273895263671875;
2429935897.437077;-68.070236206054687;
2430096153.8473334;-64.643310546875;
2430256410.2575898;-64.587547302246094;
2430416666.6678462;-61.350830078125;
2430576923.0781026;-61.248130798339844;
2430737179.488359;-58.147048950195313;
2430897435.8986154;-56.931411743164062;
2431057692.3088717;-55.226551055908203;
2431217948.7191281;-53.852226257324219;
2431378205.1293845;-52.650985717773438;
2431538461.5396409;-50.531867980957031;
2431698717.9498973;-49.187480926513672;
2431858974.3601537;-47.446681976318359;
2432019230.7704101;-46.598613739013672;
2432179487.1806664;-44.955501556396484;
2432339743.5909228;-43.810405731201172;
2432500000.0011792;-42.10784912109375;
2432660256.4114356;-40.923294067382813;
2432820512.8216925;-40.090366363525391;
2432980769.2319489;-39.000167846679688;
2433141025.6422052;-38.014537811279297;
2433301282.0524616;-37.196849822998047;
2433461538.462718;-36.646564483642578;
2433621794.8729744;-36.254226684570312;
2433782051.2832308;-35.844161987304688;
2433942307.6934872;-35.606796264648438;
2434102564.1037436;-35.555427551269531;
2434262820.5139999;-35.710830688476562;
2434423076.9242563;-36.058422088623047;
2434583333.3345127;-36.321804046630859;
2434743589.7447691;-37.069076538085938;
2434903846.1550255;-37.957305908203125;
2435064102.5652819;-38.677959442138672;
2435224358.9755383;-39.547222137451172;
2435384615.3857946;-40.448101043701172;
2435544871.796051;-41.784431457519531;
2435705128.2063074;-43.244529724121094;
2435865384.6165643;-43.989940643310547;
2436025641.0268207;-45.451057434082031;
2436185897.437077;-46.124252319335938;
2436346153.8473334;-48.226085662841797;
2436506410.2575898;-49.432018280029297;
2436666666.6678462;-50.67816162109375;
2436826923.0781026;-51.732749938964844;
2436987179.488359;-52.922080993652344;
2437147435.8986154;-54.739112854003906;
2437307692.3088717;-56.142925262451172;
2437467948.7191281;-57.391086578369141;
2437628205.1293845;-58.445960998535156;
2437788461.5396409;-59.818492889404297;
2437948717.9498973;-61.375461578369141;
2438108974.3601537;-63.117279052734375;
2438269230.7704101;-63.966094970703125;
2438429487.1806664;-65.533615112304688;
2438589743.5909228;-66.522254943847656;
2438750000.0011792;-68.403968811035156;
2438910256.4114356;-69.923820495605469;
2439070512.8216925;-71.073585510253906;
2439230769.2319489;-72.438629150390625;
2439391025.6422052;-73.579513549804687;
2439551282.0524616;-75.672317504882813;
2439711538.462718;-77.567108154296875;
2439871794.8729744;-78.811027526855469;
2440032051.2832308;-80.034210205078125;
2440192307.6934872;-81.398208618164062;
2440352564.1037436;-82.863296508789063;
2440512820.5139999;-84.021591186523438;
2440673076.9242563;-84.411773681640625;
2440833333.3345127;-84.853561401367188;
2440993589.7447691;-85.164352416992188;
2441153846.1550255;-85.472442626953125;
2441314102.5652819;-85.597373962402344;
2441474358.9755383;-85.585952758789063;
2441634615.3857946;-85.658355712890625;
2441794871.796051;-85.729621887207031;
2441955128.2063074;-85.758613586425781;
2442115384.6165643;-85.795524597167969;
2442275641.0268207;-85.824752807617188;
2442435897.437077;-85.81109619140625;
2442596153.8473334;-85.797462463378906;
2442756410.2575898;-85.815010070800781;
2442916666.6678462;-85.803291320800781;
2443076923.0781026;-85.801368713378906;
2443237179.488359;-85.837860107421875;
2443397435.8986154;-85.840370178222656;
2443557692.3088717;-85.815010070800781;
2443717948.7191281;-85.774147033691406;
2443878205.1293845;-85.801361083984375;
2444038461.5396409;-85.81890869140625;
2444198717.9498973;-85.82281494140625;
2444358974.3601537;-85.82086181640625;
2444519230.7704101;-85.81890869140625;
2444679487.1806664;-85.803314208984375;
2444839743.5909228;-85.805267333984375;
2445000000.0011792;-85.791618347167969;
2445160256.4114356;-85.781890869140625;
2445320512.8216925;-85.787734985351563;
2445480769.2319489;-85.781913757324219;
2445641025.6422052;-85.805252075195313;
2445801282.0524616;-85.814956665039062;
2445961538.462718;-85.735420227050781;
2446121794.8729744;-85.716117858886719;
2446282051.2832308;-85.608757019042969;
2446442307.6934872;-85.608795166015625;
2446602564.1037436;-85.563194274902344;
2446762820.5139999;-85.6162109375;
2446923076.9242563;-85.712257385253906;
2447083333.3345127;-85.748954772949219;
2447243589.7447691;-85.760566711425781;
2447403846.1550255;-85.772209167480469;
2447564102.5652819;-85.80718994140625;
2447724358.9755383;-85.81890869140625;
2447884615.3857946;-85.824760437011719;
2448044871.796051;-85.805244445800781;
2448205128.2063074;-85.803314208984375;
2448365384.6165643;-85.805259704589844;
2448525641.0268207;-85.809158325195313;
2448685897.437077;-85.816307067871094;
2448846153.8473334;-85.816947937011719;
2449006410.2575898;-85.809158325195313;
2449166666.6678462;-85.811103820800781;
2449326923.0781026;-85.826713562011719;
2449487179.488359;-85.81890869140625;
2449647435.8986154;-85.82281494140625;
2449807692.3088717;-85.82476806640625;
2449967948.7191281;-85.797447204589844;
2450128205.1293845;-85.795494079589844;
2450288461.5396409;-85.82281494140625;
2450448717.9498973;-85.82672119140625;
2450608974.3601537;-85.816947937011719;
2450769230.7704101;-85.485466003417969;
2450929487.1806664;-85.587867736816406;
2451089743.5909228;-85.671844482421875;
2451250000.0011792;-85.737213134765625;
2451410256.4114356;-85.81500244140625;
2451570512.8216925;-85.832557678222656;
2451730769.2319489;-85.799407958984375;
2451891025.6422052;-85.816947937011719;
2452051282.0524616;-85.799407958984375;
2452211538.462718;-85.822807312011719;
2452371794.8729744;-85.789688110351562;
2452532051.2832308;-85.832527160644531;
2452692307.6934872;-85.863876342773438;
2452852564.1037436;-85.824760437011719;
2453012820.5139999;-85.787734985351563;
2453173076.9242563;-85.82275390625;
2453333333.3345127;-85.826713562011719;
2453493589.7447691;-85.81500244140625;
2453653846.1550255;-85.778022766113281;
2453814102.5652819;-85.778030395507813;
2453974358.9755383;-85.81500244140625;
2454134615.3857946;-85.816947937011719;
2454294871.796051;-85.822792053222656;
2454455128.2063074;-85.7955322265625;
2454615384.6165643;-85.815567016601563;
2454775641.0268207;-85.690971374511719;
2454935897.437077;-85.618133544921875;
2455096153.8473334;-85.747001647949219;
2455256410.2575898;-85.799415588378906;
2455416666.6678462;-85.820854187011719;
2455576923.0781026;-85.813056945800781;
2455737179.488359;-85.738700866699219;
2455897435.8986154;-85.583824157714844;
2456057692.3088717;-85.756660461425781;
2456217948.7191281;-85.815010070800781;
2456378205.1293845;-85.803306579589844;
2456538461.5396409;-85.650382995605469;
2456698717.9498973;-85.725631713867188;
2456858974.3601537;-85.818878173828125;
2457019230.7704101;-85.832557678222656;
2457179487.1806664;-85.834510803222656;
2457339743.5909228;-85.84039306640625;
2457500000.0011792;-85.834526062011719;
2457660256.4114356;-85.832572937011719;
2457820512.8216925;-85.828659057617188;
2457980769.2319489;-85.824760437011719;
2458141025.6422052;-85.832557678222656;
2458301282.0524616;-85.81695556640625;
2458461538.462718;-85.830619812011719;
2458621794.8729744;-85.871734619140625;
2458782051.2832308;-85.871734619140625;
2458942307.6934872;-85.81890869140625;
2459102564.1037436;-85.834526062011719;
2459262820.5139999;-85.811103820800781;
2459423076.9242563;-85.834518432617188;
2459583333.3345127;-85.787742614746094;
2459743589.7447691;-85.834526062011719;
2459903846.1550255;-85.836479187011719;
2460064102.5652819;-85.83843994140625;
2460224358.9755383;-85.84625244140625;
2460384615.3857946;-85.846260070800781;
2460544871.796051;-85.83258056640625;
2460705128.2063074;-85.813041687011719;
2460865384.6165643;-85.828659057617188;
2461025641.0268207;-85.828643798828125;
2461185897.437077;-85.854095458984375;
2461346153.8473334;-85.865859985351563;
2461506410.2575898;-85.895294189453125;
2461666666.6678462;-85.856048583984375;
2461826923.0781026;-85.8638916015625;
2461987179.488359;-85.83648681640625;
2462147435.8986154;-85.822799682617188;
2462307692.3088717;-85.83258056640625;
2462467948.7191281;-85.828659057617188;
2462628205.1293845;-85.875679016113281;
2462788461.5396409;-85.859970092773437;
2462948717.9498973;-85.885482788085938;
2463108974.3601537;-85.852134704589844;
2463269230.7704101;-85.852134704589844;
2463429487.1806664;-85.830612182617188;
2463589743.5909228;-85.85406494140625;
2463750000.0011792;-85.84429931640625;
2463910256.4114356;-85.881538391113281;
2464070512.8216925;-85.871734619140625;
2464230769.2319489;-85.905174255371094;
2464391025.6422052;-85.920951843261719;
2464551282.0524616;-85.836456298828125;
2464711538.462718;-85.846260070800781;
2464871794.8729744;-85.9031982421875;
2465032051.2832308;-85.903205871582031;
2465192307.6934872;-85.826576232910156;
2465352564.1037436;-85.654571533203125;
2465512820.5139999;-85.622047424316406;
2465673076.9242563;-85.721893310546875;
2465833333.3345127;-85.689155578613281;
2465993589.7447691;-85.604957580566406;
2466153846.1550255;-85.738990783691406;
2466314102.5652819;-85.826713562011719;
2466474358.9755383;-85.83453369140625;
2466634615.3857946;-85.814994812011719;
2466794871.796051;-85.824752807617188;
2466955128.2063074;-85.859939575195313;
2467115384.6165643;-85.836433410644531;
2467275641.0268207;-85.869720458984375;
2467435897.437077;-85.867820739746094;
2467596153.8473334;-85.826652526855469;
2467756410.2575898;-85.863899230957031;
2467916666.6678462;-85.795425415039063;
2468076923.0781026;-85.887428283691406;
2468237179.488359;-85.822715759277344;
2468397435.8986154;-85.893348693847656;
2468557692.3088717;-85.814994812011719;
2468717948.7191281;-85.846199035644531;
2468878205.1293845;-85.793510437011719;
2469038461.5396409;-85.840164184570313;
2469198717.9498973;-85.791580200195313;
2469358974.3601537;-85.750503540039063;
2469519230.7704101;-85.807121276855469;
2469679487.1806664;-85.787528991699219;
2469839743.5909228;-85.83843994140625;
2470000000.0011792;-85.735183715820313;
2470160256.4114356;-85.830612182617188;
2470320512.8216925;-85.704414367675781;
2470480769.2319489;-85.797416687011719;
2470641025.6422052;-85.706298828125;
2470801282.0524616;-85.791275024414063;
2470961538.462718;-85.737197875976563;
2471121794.8729744;-85.730987548828125;
2471282051.2832308;-85.752609252929688;
2471442307.6934872;-85.713882446289062;
2471602564.1037436;-85.797721862792969;
2471762820.5139999;-85.755714416503906;
2471923076.9242563;-85.826698303222656;
2472083333.3345127;-85.768211364746094;
2472243589.7447691;-85.82086181640625;
2472403846.1550255;-85.756637573242188;
2472564102.5652819;-85.797462463378906;
2472724358.9755383;-85.822769165039063;
2472884615.3857946;-85.859970092773437;
2473044871.796051;-85.820854187011719;
2473205128.2063074;-85.81500244140625;
2473365384.6165643;-85.883499145507813;
2473525641.0268207;-85.905181884765625;
2473685897.437077;-85.889427185058594;
2473846153.8473334;-85.909126281738281;
2474006410.2575898;-85.92095947265625;
2474166666.6678462;-85.92095947265625;
2474326923.0781026;-85.881546020507813;
2474487179.488359;-85.87762451171875;
2474647435.8986154;-85.915023803710938;
2474807692.3088717;-85.909126281738281;
2474967948.7191281;-85.907142639160156;
2475128205.1293845;-85.901229858398438;
2475288461.5396409;-85.867820739746094;
2475448717.9498973;-85.850181579589844;
2475608974.3601537;-85.82470703125;
2475769230.7704101;-85.840385437011719;
2475929487.1806664;-85.842330932617187;
2476089743.5909228;-85.854087829589844;
2476250000.0011792;-85.84820556640625;
2476410256.4114356;-85.850173950195313;
2476570512.8216925;-85.867820739746094;
2476730769.2319489;-85.85211181640625;
2476891025.6422052;-85.907150268554688;
2477051282.0524616;-85.863853454589844;
2477211538.462718;-85.848220825195313;
2477371794.8729744;-85.858024597167969;
2477532051.2832308;-85.830619812011719;
2477692307.6934872;-85.834526062011719;
2477852564.1037436;-85.826713562011719;
2478012820.5139999;-85.842353820800781;
2478173076.9242563;-85.840614318847656;
2478333333.3345127;-85.833412170410156;
2478493589.7447691;-85.840385437011719;
2478653846.1550255;-85.897300720214844;
2478814102.5652819;-85.913063049316406;
2478974358.9755383;-85.913063049316406;
2479134615.3857946;-85.90911865234375;
2479294871.796051;-85.871742248535156;
2479455128.2063074;-85.869781494140625;
2479615384.6165643;-85.844276428222656;
2479775641.0268207;-85.8756103515625;
2479935897.437077;-85.907150268554688;
2480096153.8473334;-85.877632141113281;
2480256410.2575898;-85.865852355957031;
2480416666.6678462;-85.901237487792969;
2480576923.0781026;-85.897300720214844;
2480737179.488359;-85.883514404296875;
2480897435.8986154;-85.91107177734375;
2481057692.3088717;-85.905174255371094;
2481217948.7191281;-85.92095947265625;
2481378205.1293845;-85.909111022949219;
2481538461.5396409;-85.879585266113281;
2481698717.9498973;-85.82867431640625;
2481858974.3601537;-85.9189453125;
2482019230.7704101;-85.911079406738281;
2482179487.1806664;-85.891395568847656;
2482339743.5909228;-85.929985046386719;
2482500000.0011792;-85.909126281738281;
2482660256.4114356;-85.899261474609375;
2482820512.8216925;-85.8658447265625;
2482980769.2319489;-85.909126281738281;
2483141025.6422052;-85.903175354003906;
2483301282.0524616;-85.911094665527344;
2483461538.462718;-85.942695617675781;
2483621794.8729744;-85.922935485839844;
2483782051.2832308;-85.89532470703125;
2483942307.6934872;-85.917007446289062;
2484102564.1037436;-85.920951843261719;
2484262820.5139999;-85.922927856445312;
