Type;ESU;
Version;4.43;
Date;03.Jun 16;
Mode;ANALYZER;
Center Freq;2434262820.514000;Hz
Freq Offset;0.000000;Hz
Span;100000000.000000;Hz
x-Axis;LIN;
Start;2384262820.514000;Hz
Stop;2484262820.514000;Hz
Ref Level;-9.000000;dBm
Level Offset;0.000000;dB
Ref Position;100.000000;%
y-Axis;LOG;
Level Range;100.000000;dB
Rf Att;5.000000;dB
RBW;2000000.000000;Hz
VBW;50.000000;Hz
SWT;2.500000;s
Trace Mode;CLR/WRITE;
Detector;RMS;
Sweep Count;0;
Trace 1:;;
x-Unit;Hz;
y-Unit;dBm;
Values;625;
2384262820.5139999;-85.718040466308594;
2384423076.9242563;-85.704551696777344;
2384583333.3345127;-85.721893310546875;
2384743589.7447691;-85.706451416015625;
2384903846.1550255;-85.719970703125;
2385064102.5652819;-85.719955444335938;
2385224358.9755383;-85.710334777832031;
2385384615.3857946;-85.704338073730469;
2385544871.796051;-85.7445068359375;
2385705128.2063074;-85.708396911621094;
2385865384.6165643;-85.70947265625;
2386025641.0268207;-85.715835571289063;
2386185897.437077;-85.712898254394531;
2386346153.8473334;-85.704811096191406;
2386506410.2575898;-85.706047058105469;
2386666666.6678462;-85.710334777832031;
2386826923.0781026;-85.709220886230469;
2386987179.488359;-85.704330444335937;
2387147435.8986154;-85.698768615722656;
2387307692.3088717;-85.702621459960937;
2387467948.7191281;-85.712265014648437;
2387628205.1293845;-85.718032836914063;
2387788461.5396409;-85.698715209960937;
2387948717.9498973;-85.656547546386719;
2388108974.3601537;-85.669914245605469;
2388269230.7704101;-85.719970703125;
2388429487.1806664;-85.708396911621094;
2388589743.5909228;-85.681434631347656;
2388750000.0011792;-85.721893310546875;
2388910256.4114356;-85.719970703125;
2389070512.8216925;-85.667991638183594;
2389230769.2319489;-85.683387756347656;
2389391025.6422052;-85.660324096679688;
2389551282.0524616;-85.687217712402344;
2389711538.462718;-85.681449890136719;
2389871794.8729744;-85.681472778320312;
2390032051.2832308;-85.652549743652344;
2390192307.6934872;-85.637382507324219;
2390352564.1037436;-85.644996643066406;
2390512820.5139999;-85.625961303710938;
2390673076.9242563;-85.601036071777344;
2390833333.3345127;-85.616363525390625;
2390993589.7447691;-85.6083984375;
2391153846.1550255;-85.584037780761719;
2391314102.5652819;-85.5546875;
2391474358.9755383;-85.511848449707031;
2391634615.3857946;-85.498077392578125;
2391794871.796051;-85.540412902832031;
2391955128.2063074;-85.451431274414063;
2392115384.6165643;-85.595344543457031;
2392275641.0268207;-85.346405029296875;
2392435897.437077;-85.51007080078125;
2392596153.8473334;-85.278831481933594;
2392756410.2575898;-85.44244384765625;
2392916666.6678462;-85.182975769042969;
2393076923.0781026;-85.485702514648438;
2393237179.488359;-85.099784851074219;
2393397435.8986154;-85.445976257324219;
2393557692.3088717;-85.088127136230469;
2393717948.7191281;-85.404991149902344;
2393878205.1293845;-85.054313659667969;
2394038461.5396409;-85.451797485351562;
2394198717.9498973;-85.172645568847656;
2394358974.3601537;-85.303016662597656;
2394519230.7704101;-85.250617980957031;
2394679487.1806664;-85.453826904296875;
2394839743.5909228;-85.280181884765625;
2395000000.0011792;-85.444351196289063;
2395160256.4114356;-85.3297119140625;
2395320512.8216925;-85.485763549804687;
2395480769.2319489;-85.373497009277344;
2395641025.6422052;-85.527153015136719;
2395801282.0524616;-85.433067321777344;
2395961538.462718;-85.530471801757813;
2396121794.8729744;-85.504493713378906;
2396282051.2832308;-85.615005493164062;
2396442307.6934872;-85.522796630859375;
2396602564.1037436;-85.615043640136719;
2396762820.5139999;-85.528030395507813;
2396923076.9242563;-85.595382690429688;
2397083333.3345127;-85.578323364257813;
2397243589.7447691;-85.616409301757812;
2397403846.1550255;-85.563163757324219;
2397564102.5652819;-85.624061584472656;
2397724358.9755383;-85.534698486328125;
2397884615.3857946;-85.604965209960937;
2398044871.796051;-85.595413208007813;
2398205128.2063074;-85.6202392578125;
2398365384.6165643;-85.563179016113281;
2398525641.0268207;-85.627876281738281;
2398685897.437077;-85.5670166015625;
2398846153.8473334;-85.645034790039063;
2399006410.2575898;-85.549880981445313;
2399166666.6678462;-85.612617492675781;
2399326923.0781026;-85.589759826660156;
2399487179.488359;-85.629783630371094;
2399647435.8986154;-85.563217163085938;
2399807692.3088717;-85.606834411621094;
2399967948.7191281;-85.580207824707031;
2400128205.1293845;-85.618263244628906;
2400288461.5396409;-85.565040588378906;
2400448717.9498973;-85.595481872558594;
2400608974.3601537;-85.523513793945313;
2400769230.7704101;-85.595466613769531;
2400929487.1806664;-85.587882995605469;
2401089743.5909228;-85.6011962890625;
2401250000.0011792;-85.559417724609375;
2401410256.4114356;-85.608810424804688;
2401570512.8216925;-85.595474243164063;
2401730769.2319489;-85.622146606445313;
2401891025.6422052;-85.555648803710938;
2402051282.0524616;-85.606887817382812;
2402211538.462718;-85.591667175292969;
2402371794.8729744;-85.589790344238281;
2402532051.2832308;-85.517829895019531;
2402692307.6934872;-85.584060668945313;
2402852564.1037436;-85.601188659667969;
2403012820.5139999;-85.6202392578125;
2403173076.9242563;-85.648857116699219;
2403333333.3345127;-85.622154235839844;
2403493589.7447691;-85.61260986328125;
2403653846.1550255;-85.641242980957031;
2403814102.5652819;-85.685310363769531;
2403974358.9755383;-85.622146606445313;
2404134615.3857946;-85.635513305664063;
2404294871.796051;-85.614524841308594;
2404455128.2063074;-85.610679626464844;
2404615384.6165643;-85.56695556640625;
2404775641.0268207;-85.618339538574219;
2404935897.437077;-85.625961303710938;
2405096153.8473334;-85.618293762207031;
2405256410.2575898;-85.608795166015625;
2405416666.6678462;-85.608795166015625;
2405576923.0781026;-85.624053955078125;
2405737179.488359;-85.643142700195313;
2405897435.8986154;-85.622154235839844;
2406057692.3088717;-85.614517211914062;
2406217948.7191281;-85.548057556152344;
2406378205.1293845;-85.629753112792969;
2406538461.5396409;-85.616424560546875;
2406698717.9498973;-85.618278503417969;
2406858974.3601537;-85.587867736816406;
2407019230.7704101;-85.618331909179687;
2407179487.1806664;-85.677604675292969;
2407339743.5909228;-85.662239074707031;
2407500000.0011792;-85.62786865234375;
2407660256.4114356;-85.683387756347656;
2407820512.8216925;-85.675712585449219;
2407980769.2319489;-85.627815246582031;
2408141025.6422052;-85.618339538574219;
2408301282.0524616;-85.614517211914062;
2408461538.462718;-85.635505676269531;
2408621794.8729744;-76.538330078125;
2408782051.2832308;-85.595451354980469;
2408942307.6934872;-85.685317993164063;
2409102564.1037436;-85.656517028808594;
2409262820.5139999;-85.639297485351562;
2409423076.9242563;-85.620223999023437;
2409583333.3345127;-85.662269592285156;
2409743589.7447691;-85.616432189941406;
2409903846.1550255;-85.568893432617188;
2410064102.5652819;-85.584068298339844;
2410224358.9755383;-85.6527099609375;
2410384615.3857946;-85.629783630371094;
2410544871.796051;-85.635490417480469;
2410705128.2063074;-85.627876281738281;
2410865384.6165643;-85.637413024902344;
2411025641.0268207;-85.669952392578125;
2411185897.437077;-85.687179565429687;
2411346153.8473334;-85.627876281738281;
2411506410.2575898;-85.630477905273438;
2411666666.6678462;-85.616401672363281;
2411826923.0781026;-85.700698852539063;
2411987179.488359;-85.708412170410156;
2412147435.8986154;-85.666091918945313;
2412307692.3088717;-85.633590698242188;
2412467948.7191281;-85.650802612304688;
2412628205.1293845;-85.631683349609375;
2412788461.5396409;-85.618339538574219;
2412948717.9498973;-85.633590698242188;
2413108974.3601537;-85.656539916992188;
2413269230.7704101;-85.662246704101563;
2413429487.1806664;-85.65655517578125;
2413589743.5909228;-85.628135681152344;
2413750000.0011792;-85.622146606445313;
2413910256.4114356;-85.648895263671875;
2414070512.8216925;-85.694923400878906;
2414230769.2319489;-85.673782348632813;
2414391025.6422052;-85.61260986328125;
2414551282.0524616;-85.635482788085937;
2414711538.462718;-85.712265014648437;
2414871794.8729744;-85.694923400878906;
2415032051.2832308;-85.702629089355469;
2415192307.6934872;-85.660377502441406;
2415352564.1037436;-85.683387756347656;
2415512820.5139999;-85.68914794921875;
2415673076.9242563;-85.712257385253906;
2415833333.3345127;-85.704551696777344;
2415993589.7447691;-85.704551696777344;
2416153846.1550255;-85.70703125;
2416314102.5652819;-85.708404541015625;
2416474358.9755383;-85.70648193359375;
2416634615.3857946;-85.687217712402344;
2416794871.796051;-85.631690979003906;
2416955128.2063074;-85.622154235839844;
2417115384.6165643;-85.689140319824219;
2417275641.0268207;-85.666130065917969;
2417435897.437077;-85.666130065917969;
2417596153.8473334;-85.668037414550781;
2417756410.2575898;-85.68914794921875;
2417916666.6678462;-85.63360595703125;
2418076923.0781026;-85.643157958984375;
2418237179.488359;-85.660369873046875;
2418397435.8986154;-85.704551696777344;
2418557692.3088717;-85.695999145507813;
2418717948.7191281;-85.70648193359375;
2418878205.1293845;-85.712265014648437;
2419038461.5396409;-85.694931030273438;
2419198717.9498973;-85.691085815429687;
2419358974.3601537;-85.708412170410156;
2419519230.7704101;-85.679557800292969;
2419679487.1806664;-85.694931030273438;
2419839743.5909228;-85.70648193359375;
2420000000.0011792;-85.683395385742188;
2420160256.4114356;-85.662246704101563;
2420320512.8216925;-85.646980285644531;
2420480769.2319489;-85.667495727539063;
2420641025.6422052;-85.696853637695313;
2420801282.0524616;-85.694931030273438;
2420961538.462718;-85.681442260742187;
2421121794.8729744;-85.6202392578125;
2421282051.2832308;-85.616409301757812;
2421442307.6934872;-85.624046325683594;
2421602564.1037436;-85.614524841308594;
2421762820.5139999;-85.625968933105469;
2421923076.9242563;-85.608802795410156;
2422083333.3345127;-85.603073120117187;
2422243589.7447691;-85.608810424804688;
2422403846.1550255;-85.604995727539063;
2422564102.5652819;-85.63031005859375;
2422724358.9755383;-85.637420654296875;
2422884615.3857946;-85.618331909179687;
2423044871.796051;-85.6412353515625;
2423205128.2063074;-85.666114807128906;
2423365384.6165643;-85.64697265625;
2423525641.0268207;-85.633583068847656;
2423685897.437077;-85.656539916992188;
2423846153.8473334;-85.625946044921875;
2424006410.2575898;-85.650802612304688;
2424166666.6678462;-85.59918212890625;
2424326923.0781026;-85.614517211914062;
2424487179.488359;-85.584030151367188;
2424647435.8986154;-85.612594604492187;
2424807692.3088717;-85.599273681640625;
2424967948.7191281;-85.616424560546875;
2425128205.1293845;-85.595420837402344;
2425288461.5396409;-85.616416931152344;
2425448717.9498973;-85.595382690429688;
2425608974.3601537;-85.58978271484375;
2425769230.7704101;-85.58026123046875;
2425929487.1806664;-85.65655517578125;
2426089743.5909228;-85.566856384277344;
2426250000.0011792;-85.578369140625;
2426410256.4114356;-85.5289306640625;
2426570512.8216925;-85.542396545410156;
2426730769.2319489;-85.416412353515625;
2426891025.6422052;-85.480239868164062;
2427051282.0524616;-85.264091491699219;
2427211538.462718;-85.322181701660156;
2427371794.8729744;-84.777244567871094;
2427532051.2832308;-84.7835693359375;
2427692307.6934872;-83.989494323730469;
2427852564.1037436;-83.640716552734375;
2428012820.5139999;-82.9332275390625;
2428173076.9242563;-81.705459594726563;
2428333333.3345127;-81.129928588867188;
2428493589.7447691;-77.999687194824219;
2428653846.1550255;-77.529960632324219;
2428814102.5652819;-74.188873291015625;
2428974358.9755383;-73.906440734863281;
2429134615.3857946;-70.150009155273437;
2429294871.796051;-68.888008117675781;
2429455128.2063074;-65.990486145019531;
2429615384.6165643;-65.231361389160156;
2429775641.0268207;-62.467216491699219;
2429935897.437077;-61.849864959716797;
2430096153.8473334;-57.589752197265625;
2430256410.2575898;-57.631999969482422;
2430416666.6678462;-54.622180938720703;
2430576923.0781026;-54.884151458740234;
2430737179.488359;-51.227184295654297;
2430897435.8986154;-50.822292327880859;
2431057692.3088717;-47.681510925292969;
2431217948.7191281;-47.627998352050781;
2431378205.1293845;-45.222797393798828;
2431538461.5396409;-44.494701385498047;
2431698717.9498973;-41.904747009277344;
2431858974.3601537;-41.150337219238281;
2432019230.7704101;-38.932323455810547;
2432179487.1806664;-38.772426605224609;
2432339743.5909228;-36.352260589599609;
2432500000.0011792;-35.393104553222656;
2432660256.4114356;-33.532821655273437;
2432820512.8216925;-32.926868438720703;
2432980769.2319489;-31.673357009887695;
2433141025.6422052;-30.760271072387695;
2433301282.0524616;-29.231451034545898;
2433461538.462718;-28.701082229614258;
2433621794.8729744;-27.890094757080078;
2433782051.2832308;-27.41206169128418;
2433942307.6934872;-26.791406631469727;
2434102564.1037436;-26.525339126586914;
2434262820.5139999;-26.254615783691406;
2434423076.9242563;-26.457807540893555;
2434583333.3345127;-26.3231201171875;
2434743589.7447691;-26.912744522094727;
2434903846.1550255;-27.235729217529297;
2435064102.5652819;-27.996982574462891;
2435224358.9755383;-28.591398239135742;
2435384615.3857946;-29.401952743530273;
2435544871.796051;-30.187002182006836;
2435705128.2063074;-31.66401481628418;
2435865384.6165643;-32.919509887695312;
2436025641.0268207;-33.621433258056641;
2436185897.437077;-34.778556823730469;
2436346153.8473334;-35.941215515136719;
2436506410.2575898;-38.080955505371094;
2436666666.6678462;-38.716796875;
2436826923.0781026;-40.420612335205078;
2436987179.488359;-41.164455413818359;
2437147435.8986154;-42.853115081787109;
2437307692.3088717;-44.568279266357422;
2437467948.7191281;-45.577232360839844;
2437628205.1293845;-47.121780395507813;
2437788461.5396409;-47.837753295898438;
2437948717.9498973;-49.808326721191406;
2438108974.3601537;-51.277996063232422;
2438269230.7704101;-52.511096954345703;
2438429487.1806664;-53.597476959228516;
2438589743.5909228;-54.840969085693359;
2438750000.0011792;-56.181980133056641;
2438910256.4114356;-58.00738525390625;
2439070512.8216925;-59.076278686523438;
2439230769.2319489;-60.370735168457031;
2439391025.6422052;-61.355812072753906;
2439551282.0524616;-63.593612670898438;
2439711538.462718;-65.14984130859375;
2439871794.8729744;-66.83892822265625;
2440032051.2832308;-68.180519104003906;
2440192307.6934872;-69.649208068847656;
2440352564.1037436;-71.719490051269531;
2440512820.5139999;-74.213851928710938;
2440673076.9242563;-75.682083129882812;
2440833333.3345127;-77.566368103027344;
2440993589.7447691;-78.884254455566406;
2441153846.1550255;-80.81451416015625;
2441314102.5652819;-82.621467590332031;
2441474358.9755383;-83.57061767578125;
2441634615.3857946;-84.211906433105469;
2441794871.796051;-84.658454895019531;
2441955128.2063074;-85.052268981933594;
2442115384.6165643;-85.459548950195313;
2442275641.0268207;-85.525390625;
2442435897.437077;-85.6011962890625;
2442596153.8473334;-85.654594421386719;
2442756410.2575898;-85.718040466308594;
2442916666.6678462;-85.719970703125;
2443076923.0781026;-85.713638305664063;
2443237179.488359;-85.748947143554688;
2443397435.8986154;-85.776077270507813;
2443557692.3088717;-85.797470092773438;
2443717948.7191281;-85.81890869140625;
2443878205.1293845;-85.81890869140625;
2444038461.5396409;-85.807205200195313;
2444198717.9498973;-85.82281494140625;
2444358974.3601537;-85.809127807617188;
2444519230.7704101;-85.805267333984375;
2444679487.1806664;-85.7916259765625;
2444839743.5909228;-85.748954772949219;
2445000000.0011792;-85.729583740234375;
2445160256.4114356;-85.693000793457031;
2445320512.8216925;-85.685317993164063;
2445480769.2319489;-85.708404541015625;
2445641025.6422052;-85.7218017578125;
2445801282.0524616;-85.785781860351562;
2445961538.462718;-85.80523681640625;
2446121794.8729744;-85.691032409667969;
2446282051.2832308;-85.72381591796875;
2446442307.6934872;-85.757789611816406;
2446602564.1037436;-85.801345825195313;
2446762820.5139999;-85.816963195800781;
2446923076.9242563;-85.826713562011719;
2447083333.3345127;-85.778022766113281;
2447243589.7447691;-85.7528076171875;
2447403846.1550255;-85.81695556640625;
2447564102.5652819;-85.834526062011719;
2447724358.9755383;-85.797462463378906;
2447884615.3857946;-85.795516967773438;
2448044871.796051;-85.770233154296875;
2448205128.2063074;-85.739280700683594;
2448365384.6165643;-85.772186279296875;
2448525641.0268207;-85.850181579589844;
2448685897.437077;-85.816932678222656;
2448846153.8473334;-85.800704956054688;
2449006410.2575898;-85.820014953613281;
2449166666.6678462;-85.7730712890625;
2449326923.0781026;-85.766380310058594;
2449487179.488359;-85.776016235351563;
2449647435.8986154;-85.730735778808594;
2449807692.3088717;-85.640861511230469;
2449967948.7191281;-85.758636474609375;
2450128205.1293845;-85.768318176269531;
2450288461.5396409;-85.743148803710937;
2450448717.9498973;-85.781906127929688;
2450608974.3601537;-85.81304931640625;
2450769230.7704101;-85.795494079589844;
2450929487.1806664;-85.774139404296875;
2451089743.5909228;-85.768287658691406;
2451250000.0011792;-85.731529235839844;
2451410256.4114356;-85.785797119140625;
2451570512.8216925;-85.820854187011719;
2451730769.2319489;-85.822807312011719;
2451891025.6422052;-85.838424682617187;
2452051282.0524616;-85.828651428222656;
2452211538.462718;-85.758621215820313;
2452371794.8729744;-85.807205200195313;
2452532051.2832308;-85.81500244140625;
2452692307.6934872;-85.799407958984375;
2452852564.1037436;-85.82672119140625;
2453012820.5139999;-85.774131774902344;
2453173076.9242563;-85.84234619140625;
2453333333.3345127;-85.82086181640625;
2453493589.7447691;-85.820831298828125;
2453653846.1550255;-85.766372680664063;
2453814102.5652819;-85.84429931640625;
2453974358.9755383;-85.787727355957031;
2454134615.3857946;-85.799385070800781;
2454294871.796051;-85.681411743164063;
2454455128.2063074;-85.79937744140625;
2454615384.6165643;-85.764381408691406;
2454775641.0268207;-85.805244445800781;
2454935897.437077;-85.72943115234375;
2455096153.8473334;-85.748908996582031;
2455256410.2575898;-85.737236022949219;
2455416666.6678462;-85.783355712890625;
2455576923.0781026;-85.784233093261719;
2455737179.488359;-85.785057067871094;
2455897435.8986154;-85.797622680664063;
2456057692.3088717;-85.757522583007813;
2456217948.7191281;-85.810989379882813;
2456378205.1293845;-85.774131774902344;
2456538461.5396409;-85.787643432617188;
2456698717.9498973;-85.779899597167969;
2456858974.3601537;-85.818801879882813;
2457019230.7704101;-85.832527160644531;
2457179487.1806664;-85.783668518066406;
2457339743.5909228;-85.74310302734375;
2457500000.0011792;-85.7896728515625;
2457660256.4114356;-85.7896728515625;
2457820512.8216925;-85.710220336914063;
2457980769.2319489;-85.739234924316406;
2458141025.6422052;-85.723739624023438;
2458301282.0524616;-85.774124145507813;
2458461538.462718;-85.748847961425781;
2458621794.8729744;-85.781906127929688;
2458782051.2832308;-85.689071655273437;
2458942307.6934872;-85.570755004882813;
2459102564.1037436;-85.639205932617188;
2459262820.5139999;-85.812965393066406;
2459423076.9242563;-85.781852722167969;
2459583333.3345127;-85.803268432617188;
2459743589.7447691;-85.840339660644531;
2459903846.1550255;-85.846260070800781;
2460064102.5652819;-85.812973022460938;
2460224358.9755383;-85.760490417480469;
2460384615.3857946;-85.824752807617188;
2460544871.796051;-85.748916625976563;
2460705128.2063074;-85.846229553222656;
2460865384.6165643;-85.814994812011719;
2461025641.0268207;-85.879570007324219;
2461185897.437077;-85.820846557617188;
2461346153.8473334;-85.818885803222656;
2461506410.2575898;-85.820854187011719;
2461666666.6678462;-85.805183410644531;
2461826923.0781026;-85.803215026855469;
2461987179.488359;-85.842262268066406;
2462147435.8986154;-85.83258056640625;
2462307692.3088717;-85.807174682617188;
2462467948.7191281;-85.82086181640625;
2462628205.1293845;-85.739265441894531;
2462788461.5396409;-85.770187377929688;
2462948717.9498973;-85.859947204589844;
2463108974.3601537;-85.85406494140625;
2463269230.7704101;-85.844245910644531;
2463429487.1806664;-85.805221557617188;
2463589743.5909228;-85.826713562011719;
2463750000.0011792;-85.818840026855469;
2463910256.4114356;-85.873695373535156;
2464070512.8216925;-85.830612182617188;
2464230769.2319489;-85.834526062011719;
2464391025.6422052;-85.807197570800781;
2464551282.0524616;-85.850173950195313;
2464711538.462718;-85.869773864746094;
2464871794.8729744;-85.905181884765625;
2465032051.2832308;-85.877571105957031;
2465192307.6934872;-85.895332336425781;
2465352564.1037436;-85.885498046875;
2465512820.5139999;-85.9012451171875;
2465673076.9242563;-85.863883972167969;
2465833333.3345127;-85.911094665527344;
2465993589.7447691;-85.840362548828125;
2466153846.1550255;-85.867782592773438;
2466314102.5652819;-85.858009338378906;
2466474358.9755383;-85.913063049316406;
2466634615.3857946;-85.897293090820313;
2466794871.796051;-85.913063049316406;
2466955128.2063074;-85.879554748535156;
2467115384.6165643;-85.897300720214844;
2467275641.0268207;-85.861862182617188;
2467435897.437077;-85.905174255371094;
2467596153.8473334;-85.863868713378906;
2467756410.2575898;-85.87567138671875;
2467916666.6678462;-85.85205078125;
2468076923.0781026;-85.883476257324219;
2468237179.488359;-85.881492614746094;
2468397435.8986154;-85.922889709472656;
2468557692.3088717;-85.879539489746094;
2468717948.7191281;-85.867813110351563;
2468878205.1293845;-85.858001708984375;
2469038461.5396409;-85.850166320800781;
2469198717.9498973;-85.842338562011719;
2469358974.3601537;-85.893356323242187;
2469519230.7704101;-85.844215393066406;
2469679487.1806664;-85.863883972167969;
2469839743.5909228;-85.811027526855469;
2470000000.0011792;-85.84039306640625;
2470160256.4114356;-85.820823669433594;
2470320512.8216925;-85.842315673828125;
2470480769.2319489;-85.797401428222656;
2470641025.6422052;-85.905158996582031;
2470801282.0524616;-85.822113037109375;
2470961538.462718;-85.851020812988281;
2471121794.8729744;-85.793121337890625;
2471282051.2832308;-85.861465454101563;
2471442307.6934872;-85.819503784179688;
2471602564.1037436;-85.838371276855469;
2471762820.5139999;-85.759513854980469;
2471923076.9242563;-85.731254577636719;
2472083333.3345127;-85.724456787109375;
2472243589.7447691;-85.640533447265625;
2472403846.1550255;-85.793106079101563;
2472564102.5652819;-85.531761169433594;
2472724358.9755383;-85.7501220703125;
2472884615.3857946;-85.514930725097656;
2473044871.796051;-85.721038818359375;
2473205128.2063074;-85.522293090820313;
2473365384.6165643;-85.642684936523438;
2473525641.0268207;-85.5892333984375;
2473685897.437077;-85.535682678222656;
2473846153.8473334;-85.684791564941406;
2474006410.2575898;-85.568206787109375;
2474166666.6678462;-85.66571044921875;
2474326923.0781026;-85.557296752929688;
2474487179.488359;-85.629325866699219;
2474647435.8986154;-85.571640014648438;
2474807692.3088717;-85.748748779296875;
2474967948.7191281;-85.633003234863281;
2475128205.1293845;-85.799270629882813;
2475288461.5396409;-85.604286193847656;
2475448717.9498973;-85.743080139160156;
2475608974.3601537;-85.625762939453125;
2475769230.7704101;-85.75860595703125;
2475929487.1806664;-85.633392333984375;
2476089743.5909228;-85.762260437011719;
2476250000.0011792;-85.687187194824219;
2476410256.4114356;-85.739143371582031;
2476570512.8216925;-85.710243225097656;
2476730769.2319489;-85.700637817382812;
2476891025.6422052;-85.643058776855469;
2477051282.0524616;-85.73919677734375;
2477211538.462718;-85.667999267578125;
2477371794.8729744;-85.748939514160156;
2477532051.2832308;-85.613990783691406;
2477692307.6934872;-85.715797424316406;
2477852564.1037436;-85.610595703125;
2478012820.5139999;-85.666130065917969;
2478173076.9242563;-85.627830505371094;
2478333333.3345127;-85.725761413574219;
2478493589.7447691;-85.650787353515625;
2478653846.1550255;-85.718032836914063;
2478814102.5652819;-85.696762084960938;
2478974358.9755383;-85.723831176757813;
2479134615.3857946;-85.681449890136719;
2479294871.796051;-85.739288330078125;
2479455128.2063074;-85.7296142578125;
2479615384.6165643;-85.801322937011719;
2479775641.0268207;-85.801345825195313;
2479935897.437077;-85.822799682617188;
2480096153.8473334;-85.783828735351563;
2480256410.2575898;-85.858001708984375;
2480416666.6678462;-85.830596923828125;
2480576923.0781026;-85.889396667480469;
2480737179.488359;-85.83453369140625;
2480897435.8986154;-85.826713562011719;
2481057692.3088717;-85.83258056640625;
2481217948.7191281;-85.863883972167969;
2481378205.1293845;-85.840385437011719;
2481538461.5396409;-85.885490417480469;
2481698717.9498973;-85.863883972167969;
2481858974.3601537;-85.900650024414063;
2482019230.7704101;-85.898155212402344;
2482179487.1806664;-85.900657653808594;
2482339743.5909228;-85.887466430664063;
2482500000.0011792;-85.915023803710938;
2482660256.4114356;-85.924903869628906;
2482820512.8216925;-85.899238586425781;
2482980769.2319489;-85.916938781738281;
2483141025.6422052;-85.893348693847656;
2483301282.0524616;-85.901229858398438;
2483461538.462718;-85.915023803710938;
2483621794.8729744;-85.903205871582031;
2483782051.2832308;-85.9031982421875;
2483942307.6934872;-85.944664001464844;
2484102564.1037436;-85.850151062011719;
2484262820.5139999;-85.873710632324219;
