Type;ESU;
Version;4.43;
Date;03.Jun 16;
Mode;ANALYZER;
Center Freq;2434262820.514000;Hz
Freq Offset;0.000000;Hz
Span;100000000.000000;Hz
x-Axis;LIN;
Start;2384262820.514000;Hz
Stop;2484262820.514000;Hz
Ref Level;-8.000000;dBm
Level Offset;0.000000;dB
Ref Position;100.000000;%
y-Axis;LOG;
Level Range;100.000000;dB
Rf Att;5.000000;dB
RBW;2000000.000000;Hz
VBW;50.000000;Hz
SWT;2.500000;s
Trace Mode;CLR/WRITE;
Detector;RMS;
Sweep Count;0;
Trace 1:;;
x-Unit;Hz;
y-Unit;dBm;
Values;625;
2384262820.5139999;-85.652976989746094;
2384423076.9242563;-85.673828125;
2384583333.3345127;-85.659927368164062;
2384743589.7447691;-85.621627807617188;
2384903846.1550255;-85.639480590820312;
2385064102.5652819;-85.659927368164062;
2385224358.9755383;-85.656654357910156;
2385384615.3857946;-85.660240173339844;
2385544871.796051;-85.642730712890625;
2385705128.2063074;-85.658561706542969;
2385865384.6165643;-85.606636047363281;
2386025641.0268207;-85.651626586914063;
2386185897.437077;-85.621604919433594;
2386346153.8473334;-85.634407043457031;
2386506410.2575898;-85.634468078613281;
2386666666.6678462;-85.595924377441406;
2386826923.0781026;-85.617347717285156;
2386987179.488359;-85.593833923339844;
2387147435.8986154;-85.628036499023437;
2387307692.3088717;-85.59381103515625;
2387467948.7191281;-85.657997131347656;
2387628205.1293845;-85.625885009765625;
2387788461.5396409;-85.587303161621094;
2387948717.9498973;-85.602348327636719;
2388108974.3601537;-85.589530944824219;
2388269230.7704101;-85.591697692871094;
2388429487.1806664;-85.521614074707031;
2388589743.5909228;-85.519309997558594;
2388750000.0011792;-85.5447998046875;
2388910256.4114356;-85.572273254394531;
2389070512.8216925;-85.570419311523438;
2389230769.2319489;-85.523605346679688;
2389391025.6422052;-85.58526611328125;
2389551282.0524616;-85.523704528808594;
2389711538.462718;-85.523460388183594;
2389871794.8729744;-85.472984313964844;
2390032051.2832308;-85.504127502441406;
2390192307.6934872;-85.536369323730469;
2390352564.1037436;-85.472488403320313;
2390512820.5139999;-85.513053894042969;
2390673076.9242563;-85.382499694824219;
2390833333.3345127;-85.483245849609375;
2390993589.7447691;-85.342948913574219;
2391153846.1550255;-85.429519653320312;
2391314102.5652819;-85.380706787109375;
2391474358.9755383;-85.306373596191406;
2391634615.3857946;-85.391059875488281;
2391794871.796051;-85.227943420410156;
2391955128.2063074;-85.464401245117187;
2392115384.6165643;-85.05877685546875;
2392275641.0268207;-85.346290588378906;
2392435897.437077;-85.055747985839844;
2392596153.8473334;-85.202079772949219;
2392756410.2575898;-85.165908813476562;
2392916666.6678462;-85.080474853515625;
2393076923.0781026;-85.247993469238281;
2393237179.488359;-84.990440368652344;
2393397435.8986154;-85.297340393066406;
2393557692.3088717;-84.986083984375;
2393717948.7191281;-85.255317687988281;
2393878205.1293845;-85.173957824707031;
2394038461.5396409;-85.191818237304688;
2394198717.9498973;-85.301834106445313;
2394358974.3601537;-85.130050659179687;
2394519230.7704101;-85.374435424804688;
2394679487.1806664;-85.200874328613281;
2394839743.5909228;-85.365036010742187;
2395000000.0011792;-85.330406188964844;
2395160256.4114356;-85.342056274414063;
2395320512.8216925;-85.435134887695312;
2395480769.2319489;-85.353500366210937;
2395641025.6422052;-85.506721496582031;
2395801282.0524616;-85.380645751953125;
2395961538.462718;-85.461929321289063;
2396121794.8729744;-85.395469665527344;
2396282051.2832308;-85.399024963378906;
2396442307.6934872;-85.416427612304688;
2396602564.1037436;-85.362014770507813;
2396762820.5139999;-85.502578735351563;
2396923076.9242563;-85.395370483398438;
2397083333.3345127;-85.502540588378906;
2397243589.7447691;-85.410354614257813;
2397403846.1550255;-85.428260803222656;
2397564102.5652819;-85.431808471679688;
2397724358.9755383;-85.487953186035156;
2397884615.3857946;-85.489639282226563;
2398044871.796051;-85.455924987792969;
2398205128.2063074;-85.540634155273438;
2398365384.6165643;-85.456123352050781;
2398525641.0268207;-85.511009216308594;
2398685897.437077;-85.422645568847656;
2398846153.8473334;-85.496124267578125;
2399006410.2575898;-85.458335876464844;
2399166666.6678462;-85.498161315917969;
2399326923.0781026;-85.464706420898437;
2399487179.488359;-85.447784423828125;
2399647435.8986154;-85.475189208984375;
2399807692.3088717;-85.430992126464844;
2399967948.7191281;-85.521614074707031;
2400128205.1293845;-85.500442504882812;
2400288461.5396409;-85.481285095214844;
2400448717.9498973;-85.456207275390625;
2400608974.3601537;-85.481376647949219;
2400769230.7704101;-85.530059814453125;
2400929487.1806664;-85.462478637695312;
2401089743.5909228;-85.504707336425781;
2401250000.0011792;-85.464675903320312;
2401410256.4114356;-85.538551330566406;
2401570512.8216925;-85.456306457519531;
2401730769.2319489;-85.428939819335938;
2401891025.6422052;-85.502487182617188;
2402051282.0524616;-85.523658752441406;
2402211538.462718;-85.515274047851563;
2402371794.8729744;-85.504623413085938;
2402532051.2832308;-85.540687561035156;
2402692307.6934872;-85.487815856933594;
2402852564.1037436;-85.515167236328125;
2403012820.5139999;-85.477226257324219;
2403173076.9242563;-85.532196044921875;
2403333333.3345127;-85.542808532714844;
2403493589.7447691;-85.508895874023438;
2403653846.1550255;-85.53857421875;
2403814102.5652819;-85.466743469238281;
2403974358.9755383;-85.513130187988281;
2404134615.3857946;-85.489921569824219;
2404294871.796051;-85.515205383300781;
2404455128.2063074;-85.500465393066406;
2404615384.6165643;-85.49200439453125;
2404775641.0268207;-85.515266418457031;
2404935897.437077;-85.521614074707031;
2405096153.8473334;-85.534332275390625;
2405256410.2575898;-85.464645385742188;
2405416666.6678462;-85.517349243164062;
2405576923.0781026;-85.496200561523438;
2405737179.488359;-85.540611267089844;
2405897435.8986154;-85.542808532714844;
2406057692.3088717;-85.502571105957031;
2406217948.7191281;-85.542778015136719;
2406378205.1293845;-85.498374938964844;
2406538461.5396409;-85.557662963867187;
2406698717.9498973;-85.489952087402344;
2406858974.3601537;-85.523712158203125;
2407019230.7704101;-85.494148254394531;
2407179487.1806664;-85.519393920898438;
2407339743.5909228;-85.553375244140625;
2407500000.0011792;-85.532089233398438;
2407660256.4114356;-85.542808532714844;
2407820512.8216925;-85.485649108886719;
2407980769.2319489;-85.5216064453125;
2408141025.6422052;-85.479331970214844;
2408301282.0524616;-85.523597717285156;
2408461538.462718;-85.488235473632812;
2408621794.8729744;-85.511260986328125;
2408782051.2832308;-85.504684448242188;
2408942307.6934872;-85.486328125;
2409102564.1037436;-85.537956237792969;
2409262820.5139999;-85.479377746582031;
2409423076.9242563;-85.531471252441406;
2409583333.3345127;-85.451164245605469;
2409743589.7447691;-85.513076782226563;
2409903846.1550255;-85.535240173339844;
2410064102.5652819;-85.489822387695313;
2410224358.9755383;-85.535537719726563;
2410384615.3857946;-85.486366271972656;
2410544871.796051;-85.538558959960938;
2410705128.2063074;-85.453521728515625;
2410865384.6165643;-85.555938720703125;
2411025641.0268207;-85.555496215820313;
2411185897.437077;-85.569229125976563;
2411346153.8473334;-85.563560485839844;
2411506410.2575898;-85.529151916503906;
2411666666.6678462;-85.502449035644531;
2411826923.0781026;-85.540481567382813;
2411987179.488359;-85.506759643554688;
2412147435.8986154;-85.504653930664063;
2412307692.3088717;-85.538566589355469;
2412467948.7191281;-85.504646301269531;
2412628205.1293845;-85.5555419921875;
2412788461.5396409;-85.489883422851562;
2412948717.9498973;-85.547042846679688;
2413108974.3601537;-85.528266906738281;
2413269230.7704101;-85.519447326660156;
2413429487.1806664;-85.502555847167969;
2413589743.5909228;-85.534294128417969;
2413750000.0011792;-85.557662963867187;
2413910256.4114356;-85.544921875;
2414070512.8216925;-85.530097961425781;
2414230769.2319489;-85.551246643066406;
2414391025.6422052;-85.572532653808594;
2414551282.0524616;-85.551292419433594;
2414711538.462718;-85.610923767089844;
2414871794.8729744;-85.628021240234375;
2415032051.2832308;-85.587333679199219;
2415192307.6934872;-85.532218933105469;
2415352564.1037436;-85.551284790039063;
2415512820.5139999;-85.623153686523438;
2415673076.9242563;-85.601425170898438;
2415833333.3345127;-85.58319091796875;
2415993589.7447691;-85.585289001464844;
2416153846.1550255;-85.598114013671875;
2416314102.5652819;-85.604522705078125;
2416474358.9755383;-85.647651672363281;
2416634615.3857946;-85.645195007324219;
2416794871.796051;-85.595970153808594;
2416955128.2063074;-85.572547912597656;
2417115384.6165643;-85.547050476074219;
2417275641.0268207;-85.544921875;
2417435897.437077;-85.553413391113281;
2417596153.8473334;-85.540695190429687;
2417756410.2575898;-85.534317016601563;
2417916666.6678462;-85.549163818359375;
2418076923.0781026;-85.527976989746094;
2418237179.488359;-85.53857421875;
2418397435.8986154;-85.542816162109375;
2418557692.3088717;-85.536430358886719;
2418717948.7191281;-85.5379638671875;
2418878205.1293845;-85.513160705566406;
2419038461.5396409;-85.57464599609375;
2419198717.9498973;-85.561866760253906;
2419358974.3601537;-85.551300048828125;
2419519230.7704101;-85.544921875;
2419679487.1806664;-85.585304260253906;
2419839743.5909228;-85.615165710449219;
2420000000.0011792;-85.621597290039063;
2420160256.4114356;-85.589591979980469;
2420320512.8216925;-85.547050476074219;
2420480769.2319489;-85.572540283203125;
2420641025.6422052;-85.549163818359375;
2420801282.0524616;-85.570396423339844;
2420961538.462718;-85.576789855957031;
2421121794.8729744;-85.595932006835938;
2421282051.2832308;-85.544929504394531;
2421442307.6934872;-85.525833129882813;
2421602564.1037436;-85.581047058105469;
2421762820.5139999;-85.5853271484375;
2421923076.9242563;-85.602378845214844;
2422083333.3345127;-85.5853271484375;
2422243589.7447691;-85.55975341796875;
2422403846.1550255;-85.542808532714844;
2422564102.5652819;-85.53643798828125;
2422724358.9755383;-85.555519104003906;
2422884615.3857946;-85.540679931640625;
2423044871.796051;-85.571945190429688;
2423205128.2063074;-85.532218933105469;
2423365384.6165643;-85.53009033203125;
2423525641.0268207;-85.534332275390625;
2423685897.437077;-85.521629333496094;
2423846153.8473334;-85.559776306152344;
2424006410.2575898;-85.50469970703125;
2424166666.6678462;-85.561874389648437;
2424326923.0781026;-85.5152587890625;
2424487179.488359;-85.534324645996094;
2424647435.8986154;-85.48358154296875;
2424807692.3088717;-85.51104736328125;
2424967948.7191281;-85.51739501953125;
2425128205.1293845;-85.494110107421875;
2425288461.5396409;-85.517387390136719;
2425448717.9498973;-85.500473022460938;
2425608974.3601537;-85.534332275390625;
2425769230.7704101;-85.475196838378906;
2425929487.1806664;-85.498237609863281;
2426089743.5909228;-85.46038818359375;
2426250000.0011792;-85.419754028320312;
2426410256.4114356;-85.327018737792969;
2426570512.8216925;-85.28729248046875;
2426730769.2319489;-85.312545776367188;
2426891025.6422052;-85.023109436035156;
2427051282.0524616;-85.156982421875;
2427211538.462718;-84.433494567871094;
2427371794.8729744;-84.459098815917969;
2427532051.2832308;-83.787551879882813;
2427692307.6934872;-82.876205444335938;
2427852564.1037436;-82.635963439941406;
2428012820.5139999;-80.484588623046875;
2428173076.9242563;-81.133544921875;
2428333333.3345127;-77.056472778320313;
2428493589.7447691;-76.606681823730469;
2428653846.1550255;-73.559196472167969;
2428814102.5652819;-71.929267883300781;
2428974358.9755383;-70.775680541992188;
2429134615.3857946;-66.776962280273437;
2429294871.796051;-66.028114318847656;
2429455128.2063074;-62.552181243896484;
2429615384.6165643;-62.184490203857422;
2429775641.0268207;-59.242393493652344;
2429935897.437077;-56.922370910644531;
2430096153.8473334;-55.373695373535156;
2430256410.2575898;-53.17779541015625;
2430416666.6678462;-52.515785217285156;
2430576923.0781026;-50.048694610595703;
2430737179.488359;-49.165298461914062;
2430897435.8986154;-46.122535705566406;
2431057692.3088717;-45.431430816650391;
2431217948.7191281;-43.609504699707031;
2431378205.1293845;-42.209465026855469;
2431538461.5396409;-40.687461853027344;
2431698717.9498973;-38.541130065917969;
2431858974.3601537;-37.925323486328125;
2432019230.7704101;-35.840175628662109;
2432179487.1806664;-35.3782958984375;
2432339743.5909228;-32.777183532714844;
2432500000.0011792;-32.13311767578125;
2432660256.4114356;-30.564081192016602;
2432820512.8216925;-29.583576202392578;
2432980769.2319489;-28.683120727539063;
2433141025.6422052;-27.394195556640625;
2433301282.0524616;-26.392898559570312;
2433461538.462718;-25.575578689575195;
2433621794.8729744;-24.962570190429687;
2433782051.2832308;-24.329277038574219;
2433942307.6934872;-23.613069534301758;
2434102564.1037436;-23.361663818359375;
2434262820.5139999;-23.146753311157227;
2434423076.9242563;-23.145263671875;
2434583333.3345127;-23.188568115234375;
2434743589.7447691;-23.39179801940918;
2434903846.1550255;-23.987106323242187;
2435064102.5652819;-24.244972229003906;
2435224358.9755383;-25.155105590820313;
2435384615.3857946;-25.570144653320313;
2435544871.796051;-26.864051818847656;
2435705128.2063074;-27.93181037902832;
2435865384.6165643;-28.750419616699219;
2436025641.0268207;-29.949192047119141;
2436185897.437077;-30.716127395629883;
2436346153.8473334;-32.583534240722656;
2436506410.2575898;-33.745723724365234;
2436666666.6678462;-35.125640869140625;
2436826923.0781026;-36.062488555908203;
2436987179.488359;-37.362869262695312;
2437147435.8986154;-38.998188018798828;
2437307692.3088717;-40.509666442871094;
2437467948.7191281;-41.670635223388672;
2437628205.1293845;-42.686710357666016;
2437788461.5396409;-44.131027221679688;
2437948717.9498973;-45.652553558349609;
2438108974.3601537;-47.412776947021484;
2438269230.7704101;-48.262771606445313;
2438429487.1806664;-49.530189514160156;
2438589743.5909228;-50.774940490722656;
2438750000.0011792;-52.330455780029297;
2438910256.4114356;-54.005702972412109;
2439070512.8216925;-54.861644744873047;
2439230769.2319489;-56.437576293945313;
2439391025.6422052;-57.277980804443359;
2439551282.0524616;-59.485790252685547;
2439711538.462718;-61.227401733398438;
2439871794.8729744;-62.472759246826172;
2440032051.2832308;-64.043388366699219;
2440192307.6934872;-65.313194274902344;
2440352564.1037436;-67.82373046875;
2440512820.5139999;-69.854888916015625;
2440673076.9242563;-71.657211303710937;
2440833333.3345127;-73.19476318359375;
2440993589.7447691;-75.081687927246094;
2441153846.1550255;-77.377357482910156;
2441314102.5652819;-79.593528747558594;
2441474358.9755383;-80.821273803710938;
2441634615.3857946;-81.835578918457031;
2441794871.796051;-82.829071044921875;
2441955128.2063074;-83.927116394042969;
2442115384.6165643;-84.547843933105469;
2442275641.0268207;-84.806770324707031;
2442435897.437077;-84.960357666015625;
2442596153.8473334;-85.118453979492188;
2442756410.2575898;-85.355918884277344;
2442916666.6678462;-85.443695068359375;
2443076923.0781026;-85.517387390136719;
2443237179.488359;-85.441604614257813;
2443397435.8986154;-85.504631042480469;
2443557692.3088717;-85.504692077636719;
2443717948.7191281;-85.553398132324219;
2443878205.1293845;-85.559783935546875;
2444038461.5396409;-85.49835205078125;
2444198717.9498973;-85.523658752441406;
2444358974.3601537;-85.619483947753906;
2444519230.7704101;-85.638763427734375;
2444679487.1806664;-85.623756408691406;
2444839743.5909228;-85.630165100097656;
2445000000.0011792;-85.561912536621094;
2445160256.4114356;-85.62371826171875;
2445320512.8216925;-85.655929565429688;
2445480769.2319489;-85.636604309082031;
2445641025.6422052;-85.658088684082031;
2445801282.0524616;-85.643043518066406;
2445961538.462718;-85.649490356445313;
2446121794.8729744;-85.64947509765625;
2446282051.2832308;-85.649490356445313;
2446442307.6934872;-85.660240173339844;
2446602564.1037436;-85.696823120117187;
2446762820.5139999;-85.744468688964844;
2446923076.9242563;-85.718429565429688;
2447083333.3345127;-85.731460571289063;
2447243589.7447691;-85.718437194824219;
2447403846.1550255;-85.690223693847656;
2447564102.5652819;-85.658065795898438;
2447724358.9755383;-85.628044128417969;
2447884615.3857946;-85.655929565429688;
2448044871.796051;-85.632308959960938;
2448205128.2063074;-85.64898681640625;
2448365384.6165643;-85.669746398925781;
2448525641.0268207;-85.668098449707031;
2448685897.437077;-85.67095947265625;
2448846153.8473334;-85.718460083007812;
2449006410.2575898;-85.729270935058594;
2449166666.6678462;-85.653579711914063;
2449326923.0781026;-85.615211486816406;
2449487179.488359;-85.640907287597656;
2449647435.8986154;-85.660240173339844;
2449807692.3088717;-85.610923767089844;
2449967948.7191281;-85.565933227539063;
2450128205.1293845;-85.613014221191406;
2450288461.5396409;-85.636558532714844;
2450448717.9498973;-85.58306884765625;
2450608974.3601537;-85.608680725097656;
2450769230.7704101;-85.636573791503906;
2450929487.1806664;-85.67742919921875;
2451089743.5909228;-85.655929565429688;
2451250000.0011792;-85.673118591308594;
2451410256.4114356;-85.731437683105469;
2451570512.8216925;-85.740127563476562;
2451730769.2319489;-85.677421569824219;
2451891025.6422052;-85.688194274902344;
2452051282.0524616;-85.7227783203125;
2452211538.462718;-85.746635437011719;
2452371794.8729744;-85.71197509765625;
2452532051.2832308;-85.7032470703125;
2452692307.6934872;-85.690376281738281;
2452852564.1037436;-85.677421569824219;
2453012820.5139999;-85.71624755859375;
2453173076.9242563;-85.653472900390625;
2453333333.3345127;-85.483306884765625;
2453493589.7447691;-85.583076477050781;
2453653846.1550255;-85.688209533691406;
2453814102.5652819;-85.664497375488281;
2453974358.9755383;-85.701087951660156;
2454134615.3857946;-85.69464111328125;
2454294871.796051;-85.690170288085938;
2454455128.2063074;-85.646949768066406;
2454615384.6165643;-85.540206909179687;
2454775641.0268207;-85.677574157714844;
2454935897.437077;-85.553359985351563;
2455096153.8473334;-85.580863952636719;
2455256410.2575898;-85.625663757324219;
2455416666.6678462;-85.657684326171875;
2455576923.0781026;-85.716148376464844;
2455737179.488359;-85.649284362792969;
2455897435.8986154;-85.67529296875;
2456057692.3088717;-85.585174560546875;
2456217948.7191281;-85.638473510742188;
2456378205.1293845;-85.542716979980469;
2456538461.5396409;-85.568084716796875;
2456698717.9498973;-85.6236572265625;
2456858974.3601537;-85.595726013183594;
2457019230.7704101;-85.670875549316406;
2457179487.1806664;-85.585128784179687;
2457339743.5909228;-85.391189575195313;
2457500000.0011792;-85.219947814941406;
2457660256.4114356;-85.538482666015625;
2457820512.8216925;-85.630035400390625;
2457980769.2319489;-85.638473510742188;
2458141025.6422052;-85.696731567382812;
2458301282.0524616;-85.636322021484375;
2458461538.462718;-85.740104675292969;
2458621794.8729744;-85.614997863769531;
2458782051.2832308;-85.67938232421875;
2458942307.6934872;-85.681587219238281;
2459102564.1037436;-85.670539855957031;
2459262820.5139999;-85.716156005859375;
2459423076.9242563;-85.659996032714844;
2459583333.3345127;-85.683876037597656;
2459743589.7447691;-85.621536254882813;
2459903846.1550255;-85.718330383300781;
2460064102.5652819;-85.63433837890625;
2460224358.9755383;-85.69659423828125;
2460384615.3857946;-85.707550048828125;
2460544871.796051;-85.731056213378906;
2460705128.2063074;-85.746635437011719;
2460865384.6165643;-85.677238464355469;
2461025641.0268207;-82.683097839355469;
2461185897.437077;-65.46746826171875;
2461346153.8473334;-73.186088562011719;
2461506410.2575898;-80.521102905273438;
2461666666.6678462;-84.089027404785156;
2461826923.0781026;-85.259124755859375;
2461987179.488359;-85.544815063476562;
2462147435.8986154;-85.6729736328125;
2462307692.3088717;-85.666488647460938;
2462467948.7191281;-85.724929809570312;
2462628205.1293845;-85.660110473632812;
2462788461.5396409;-85.740013122558594;
2462948717.9498973;-85.670906066894531;
2463108974.3601537;-85.711532592773438;
2463269230.7704101;-85.694587707519531;
2463429487.1806664;-85.709571838378906;
2463589743.5909228;-85.744438171386719;
2463750000.0011792;-85.675117492675781;
2463910256.4114356;-85.709732055664063;
2464070512.8216925;-85.662162780761719;
2464230769.2319489;-85.713752746582031;
2464391025.6422052;-85.666633605957031;
2464551282.0524616;-85.688003540039063;
2464711538.462718;-85.753143310546875;
2464871794.8729744;-85.70965576171875;
2465032051.2832308;-85.757492065429688;
2465192307.6934872;-85.627883911132813;
2465352564.1037436;-85.709503173828125;
2465512820.5139999;-85.655799865722656;
2465673076.9242563;-85.696525573730469;
2465833333.3345127;-85.724922180175781;
2465993589.7447691;-85.672866821289062;
2466153846.1550255;-85.742271423339844;
2466314102.5652819;-85.660041809082031;
2466474358.9755383;-85.763999938964844;
2466634615.3857946;-85.640785217285156;
2466794871.796051;-85.694206237792969;
2466955128.2063074;-85.655715942382812;
2467115384.6165643;-85.646942138671875;
2467275641.0268207;-85.690299987792969;
2467435897.437077;-85.664237976074219;
2467596153.8473334;-85.742271423339844;
2467756410.2575898;-85.58709716796875;
2467916666.6678462;-85.487525939941406;
2468076923.0781026;-85.533843994140625;
2468237179.488359;-85.681251525878906;
2468397435.8986154;-85.659912109375;
2468557692.3088717;-85.639961242675781;
2468717948.7191281;-85.355613708496094;
2468878205.1293845;-85.483367919921875;
2469038461.5396409;-85.675163269042969;
2469198717.9498973;-85.572166442871094;
2469358974.3601537;-85.693679809570313;
2469519230.7704101;-85.576408386230469;
2469679487.1806664;-85.622856140136719;
2469839743.5909228;-85.672737121582031;
2470000000.0011792;-85.603515625;
2470160256.4114356;-85.694534301757813;
2470320512.8216925;-60.613262176513672;
2470480769.2319489;-61.240890502929687;
2470641025.6422052;-71.686546325683594;
2470801282.0524616;-79.599708557128906;
2470961538.462718;-83.639457702636719;
2471121794.8729744;-63.492679595947266;
2471282051.2832308;-57.639854431152344;
2471442307.6934872;-68.271530151367188;
2471602564.1037436;-77.311378479003906;
2471762820.5139999;-82.510589599609375;
2471923076.9242563;-84.752700805664063;
2472083333.3345127;-85.189308166503906;
2472243589.7447691;-85.350830078125;
2472403846.1550255;-85.431411743164062;
2472564102.5652819;-85.225509643554687;
2472724358.9755383;-85.530029296875;
2472884615.3857946;-85.101547241210937;
2473044871.796051;-85.497825622558594;
2473205128.2063074;-84.972885131835938;
2473365384.6165643;-85.345130920410156;
2473525641.0268207;-85.102584838867188;
2473685897.437077;-85.188194274902344;
2473846153.8473334;-85.20721435546875;
2474006410.2575898;-84.998992919921875;
2474166666.6678462;-85.337432861328125;
2474326923.0781026;-84.97894287109375;
2474487179.488359;-85.456939697265625;
2474647435.8986154;-85.021804809570313;
2474807692.3088717;-85.337104797363281;
2474967948.7191281;-85.310455322265625;
2475128205.1293845;-85.305320739746094;
2475288461.5396409;-85.486526489257813;
2475448717.9498973;-85.271232604980469;
2475608974.3601537;-85.533897399902344;
2475769230.7704101;-85.360671997070313;
2475929487.1806664;-85.56011962890625;
2476089743.5909228;-85.474571228027344;
2476250000.0011792;-85.500961303710938;
2476410256.4114356;-85.608619689941406;
2476570512.8216925;-85.503990173339844;
2476730769.2319489;-85.640815734863281;
2476891025.6422052;-85.476821899414063;
2477051282.0524616;-85.646759033203125;
2477211538.462718;-85.604103088378906;
2477371794.8729744;-85.680984497070312;
2477532051.2832308;-85.666595458984375;
2477692307.6934872;-85.608421325683594;
2477852564.1037436;-85.707473754882813;
2478012820.5139999;-85.615249633789063;
2478173076.9242563;-85.704376220703125;
2478333333.3345127;-85.632827758789063;
2478493589.7447691;-85.729225158691406;
2478653846.1550255;-85.707489013671875;
2478814102.5652819;-85.720420837402344;
2478974358.9755383;-85.735664367675781;
2479134615.3857946;-85.739967346191406;
2479294871.796051;-85.81195068359375;
2479455128.2063074;-85.75518798828125;
2479615384.6165643;-85.768379211425781;
2479775641.0268207;-85.701011657714844;
2479935897.437077;-85.763969421386719;
2480096153.8473334;-85.768356323242188;
2480256410.2575898;-85.76177978515625;
2480416666.6678462;-85.80975341796875;
2480576923.0781026;-85.838134765625;
2480737179.488359;-85.818550109863281;
2480897435.8986154;-85.783538818359375;
2481057692.3088717;-85.783584594726562;
2481217948.7191281;-85.77264404296875;
2481378205.1293845;-85.825111389160156;
2481538461.5396409;-85.869056701660156;
2481698717.9498973;-85.829452514648437;
2481858974.3601537;-85.842681884765625;
2482019230.7704101;-85.772674560546875;
2482179487.1806664;-85.770553588867188;
2482339743.5909228;-85.770477294921875;
2482500000.0011792;-85.821037292480469;
2482660256.4114356;-85.798896789550781;
2482820512.8216925;-85.818504333496094;
2482980769.2319489;-85.770553588867188;
2483141025.6422052;-85.746635437011719;
2483301282.0524616;-85.757499694824219;
2483461538.462718;-85.75531005859375;
2483621794.8729744;-85.790153503417969;
2483782051.2832308;-85.803245544433594;
2483942307.6934872;-85.840446472167969;
2484102564.1037436;-85.7901611328125;
2484262820.5139999;-85.796669006347656;
