Type;ESU;
Version;4.43;
Date;03.Jun 16;
Mode;ANALYZER;
Center Freq;2434262820.514000;Hz
Freq Offset;0.000000;Hz
Span;100000000.000000;Hz
x-Axis;LIN;
Start;2384262820.514000;Hz
Stop;2484262820.514000;Hz
Ref Level;-8.000000;dBm
Level Offset;0.000000;dB
Ref Position;100.000000;%
y-Axis;LOG;
Level Range;100.000000;dB
Rf Att;5.000000;dB
RBW;2000000.000000;Hz
VBW;50.000000;Hz
SWT;2.500000;s
Trace Mode;CLR/WRITE;
Detector;RMS;
Sweep Count;0;
Trace 1:;;
x-Unit;Hz;
y-Unit;dBm;
Values;625;
2384262820.5139999;-85.656135559082031;
2384423076.9242563;-85.649490356445313;
2384583333.3345127;-85.647346496582031;
2384743589.7447691;-85.623771667480469;
2384903846.1550255;-85.658058166503906;
2385064102.5652819;-85.655929565429688;
2385224358.9755383;-85.645195007324219;
2385384615.3857946;-85.666664123535156;
2385544871.796051;-85.6580810546875;
2385705128.2063074;-85.613052368164063;
2385865384.6165643;-85.643043518066406;
2386025641.0268207;-85.662384033203125;
2386185897.437077;-85.701118469238281;
2386346153.8473334;-85.649490356445313;
2386506410.2575898;-85.623756408691406;
2386666666.6678462;-85.6365966796875;
2386826923.0781026;-85.610923767089844;
2386987179.488359;-85.653785705566406;
2387147435.8986154;-85.553390502929688;
2387307692.3088717;-85.540657043457031;
2387467948.7191281;-85.521598815917969;
2387628205.1293845;-85.57037353515625;
2387788461.5396409;-85.602378845214844;
2387948717.9498973;-85.598068237304688;
2388108974.3601537;-85.56402587890625;
2388269230.7704101;-85.515205383300781;
2388429487.1806664;-85.542808532714844;
2388589743.5909228;-85.492042541503906;
2388750000.0011792;-85.557632446289063;
2388910256.4114356;-85.540603637695312;
2389070512.8216925;-85.5299072265625;
2389230769.2319489;-85.495780944824219;
2389391025.6422052;-85.51593017578125;
2389551282.0524616;-85.535270690917969;
2389711538.462718;-85.43194580078125;
2389871794.8729744;-85.542762756347656;
2390032051.2832308;-85.473190307617188;
2390192307.6934872;-85.549858093261719;
2390352564.1037436;-85.469482421875;
2390512820.5139999;-85.431449890136719;
2390673076.9242563;-85.475128173828125;
2390833333.3345127;-85.3778076171875;
2390993589.7447691;-85.513687133789063;
2391153846.1550255;-85.324234008789063;
2391314102.5652819;-85.50372314453125;
2391474358.9755383;-85.307586669921875;
2391634615.3857946;-85.369644165039063;
2391794871.796051;-85.2769775390625;
2391955128.2063074;-85.190101623535156;
2392115384.6165643;-85.317283630371094;
2392275641.0268207;-85.117431640625;
2392435897.437077;-85.324592590332031;
2392596153.8473334;-85.066902160644531;
2392756410.2575898;-85.384109497070312;
2392916666.6678462;-84.948989868164063;
2393076923.0781026;-85.097381591796875;
2393237179.488359;-85.171379089355469;
2393397435.8986154;-85.112297058105469;
2393557692.3088717;-85.211631774902344;
2393717948.7191281;-85.065170288085938;
2393878205.1293845;-85.278846740722656;
2394038461.5396409;-85.047882080078125;
2394198717.9498973;-85.341217041015625;
2394358974.3601537;-85.1033935546875;
2394519230.7704101;-85.375770568847656;
2394679487.1806664;-85.196807861328125;
2394839743.5909228;-85.330085754394531;
2395000000.0011792;-85.326568603515625;
2395160256.4114356;-85.363235473632812;
2395320512.8216925;-85.420356750488281;
2395480769.2319489;-85.328369140625;
2395641025.6422052;-85.466644287109375;
2395801282.0524616;-85.370223999023438;
2395961538.462718;-85.481422424316406;
2396121794.8729744;-85.384925842285156;
2396282051.2832308;-85.470497131347656;
2396442307.6934872;-85.464500427246094;
2396602564.1037436;-85.443046569824219;
2396762820.5139999;-85.447853088378906;
2396923076.9242563;-85.393218994140625;
2397083333.3345127;-85.494033813476563;
2397243589.7447691;-85.432975769042969;
2397403846.1550255;-85.504684448242188;
2397564102.5652819;-85.435203552246094;
2397724358.9755383;-85.489776611328125;
2397884615.3857946;-85.428985595703125;
2398044871.796051;-85.464431762695313;
2398205128.2063074;-85.477226257324219;
2398365384.6165643;-85.451850891113281;
2398525641.0268207;-85.502586364746094;
2398685897.437077;-85.475143432617188;
2398846153.8473334;-85.527976989746094;
2399006410.2575898;-85.4373779296875;
2399166666.6678462;-85.498298645019531;
2399326923.0781026;-85.508918762207031;
2399487179.488359;-85.483428955078125;
2399647435.8986154;-85.472976684570313;
2399807692.3088717;-85.5067138671875;
2399967948.7191281;-85.532218933105469;
2400128205.1293845;-85.473045349121094;
2400288461.5396409;-85.534332275390625;
2400448717.9498973;-85.430999755859375;
2400608974.3601537;-85.534309387207031;
2400769230.7704101;-85.481460571289062;
2400929487.1806664;-85.491912841796875;
2401089743.5909228;-85.452095031738281;
2401250000.0011792;-85.431068420410156;
2401410256.4114356;-85.477287292480469;
2401570512.8216925;-85.460365295410156;
2401730769.2319489;-85.468856811523438;
2401891025.6422052;-85.464653015136719;
2402051282.0524616;-85.496284484863281;
2402211538.462718;-85.485618591308594;
2402371794.8729744;-85.491928100585938;
2402532051.2832308;-85.439453125;
2402692307.6934872;-85.473037719726563;
2402852564.1037436;-85.473091125488281;
2403012820.5139999;-85.448707580566406;
2403173076.9242563;-85.462577819824219;
2403333333.3345127;-85.471435546875;
2403493589.7447691;-85.489959716796875;
2403653846.1550255;-85.483512878417969;
2403814102.5652819;-85.527961730957031;
2403974358.9755383;-85.458351135253906;
2404134615.3857946;-85.510940551757812;
2404294871.796051;-85.502540588378906;
2404455128.2063074;-85.506660461425781;
2404615384.6165643;-85.513084411621094;
2404775641.0268207;-85.477180480957031;
2404935897.437077;-85.445808410644531;
2405096153.8473334;-85.416366577148438;
2405256410.2575898;-85.489959716796875;
2405416666.6678462;-85.452003479003906;
2405576923.0781026;-85.561874389648437;
2405737179.488359;-85.572456359863281;
2405897435.8986154;-85.521446228027344;
2406057692.3088717;-85.523643493652344;
2406217948.7191281;-85.553321838378906;
2406378205.1293845;-85.547050476074219;
2406538461.5396409;-85.477203369140625;
2406698717.9498973;-85.506828308105469;
2406858974.3601537;-85.498336791992187;
2407019230.7704101;-85.559715270996094;
2407179487.1806664;-85.513092041015625;
2407339743.5909228;-85.536323547363281;
2407500000.0011792;-85.532180786132813;
2407660256.4114356;-85.496185302734375;
2407820512.8216925;-85.536453247070313;
2407980769.2319489;-85.470985412597656;
2408141025.6422052;-85.525825500488281;
2408301282.0524616;-85.513137817382812;
2408461538.462718;-85.487754821777344;
2408621794.8729744;-85.487838745117188;
2408782051.2832308;-85.481452941894531;
2408942307.6934872;-85.540657043457031;
2409102564.1037436;-85.487770080566406;
2409262820.5139999;-85.542816162109375;
2409423076.9242563;-85.491943359375;
2409583333.3345127;-85.53851318359375;
2409743589.7447691;-85.51300048828125;
2409903846.1550255;-85.534088134765625;
2410064102.5652819;-85.506767272949219;
2410224358.9755383;-85.536407470703125;
2410384615.3857946;-85.53857421875;
2410544871.796051;-85.449882507324219;
2410705128.2063074;-85.508880615234375;
2410865384.6165643;-85.466781616210937;
2411025641.0268207;-85.530067443847656;
2411185897.437077;-85.500396728515625;
2411346153.8473334;-85.548965454101563;
2411506410.2575898;-85.490371704101563;
2411666666.6678462;-85.53009033203125;
2411826923.0781026;-85.489921569824219;
2411987179.488359;-85.527969360351563;
2412147435.8986154;-85.516136169433594;
2412307692.3088717;-85.516387939453125;
2412467948.7191281;-85.523422241210937;
2412628205.1293845;-85.536422729492188;
2412788461.5396409;-85.559776306152344;
2412948717.9498973;-85.540634155273438;
2413108974.3601537;-85.540695190429687;
2413269230.7704101;-85.515266418457031;
2413429487.1806664;-85.598106384277344;
2413589743.5909228;-85.55126953125;
2413750000.0011792;-85.551300048828125;
2413910256.4114356;-85.504676818847656;
2414070512.8216925;-85.536453247070313;
2414230769.2319489;-85.587448120117188;
2414391025.6422052;-85.559677124023437;
2414551282.0524616;-85.568283081054688;
2414711538.462718;-85.585311889648437;
2414871794.8729744;-85.567062377929688;
2415032051.2832308;-85.53009033203125;
2415192307.6934872;-85.570404052734375;
2415352564.1037436;-85.540687561035156;
2415512820.5139999;-85.564048767089844;
2415673076.9242563;-85.5216064453125;
2415833333.3345127;-85.551284790039063;
2415993589.7447691;-85.51739501953125;
2416153846.1550255;-85.540687561035156;
2416314102.5652819;-85.53643798828125;
2416474358.9755383;-85.536445617675781;
2416634615.3857946;-85.555526733398438;
2416794871.796051;-85.570396423339844;
2416955128.2063074;-85.5767822265625;
2417115384.6165643;-85.542808532714844;
2417275641.0268207;-85.552505493164062;
2417435897.437077;-85.561912536621094;
2417596153.8473334;-85.578895568847656;
2417756410.2575898;-85.532218933105469;
2417916666.6678462;-85.544929504394531;
2418076923.0781026;-85.542808532714844;
2418237179.488359;-85.553421020507813;
2418397435.8986154;-85.536453247070313;
2418557692.3088717;-85.534332275390625;
2418717948.7191281;-85.534332275390625;
2418878205.1293845;-85.544921875;
2419038461.5396409;-85.570411682128906;
2419198717.9498973;-85.559776306152344;
2419358974.3601537;-85.559768676757812;
2419519230.7704101;-85.545234680175781;
2419679487.1806664;-85.534332275390625;
2419839743.5909228;-85.591720581054687;
2420000000.0011792;-85.551246643066406;
2420160256.4114356;-85.53857421875;
2420320512.8216925;-85.523735046386719;
2420480769.2319489;-85.544898986816406;
2420641025.6422052;-85.578910827636719;
2420801282.0524616;-85.547012329101563;
2420961538.462718;-85.540687561035156;
2421121794.8729744;-85.544921875;
2421282051.2832308;-85.566131591796875;
2421442307.6934872;-85.536453247070313;
2421602564.1037436;-85.540374755859375;
2421762820.5139999;-85.540664672851563;
2421923076.9242563;-85.521583557128906;
2422083333.3345127;-85.547035217285156;
2422243589.7447691;-85.523727416992188;
2422403846.1550255;-85.515266418457031;
2422564102.5652819;-85.527976989746094;
2422724358.9755383;-85.564002990722656;
2422884615.3857946;-85.547027587890625;
2423044871.796051;-85.538566589355469;
2423205128.2063074;-85.517349243164062;
2423365384.6165643;-85.530075073242188;
2423525641.0268207;-85.525863647460938;
2423685897.437077;-85.519477844238281;
2423846153.8473334;-85.536453247070313;
2424006410.2575898;-85.513160705566406;
2424166666.6678462;-85.544921875;
2424326923.0781026;-85.532203674316406;
2424487179.488359;-85.540695190429687;
2424647435.8986154;-85.508903503417969;
2424807692.3088717;-85.530097961425781;
2424967948.7191281;-85.502593994140625;
2425128205.1293845;-85.49627685546875;
2425288461.5396409;-85.517387390136719;
2425448717.9498973;-85.466766357421875;
2425608974.3601537;-85.508903503417969;
2425769230.7704101;-85.485687255859375;
2425929487.1806664;-85.471015930175781;
2426089743.5909228;-85.496192932128906;
2426250000.0011792;-85.521553039550781;
2426410256.4114356;-85.370597839355469;
2426570512.8216925;-85.368095397949219;
2426730769.2319489;-85.289840698242188;
2426891025.6422052;-85.203933715820313;
2427051282.0524616;-85.15081787109375;
2427211538.462718;-84.809318542480469;
2427371794.8729744;-84.888954162597656;
2427532051.2832308;-83.860992431640625;
2427692307.6934872;-84.359130859375;
2427852564.1037436;-82.531349182128906;
2428012820.5139999;-82.767433166503906;
2428173076.9242563;-80.129402160644531;
2428333333.3345127;-79.608901977539063;
2428493589.7447691;-77.969871520996094;
2428653846.1550255;-75.027435302734375;
2428814102.5652819;-73.806076049804688;
2428974358.9755383;-70.619850158691406;
2429134615.3857946;-70.159164428710937;
2429294871.796051;-66.785102844238281;
2429455128.2063074;-65.407196044921875;
2429615384.6165643;-62.020263671875;
2429775641.0268207;-60.696437835693359;
2429935897.437077;-58.933158874511719;
2430096153.8473334;-56.894306182861328;
2430256410.2575898;-55.770278930664063;
2430416666.6678462;-52.503425598144531;
2430576923.0781026;-52.281463623046875;
2430737179.488359;-49.488826751708984;
2430897435.8986154;-48.971893310546875;
2431057692.3088717;-46.510482788085938;
2431217948.7191281;-44.747043609619141;
2431378205.1293845;-43.628898620605469;
2431538461.5396409;-41.559814453125;
2431698717.9498973;-41.178516387939453;
2431858974.3601537;-38.503360748291016;
2432019230.7704101;-37.755542755126953;
2432179487.1806664;-35.597347259521484;
2432339743.5909228;-34.726871490478516;
2432500000.0011792;-33.530250549316406;
2432660256.4114356;-31.914909362792969;
2432820512.8216925;-30.664867401123047;
2432980769.2319489;-29.453117370605469;
2433141025.6422052;-28.698657989501953;
2433301282.0524616;-27.695764541625977;
2433461538.462718;-26.759475708007813;
2433621794.8729744;-25.767091751098633;
2433782051.2832308;-25.314262390136719;
2433942307.6934872;-24.834781646728516;
2434102564.1037436;-24.542055130004883;
2434262820.5139999;-24.175209045410156;
2434423076.9242563;-24.169038772583008;
2434583333.3345127;-24.20050048828125;
2434743589.7447691;-24.636451721191406;
2434903846.1550255;-24.713603973388672;
2435064102.5652819;-25.576040267944336;
2435224358.9755383;-26.058530807495117;
2435384615.3857946;-27.049644470214844;
2435544871.796051;-27.600431442260742;
2435705128.2063074;-28.596609115600586;
2435865384.6165643;-29.727167129516602;
2436025641.0268207;-31.209318161010742;
2436185897.437077;-32.237350463867188;
2436346153.8473334;-33.230167388916016;
2436506410.2575898;-34.43658447265625;
2436666666.6678462;-35.731594085693359;
2436826923.0781026;-37.766475677490234;
2436987179.488359;-38.495391845703125;
2437147435.8986154;-40.017318725585938;
2437307692.3088717;-40.90228271484375;
2437467948.7191281;-42.614589691162109;
2437628205.1293845;-44.349292755126953;
2437788461.5396409;-45.349124908447266;
2437948717.9498973;-46.669574737548828;
2438108974.3601537;-47.542903900146484;
2438269230.7704101;-49.430843353271484;
2438429487.1806664;-50.872768402099609;
2438589743.5909228;-52.278594970703125;
2438750000.0011792;-53.193538665771484;
2438910256.4114356;-54.465812683105469;
2439070512.8216925;-56.090869903564453;
2439230769.2319489;-57.832199096679688;
2439391025.6422052;-59.171981811523438;
2439551282.0524616;-60.251262664794922;
2439711538.462718;-61.822879791259766;
2439871794.8729744;-63.421089172363281;
2440032051.2832308;-65.951156616210938;
2440192307.6934872;-67.017845153808594;
2440352564.1037436;-68.802871704101563;
2440512820.5139999;-70.172370910644531;
2440673076.9242563;-72.602996826171875;
2440833333.3345127;-75.065948486328125;
2440993589.7447691;-76.287979125976563;
2441153846.1550255;-78.138908386230469;
2441314102.5652819;-79.366058349609375;
2441474358.9755383;-81.339187622070312;
2441634615.3857946;-82.946136474609375;
2441794871.796051;-83.634056091308594;
2441955128.2063074;-84.148086547851563;
2442115384.6165643;-84.552764892578125;
2442275641.0268207;-84.989715576171875;
2442435897.437077;-85.250831604003906;
2442596153.8473334;-85.337371826171875;
2442756410.2575898;-85.431106567382812;
2442916666.6678462;-85.447845458984375;
2443076923.0781026;-85.513145446777344;
2443237179.488359;-85.534324645996094;
2443397435.8986154;-85.534324645996094;
2443557692.3088717;-85.49627685546875;
2443717948.7191281;-85.559776306152344;
2443878205.1293845;-85.574676513671875;
2444038461.5396409;-85.544883728027344;
2444198717.9498973;-85.513160705566406;
2444358974.3601537;-85.351829528808594;
2444519230.7704101;-85.38726806640625;
2444679487.1806664;-85.41192626953125;
2444839743.5909228;-85.465385437011719;
2445000000.0011792;-85.424507141113281;
2445160256.4114356;-85.542778015136719;
2445320512.8216925;-85.587425231933594;
2445480769.2319489;-85.645195007324219;
2445641025.6422052;-85.655937194824219;
2445801282.0524616;-85.595954895019531;
2445961538.462718;-85.574676513671875;
2446121794.8729744;-85.574638366699219;
2446282051.2832308;-85.647315979003906;
2446442307.6934872;-85.600242614746094;
2446602564.1037436;-85.632308959960938;
2446762820.5139999;-85.630172729492188;
2446923076.9242563;-85.623710632324219;
2447083333.3345127;-85.673133850097656;
2447243589.7447691;-85.606643676757813;
2447403846.1550255;-85.67529296875;
2447564102.5652819;-85.615188598632812;
2447724358.9755383;-85.662361145019531;
2447884615.3857946;-85.551216125488281;
2448044871.796051;-85.514274597167969;
2448205128.2063074;-85.147750854492188;
2448365384.6165643;-84.878974914550781;
2448525641.0268207;-84.98583984375;
2448685897.437077;-84.666061401367188;
2448846153.8473334;-84.663932800292969;
2449006410.2575898;-84.237411499023437;
2449166666.6678462;-84.837265014648437;
2449326923.0781026;-84.578468322753906;
2449487179.488359;-84.59674072265625;
2449647435.8986154;-84.794143676757812;
2449807692.3088717;-85.453628540039063;
2449967948.7191281;-85.654701232910156;
2450128205.1293845;-85.319580078125;
2450288461.5396409;-85.08526611328125;
2450448717.9498973;-85.5152587890625;
2450608974.3601537;-85.615150451660156;
2450769230.7704101;-85.621528625488281;
2450929487.1806664;-85.647323608398438;
2451089743.5909228;-85.653785705566406;
2451250000.0011792;-85.709808349609375;
2451410256.4114356;-85.658073425292969;
2451570512.8216925;-85.668830871582031;
2451730769.2319489;-85.662384033203125;
2451891025.6422052;-85.662361145019531;
2452051282.0524616;-85.701126098632812;
2452211538.462718;-85.673072814941406;
2452371794.8729744;-85.457504272460938;
2452532051.2832308;-85.082603454589844;
2452692307.6934872;-85.456008911132812;
2452852564.1037436;-85.587356567382813;
2453012820.5139999;-85.70330810546875;
2453173076.9242563;-85.688217163085937;
2453333333.3345127;-85.707611083984375;
2453493589.7447691;-85.722747802734375;
2453653846.1550255;-85.740058898925781;
2453814102.5652819;-85.744461059570313;
2453974358.9755383;-85.705421447753906;
2454134615.3857946;-85.699005126953125;
2454294871.796051;-85.610824584960938;
2454455128.2063074;-85.724945068359375;
2454615384.6165643;-85.66021728515625;
2454775641.0268207;-85.6322021484375;
2454935897.437077;-85.634384155273438;
2455096153.8473334;-85.621414184570313;
2455256410.2575898;-85.589591979980469;
2455416666.6678462;-85.553184509277344;
2455576923.0781026;-85.591590881347656;
2455737179.488359;-85.619392395019531;
2455897435.8986154;-85.718345642089844;
2456057692.3088717;-85.681587219238281;
2456217948.7191281;-85.687705993652344;
2456378205.1293845;-85.61724853515625;
2456538461.5396409;-85.531356811523438;
2456698717.9498973;-85.304336547851563;
2456858974.3601537;-85.293830871582031;
2457019230.7704101;-85.525596618652344;
2457179487.1806664;-85.03515625;
2457339743.5909228;-84.833358764648437;
2457500000.0011792;-85.446945190429687;
2457660256.4114356;-85.625656127929687;
2457820512.8216925;-85.581512451171875;
2457980769.2319489;-85.409919738769531;
2458141025.6422052;-85.63653564453125;
2458301282.0524616;-85.595878601074219;
2458461538.462718;-85.71624755859375;
2458621794.8729744;-85.69451904296875;
2458782051.2832308;-85.716133117675781;
2458942307.6934872;-85.720558166503906;
2459102564.1037436;-85.68572998046875;
2459262820.5139999;-85.709754943847656;
2459423076.9242563;-85.679397583007813;
2459583333.3345127;-85.72705078125;
2459743589.7447691;-85.666519165039063;
2459903846.1550255;-85.72711181640625;
2460064102.5652819;-85.630119323730469;
2460224358.9755383;-85.683784484863281;
2460384615.3857946;-85.67071533203125;
2460544871.796051;-85.700874328613281;
2460705128.2063074;-85.709747314453125;
2460865384.6165643;-85.688018798828125;
2461025641.0268207;-85.755302429199219;
2461185897.437077;-85.66644287109375;
2461346153.8473334;-85.735740661621094;
2461506410.2575898;-85.60870361328125;
2461666666.6678462;-85.711746215820313;
2461826923.0781026;-85.657981872558594;
2461987179.488359;-85.705230712890625;
2462147435.8986154;-85.729217529296875;
2462307692.3088717;-85.705238342285156;
2462467948.7191281;-85.779266357421875;
2462628205.1293845;-85.68145751953125;
2462788461.5396409;-85.714111328125;
2462948717.9498973;-85.6279296875;
2463108974.3601537;-85.681617736816406;
2463269230.7704101;-85.640701293945313;
2463429487.1806664;-85.657745361328125;
2463589743.5909228;-85.672996520996094;
2463750000.0011792;-85.672760009765625;
2463910256.4114356;-85.707618713378906;
2464070512.8216925;-85.647132873535156;
2464230769.2319489;-85.71624755859375;
2464391025.6422052;-85.655754089355469;
2464551282.0524616;-85.742225646972656;
2464711538.462718;-85.664421081542969;
2464871794.8729744;-85.687904357910156;
2465032051.2832308;-85.716072082519531;
2465192307.6934872;-85.704887390136719;
2465352564.1037436;-85.733573913574219;
2465512820.5139999;-85.668510437011719;
2465673076.9242563;-85.705467224121094;
2465833333.3345127;-85.6385498046875;
2465993589.7447691;-85.731437683105469;
2466153846.1550255;-85.664291381835938;
2466314102.5652819;-85.770530700683594;
2466474358.9755383;-85.655876159667969;
2466634615.3857946;-85.720428466796875;
2466794871.796051;-85.735702514648438;
2466955128.2063074;-85.713668823242188;
2467115384.6165643;-85.716224670410156;
2467275641.0268207;-85.6793212890625;
2467435897.437077;-85.790130615234375;
2467596153.8473334;-85.649360656738281;
2467756410.2575898;-85.724769592285156;
2467916666.6678462;-85.636489868164063;
2468076923.0781026;-85.646835327148438;
2468237179.488359;-85.642845153808594;
2468397435.8986154;-85.614608764648437;
2468557692.3088717;-85.713935852050781;
2468717948.7191281;-85.679046630859375;
2468878205.1293845;-85.740104675292969;
2469038461.5396409;-85.589149475097656;
2469198717.9498973;-85.726448059082031;
2469358974.3601537;-85.589759826660156;
2469519230.7704101;-85.644355773925781;
2469679487.1806664;-85.65814208984375;
2469839743.5909228;-85.574943542480469;
2470000000.0011792;-85.642730712890625;
2470160256.4114356;-85.533149719238281;
2470320512.8216925;-85.67498779296875;
2470480769.2319489;-85.484878540039063;
2470641025.6422052;-85.661582946777344;
2470801282.0524616;-85.438980102539063;
2470961538.462718;-85.481025695800781;
2471121794.8729744;-85.548469543457031;
2471282051.2832308;-85.505638122558594;
2471442307.6934872;-85.572074890136719;
2471602564.1037436;-85.348442077636719;
2471762820.5139999;-85.574211120605469;
2471923076.9242563;-85.247123718261719;
2472083333.3345127;-85.551559448242187;
2472243589.7447691;-85.123695373535156;
2472403846.1550255;-85.344398498535156;
2472564102.5652819;-85.19671630859375;
2472724358.9755383;-85.09112548828125;
2472884615.3857946;-85.262977600097656;
2473044871.796051;-84.891792297363281;
2473205128.2063074;-85.321029663085938;
2473365384.6165643;-84.792915344238281;
2473525641.0268207;-85.410896301269531;
2473685897.437077;-84.638687133789063;
2473846153.8473334;-85.127334594726563;
2474006410.2575898;-84.88739013671875;
2474166666.6678462;-84.93389892578125;
2474326923.0781026;-85.199752807617188;
2474487179.488359;-84.855361938476563;
2474647435.8986154;-85.392097473144531;
2474807692.3088717;-84.944709777832031;
2474967948.7191281;-85.268608093261719;
2475128205.1293845;-85.070816040039063;
2475288461.5396409;-85.280433654785156;
2475448717.9498973;-85.360580444335938;
2475608974.3601537;-85.397453308105469;
2475769230.7704101;-85.476875305175781;
2475929487.1806664;-85.326408386230469;
2476089743.5909228;-85.550994873046875;
2476250000.0011792;-85.377525329589844;
2476410256.4114356;-85.597862243652344;
2476570512.8216925;-85.432388305664063;
2476730769.2319489;-85.627395629882813;
2476891025.6422052;-85.535987854003906;
2477051282.0524616;-85.614295959472656;
2477211538.462718;-85.587287902832031;
2477371794.8729744;-85.595413208007813;
2477532051.2832308;-85.662162780761719;
2477692307.6934872;-85.638389587402344;
2477852564.1037436;-85.724922180175781;
2478012820.5139999;-85.62786865234375;
2478173076.9242563;-85.720359802246094;
2478333333.3345127;-85.692283630371094;
2478493589.7447691;-85.752883911132812;
2478653846.1550255;-85.731430053710937;
2478814102.5652819;-85.73345947265625;
2478974358.9755383;-85.801063537597656;
2479134615.3857946;-85.733551025390625;
2479294871.796051;-85.772705078125;
2479455128.2063074;-85.685989379882813;
2479615384.6165643;-85.737838745117188;
2479775641.0268207;-85.731391906738281;
2479935897.437077;-85.740097045898437;
2480096153.8473334;-85.746620178222656;
2480256410.2575898;-85.720558166503906;
2480416666.6678462;-85.785804748535156;
2480576923.0781026;-85.7357177734375;
2480737179.488359;-85.779251098632813;
2480897435.8986154;-85.774894714355469;
2481057692.3088717;-85.798576354980469;
2481217948.7191281;-85.740089416503906;
2481378205.1293845;-85.787971496582031;
2481538461.5396409;-85.779258728027344;
2481698717.9498973;-85.770416259765625;
2481858974.3601537;-85.777069091796875;
2482019230.7704101;-85.763984680175781;
2482179487.1806664;-85.766204833984375;
2482339743.5909228;-85.729263305664063;
2482500000.0011792;-85.803253173828125;
2482660256.4114356;-85.759666442871094;
2482820512.8216925;-85.80108642578125;
2482980769.2319489;-85.798782348632812;
2483141025.6422052;-85.860252380371094;
2483301282.0524616;-85.82952880859375;
2483461538.462718;-85.794464111328125;
2483621794.8729744;-85.764030456542969;
2483782051.2832308;-85.7618408203125;
2483942307.6934872;-85.764030456542969;
2484102564.1037436;-85.737937927246094;
2484262820.5139999;-85.774894714355469;
