Type;ESU;
Version;4.43;
Date;03.Jun 16;
Mode;ANALYZER;
Center Freq;2434262820.514000;Hz
Freq Offset;0.000000;Hz
Span;100000000.000000;Hz
x-Axis;LIN;
Start;2384262820.514000;Hz
Stop;2484262820.514000;Hz
Ref Level;-9.000000;dBm
Level Offset;0.000000;dB
Ref Position;100.000000;%
y-Axis;LOG;
Level Range;100.000000;dB
Rf Att;5.000000;dB
RBW;2000000.000000;Hz
VBW;50.000000;Hz
SWT;2.500000;s
Trace Mode;CLR/WRITE;
Detector;RMS;
Sweep Count;0;
Trace 1:;;
x-Unit;Hz;
y-Unit;dBm;
Values;625;
2384262820.5139999;-85.70904541015625;
2384423076.9242563;-85.694923400878906;
2384583333.3345127;-85.714179992675781;
2384743589.7447691;-85.689155578613281;
2384903846.1550255;-85.691070556640625;
2385064102.5652819;-85.733451843261719;
2385224358.9755383;-85.696853637695313;
2385384615.3857946;-85.716094970703125;
2385544871.796051;-85.7103271484375;
2385705128.2063074;-85.694869995117188;
2385865384.6165643;-85.712265014648437;
2386025641.0268207;-85.689163208007813;
2386185897.437077;-85.714141845703125;
2386346153.8473334;-85.704551696777344;
2386506410.2575898;-85.693000793457031;
2386666666.6678462;-85.702629089355469;
2386826923.0781026;-85.719970703125;
2386987179.488359;-85.669921875;
2387147435.8986154;-85.683380126953125;
2387307692.3088717;-85.694892883300781;
2387467948.7191281;-85.664192199707031;
2387628205.1293845;-85.70648193359375;
2387788461.5396409;-85.712265014648437;
2387948717.9498973;-85.696846008300781;
2388108974.3601537;-85.708412170410156;
2388269230.7704101;-85.691078186035156;
2388429487.1806664;-85.675704956054688;
2388589743.5909228;-85.700691223144531;
2388750000.0011792;-85.629783630371094;
2388910256.4114356;-85.67181396484375;
2389070512.8216925;-85.622146606445313;
2389230769.2319489;-85.654617309570313;
2389391025.6422052;-85.675666809082031;
2389551282.0524616;-85.68902587890625;
2389711538.462718;-85.704551696777344;
2389871794.8729744;-85.618057250976563;
2390032051.2832308;-85.654640197753906;
2390192307.6934872;-85.578262329101563;
2390352564.1037436;-85.624053955078125;
2390512820.5139999;-85.568740844726563;
2390673076.9242563;-85.648872375488281;
2390833333.3345127;-85.559379577636719;
2390993589.7447691;-85.591529846191406;
2391153846.1550255;-85.549789428710938;
2391314102.5652819;-85.645050048828125;
2391474358.9755383;-85.512107849121094;
2391634615.3857946;-85.627845764160156;
2391794871.796051;-85.368003845214844;
2391955128.2063074;-85.546089172363281;
2392115384.6165643;-85.391853332519531;
2392275641.0268207;-85.582176208496094;
2392435897.437077;-85.646949768066406;
2392596153.8473334;-85.692977905273438;
2392756410.2575898;-85.219734191894531;
2392916666.6678462;-85.4403076171875;
2393076923.0781026;-85.213737487792969;
2393237179.488359;-85.377922058105469;
2393397435.8986154;-85.328773498535156;
2393557692.3088717;-85.360977172851563;
2393717948.7191281;-85.335884094238281;
2393878205.1293845;-85.379417419433594;
2394038461.5396409;-85.238426208496094;
2394198717.9498973;-85.423347473144531;
2394358974.3601537;-85.277008056640625;
2394519230.7704101;-85.492912292480469;
2394679487.1806664;-85.209274291992188;
2394839743.5909228;-85.413711547851563;
2395000000.0011792;-85.418052673339844;
2395160256.4114356;-85.477508544921875;
2395320512.8216925;-85.485763549804687;
2395480769.2319489;-85.417533874511719;
2395641025.6422052;-85.474441528320313;
2395801282.0524616;-85.494842529296875;
2395961538.462718;-85.510215759277344;
2396121794.8729744;-85.540130615234375;
2396282051.2832308;-85.57830810546875;
2396442307.6934872;-85.580223083496094;
2396602564.1037436;-85.465110778808594;
2396762820.5139999;-85.6068115234375;
2396923076.9242563;-85.55926513671875;
2397083333.3345127;-85.5992431640625;
2397243589.7447691;-85.6011962890625;
2397403846.1550255;-85.529121398925781;
2397564102.5652819;-85.612602233886719;
2397724358.9755383;-85.551856994628906;
2397884615.3857946;-85.608795166015625;
2398044871.796051;-85.532928466796875;
2398205128.2063074;-85.608810424804688;
2398365384.6165643;-85.546134948730469;
2398525641.0268207;-85.618331909179687;
2398685897.437077;-85.574508666992188;
2398846153.8473334;-85.624061584472656;
2399006410.2575898;-85.563125610351563;
2399166666.6678462;-85.599273681640625;
2399326923.0781026;-85.610671997070313;
2399487179.488359;-85.631675720214844;
2399647435.8986154;-85.578330993652344;
2399807692.3088717;-85.639320373535156;
2399967948.7191281;-85.595489501953125;
2400128205.1293845;-85.603057861328125;
2400288461.5396409;-85.580268859863281;
2400448717.9498973;-85.6240234375;
2400608974.3601537;-85.578346252441406;
2400769230.7704101;-85.620246887207031;
2400929487.1806664;-85.597381591796875;
2401089743.5909228;-85.620246887207031;
2401250000.0011792;-85.588951110839844;
2401410256.4114356;-85.605628967285156;
2401570512.8216925;-85.578094482421875;
2401730769.2319489;-85.615791320800781;
2401891025.6422052;-85.599838256835938;
2402051282.0524616;-85.620246887207031;
2402211538.462718;-85.622146606445313;
2402371794.8729744;-85.610710144042969;
2402532051.2832308;-85.578384399414063;
2402692307.6934872;-85.604988098144531;
2402852564.1037436;-85.608802795410156;
2403012820.5139999;-85.618331909179687;
2403173076.9242563;-85.606903076171875;
2403333333.3345127;-85.666130065917969;
2403493589.7447691;-85.631675720214844;
2403653846.1550255;-85.608802795410156;
2403814102.5652819;-85.551834106445313;
2403974358.9755383;-85.567008972167969;
2404134615.3857946;-85.597366333007813;
2404294871.796051;-85.650787353515625;
2404455128.2063074;-85.622146606445313;
2404615384.6165643;-85.618339538574219;
2404775641.0268207;-85.614097595214844;
2404935897.437077;-85.619430541992188;
2405096153.8473334;-85.619178771972656;
2405256410.2575898;-85.627876281738281;
2405416666.6678462;-85.5745849609375;
2405576923.0781026;-85.606895446777344;
2405737179.488359;-85.618324279785156;
2405897435.8986154;-85.639328002929688;
2406057692.3088717;-85.624061584472656;
2406217948.7191281;-85.624053955078125;
2406378205.1293845;-85.610702514648437;
2406538461.5396409;-85.635505676269531;
2406698717.9498973;-85.599288940429688;
2406858974.3601537;-85.654640197753906;
2407019230.7704101;-85.60687255859375;
2407179487.1806664;-85.616432189941406;
2407339743.5909228;-85.625953674316406;
2407500000.0011792;-85.637420654296875;
2407660256.4114356;-85.656539916992188;
2407820512.8216925;-85.608802795410156;
2407980769.2319489;-85.639335632324219;
2408141025.6422052;-85.584083557128906;
2408301282.0524616;-85.625961303710938;
2408461538.462718;-85.606880187988281;
2408621794.8729744;-85.631690979003906;
2408782051.2832308;-85.568885803222656;
2408942307.6934872;-85.650802612304688;
2409102564.1037436;-85.616386413574219;
2409262820.5139999;-85.727653503417969;
2409423076.9242563;-85.664215087890625;
2409583333.3345127;-85.654594421386719;
2409743589.7447691;-85.606903076171875;
2409903846.1550255;-85.578353881835938;
2410064102.5652819;-85.595443725585937;
2410224358.9755383;-85.580238342285156;
2410384615.3857946;-85.574577331542969;
2410544871.796051;-85.589698791503906;
2410705128.2063074;-85.566947937011719;
2410865384.6165643;-85.624046325683594;
2411025641.0268207;-85.650772094726563;
2411185897.437077;-85.681350708007812;
2411346153.8473334;-85.629753112792969;
2411506410.2575898;-85.63958740234375;
2411666666.6678462;-85.61260986328125;
2411826923.0781026;-85.668022155761719;
2411987179.488359;-85.635505676269531;
2412147435.8986154;-85.627853393554687;
2412307692.3088717;-85.631675720214844;
2412467948.7191281;-85.627861022949219;
2412628205.1293845;-85.610702514648437;
2412788461.5396409;-85.645011901855469;
2412948717.9498973;-85.656532287597656;
2413108974.3601537;-85.618331909179687;
2413269230.7704101;-85.631690979003906;
2413429487.1806664;-85.614517211914062;
2413589743.5909228;-85.633583068847656;
2413750000.0011792;-85.668045043945313;
2413910256.4114356;-85.708412170410156;
2414070512.8216925;-85.714187622070313;
2414230769.2319489;-85.700431823730469;
2414391025.6422052;-85.731544494628906;
2414551282.0524616;-85.719963073730469;
2414711538.462718;-85.698783874511719;
2414871794.8729744;-85.696823120117187;
2415032051.2832308;-85.716110229492188;
2415192307.6934872;-85.691085815429687;
2415352564.1037436;-85.700698852539063;
2415512820.5139999;-85.68914794921875;
2415673076.9242563;-85.704551696777344;
2415833333.3345127;-85.71417236328125;
2415993589.7447691;-85.710304260253906;
2416153846.1550255;-85.629776000976563;
2416314102.5652819;-85.624061584472656;
2416474358.9755383;-85.622138977050781;
2416634615.3857946;-85.634696960449219;
2416794871.796051;-85.64697265625;
2416955128.2063074;-85.710334777832031;
2417115384.6165643;-85.708412170410156;
2417275641.0268207;-85.706474304199219;
2417435897.437077;-85.679557800292969;
2417596153.8473334;-85.700698852539063;
2417756410.2575898;-85.654632568359375;
2417916666.6678462;-85.627876281738281;
2418076923.0781026;-85.635498046875;
2418237179.488359;-85.681472778320312;
2418397435.8986154;-85.677635192871094;
2418557692.3088717;-85.656547546386719;
2418717948.7191281;-85.643135070800781;
2418878205.1293845;-85.619430541992188;
2419038461.5396409;-85.612617492675781;
2419198717.9498973;-85.641242980957031;
2419358974.3601537;-85.664192199707031;
2419519230.7704101;-85.693008422851562;
2419679487.1806664;-85.683364868164062;
2419839743.5909228;-85.624053955078125;
2420000000.0011792;-85.618331909179687;
2420160256.4114356;-85.631690979003906;
2420320512.8216925;-85.633598327636719;
2420480769.2319489;-85.622138977050781;
2420641025.6422052;-85.643157958984375;
2420801282.0524616;-85.691085815429687;
2420961538.462718;-85.660285949707031;
2421121794.8729744;-85.608528137207031;
2421282051.2832308;-85.643119812011719;
2421442307.6934872;-85.654632568359375;
2421602564.1037436;-85.679534912109375;
2421762820.5139999;-85.698776245117188;
2421923076.9242563;-85.683403015136719;
2422083333.3345127;-85.67572021484375;
2422243589.7447691;-85.677642822265625;
2422403846.1550255;-85.622146606445313;
2422564102.5652819;-85.658462524414062;
2422724358.9755383;-85.6202392578125;
2422884615.3857946;-85.622154235839844;
2423044871.796051;-85.637413024902344;
2423205128.2063074;-85.643402099609375;
2423365384.6165643;-85.643119812011719;
2423525641.0268207;-85.637420654296875;
2423685897.437077;-85.6202392578125;
2423846153.8473334;-85.625968933105469;
2424006410.2575898;-85.622154235839844;
2424166666.6678462;-85.646965026855469;
2424326923.0781026;-85.612617492675781;
2424487179.488359;-85.625961303710938;
2424647435.8986154;-85.618331909179687;
2424807692.3088717;-85.633590698242188;
2424967948.7191281;-85.658462524414062;
2425128205.1293845;-85.65655517578125;
2425288461.5396409;-85.664169311523438;
2425448717.9498973;-85.691078186035156;
2425608974.3601537;-85.658462524414062;
2425769230.7704101;-85.624061584472656;
2425929487.1806664;-85.652717590332031;
2426089743.5909228;-85.687187194824219;
2426250000.0011792;-85.666107177734375;
2426410256.4114356;-85.669868469238281;
2426570512.8216925;-85.666114807128906;
2426730769.2319489;-85.633560180664063;
2426891025.6422052;-85.637420654296875;
2427051282.0524616;-85.625747680664062;
2427211538.462718;-85.576431274414063;
2427371794.8729744;-85.585395812988281;
2427532051.2832308;-85.531059265136719;
2427692307.6934872;-85.495185852050781;
2427852564.1037436;-85.0401611328125;
2428012820.5139999;-85.303642272949219;
2428173076.9242563;-84.458610534667969;
2428333333.3345127;-84.667221069335937;
2428493589.7447691;-83.463508605957031;
2428653846.1550255;-83.7349853515625;
2428814102.5652819;-80.886375427246094;
2428974358.9755383;-81.173652648925781;
2429134615.3857946;-77.832191467285156;
2429294871.796051;-78.141326904296875;
2429455128.2063074;-73.846969604492188;
2429615384.6165643;-73.360984802246094;
2429775641.0268207;-69.89398193359375;
2429935897.437077;-69.685844421386719;
2430096153.8473334;-66.674293518066406;
2430256410.2575898;-65.557106018066406;
2430416666.6678462;-62.381237030029297;
2430576923.0781026;-62.221469879150391;
2430737179.488359;-59.313323974609375;
2430897435.8986154;-58.932083129882813;
2431057692.3088717;-55.856662750244141;
2431217948.7191281;-55.264575958251953;
2431378205.1293845;-52.640979766845703;
2431538461.5396409;-52.354404449462891;
2431698717.9498973;-50.018558502197266;
2431858974.3601537;-49.022598266601563;
2432019230.7704101;-46.635448455810547;
2432179487.1806664;-45.680843353271484;
2432339743.5909228;-44.142543792724609;
2432500000.0011792;-43.332996368408203;
2432660256.4114356;-41.185550689697266;
2432820512.8216925;-40.314716339111328;
2432980769.2319489;-38.87066650390625;
2433141025.6422052;-38.102302551269531;
2433301282.0524616;-37.109123229980469;
2433461538.462718;-35.782951354980469;
2433621794.8729744;-35.118324279785156;
2433782051.2832308;-34.539291381835938;
2433942307.6934872;-34.050434112548828;
2434102564.1037436;-33.612293243408203;
2434262820.5139999;-33.128532409667969;
2434423076.9242563;-33.399120330810547;
2434583333.3345127;-33.146194458007812;
2434743589.7447691;-33.675422668457031;
2434903846.1550255;-33.521553039550781;
2435064102.5652819;-34.647342681884766;
2435224358.9755383;-35.051944732666016;
2435384615.3857946;-35.926380157470703;
2435544871.796051;-36.425361633300781;
2435705128.2063074;-37.546295166015625;
2435865384.6165643;-38.807373046875;
2436025641.0268207;-40.240455627441406;
2436185897.437077;-40.964519500732422;
2436346153.8473334;-42.177898406982422;
2436506410.2575898;-43.262123107910156;
2436666666.6678462;-45.234874725341797;
2436826923.0781026;-46.423095703125;
2436987179.488359;-47.538204193115234;
2437147435.8986154;-48.798545837402344;
2437307692.3088717;-49.926372528076172;
2437467948.7191281;-51.971267700195312;
2437628205.1293845;-53.276664733886719;
2437788461.5396409;-54.371456146240234;
2437948717.9498973;-55.558094024658203;
2438108974.3601537;-56.610382080078125;
2438269230.7704101;-58.862068176269531;
2438429487.1806664;-59.867607116699219;
2438589743.5909228;-61.301017761230469;
2438750000.0011792;-62.111885070800781;
2438910256.4114356;-63.858673095703125;
2439070512.8216925;-65.371063232421875;
2439230769.2319489;-67.101303100585937;
2439391025.6422052;-68.048660278320313;
2439551282.0524616;-69.413398742675781;
2439711538.462718;-70.251937866210938;
2439871794.8729744;-72.903144836425781;
2440032051.2832308;-74.316047668457031;
2440192307.6934872;-75.872055053710937;
2440352564.1037436;-77.051589965820313;
2440512820.5139999;-78.772392272949219;
2440673076.9242563;-80.940345764160156;
2440833333.3345127;-82.396751403808594;
2440993589.7447691;-83.063026428222656;
2441153846.1550255;-83.82452392578125;
2441314102.5652819;-84.405708312988281;
2441474358.9755383;-85.115348815917969;
2441634615.3857946;-85.357192993164062;
2441794871.796051;-85.512168884277344;
2441955128.2063074;-85.559379577636719;
2442115384.6165643;-85.683341979980469;
2442275641.0268207;-85.747016906738281;
2442435897.437077;-85.719970703125;
2442596153.8473334;-85.718048095703125;
2442756410.2575898;-85.723831176757813;
2442916666.6678462;-85.721893310546875;
2443076923.0781026;-85.729621887207031;
2443237179.488359;-85.737335205078125;
2443397435.8986154;-85.698768615722656;
2443557692.3088717;-85.702629089355469;
2443717948.7191281;-85.716110229492188;
2443878205.1293845;-85.784378051757813;
2444038461.5396409;-85.805259704589844;
2444198717.9498973;-85.795494079589844;
2444358974.3601537;-85.772163391113281;
2444519230.7704101;-85.81890869140625;
2444679487.1806664;-85.777984619140625;
2444839743.5909228;-85.801353454589844;
2445000000.0011792;-85.795516967773438;
2445160256.4114356;-85.809150695800781;
2445320512.8216925;-85.815010070800781;
2445480769.2319489;-85.801361083984375;
2445641025.6422052;-85.727157592773438;
2445801282.0524616;-85.591659545898438;
2445961538.462718;-85.7237548828125;
2446121794.8729744;-85.783775329589844;
2446282051.2832308;-85.700698852539063;
2446442307.6934872;-85.675651550292969;
2446602564.1037436;-85.718048095703125;
2446762820.5139999;-85.764442443847656;
2446923076.9242563;-85.820854187011719;
2447083333.3345127;-85.824485778808594;
2447243589.7447691;-85.818893432617188;
2447403846.1550255;-85.795524597167969;
2447564102.5652819;-85.81695556640625;
2447724358.9755383;-85.805259704589844;
2447884615.3857946;-85.822807312011719;
2448044871.796051;-85.740196228027344;
2448205128.2063074;-85.748947143554688;
2448365384.6165643;-85.673759460449219;
2448525641.0268207;-85.741073608398438;
2448685897.437077;-85.834518432617188;
2448846153.8473334;-85.822807312011719;
2449006410.2575898;-85.718658447265625;
2449166666.6678462;-85.23699951171875;
2449326923.0781026;-85.625755310058594;
2449487179.488359;-85.758613586425781;
2449647435.8986154;-85.793571472167969;
2449807692.3088717;-85.597053527832031;
2449967948.7191281;-85.300086975097656;
2450128205.1293845;-85.305412292480469;
2450288461.5396409;-85.570549011230469;
2450448717.9498973;-85.721900939941406;
2450608974.3601537;-85.718048095703125;
2450769230.7704101;-85.723823547363281;
2450929487.1806664;-85.77801513671875;
2451089743.5909228;-85.675643920898437;
2451250000.0011792;-85.606903076171875;
2451410256.4114356;-85.604949951171875;
2451570512.8216925;-85.719963073730469;
2451730769.2319489;-85.721900939941406;
2451891025.6422052;-85.768318176269531;
2452051282.0524616;-85.80914306640625;
2452211538.462718;-85.815010070800781;
2452371794.8729744;-85.791633605957031;
2452532051.2832308;-85.598899841308594;
2452692307.6934872;-85.624000549316406;
2452852564.1037436;-85.700668334960938;
2453012820.5139999;-85.787696838378906;
2453173076.9242563;-85.777885437011719;
2453333333.3345127;-85.562820434570313;
2453493589.7447691;-85.723175048828125;
2453653846.1550255;-85.755592346191406;
2453814102.5652819;-85.733421325683594;
2453974358.9755383;-85.712265014648437;
2454134615.3857946;-85.706474304199219;
2454294871.796051;-85.752792358398437;
2454455128.2063074;-85.801353454589844;
2454615384.6165643;-85.832572937011719;
2454775641.0268207;-85.803260803222656;
2454935897.437077;-85.799270629882813;
2455096153.8473334;-85.883522033691406;
2455256410.2575898;-85.746971130371094;
2455416666.6678462;-85.836463928222656;
2455576923.0781026;-85.764350891113281;
2455737179.488359;-85.809135437011719;
2455897435.8986154;-85.79736328125;
2456057692.3088717;-85.801345825195313;
2456217948.7191281;-85.743110656738281;
2456378205.1293845;-85.82080078125;
2456538461.5396409;-85.770233154296875;
2456698717.9498973;-85.80914306640625;
2456858974.3601537;-85.799354553222656;
2457019230.7704101;-85.81500244140625;
2457179487.1806664;-85.754669189453125;
2457339743.5909228;-85.770248413085938;
2457500000.0011792;-85.687202453613281;
2457660256.4114356;-85.793510437011719;
2457820512.8216925;-85.795433044433594;
2457980769.2319489;-85.785758972167969;
2458141025.6422052;-85.6756591796875;
2458301282.0524616;-85.743141174316406;
2458461538.462718;-85.741172790527344;
2458621794.8729744;-85.805267333984375;
2458782051.2832308;-85.81695556640625;
2458942307.6934872;-85.813056945800781;
2459102564.1037436;-85.73150634765625;
2459262820.5139999;-85.814994812011719;
2459423076.9242563;-85.813056945800781;
2459583333.3345127;-85.820854187011719;
2459743589.7447691;-85.719856262207031;
2459903846.1550255;-85.760574340820313;
2460064102.5652819;-85.793571472167969;
2460224358.9755383;-85.846260070800781;
2460384615.3857946;-85.824714660644531;
2460544871.796051;-85.81890869140625;
2460705128.2063074;-85.84429931640625;
2460865384.6165643;-85.809150695800781;
2461025641.0268207;-85.834510803222656;
2461185897.437077;-85.805168151855469;
2461346153.8473334;-85.854095458984375;
2461506410.2575898;-85.877479553222656;
2461666666.6678462;-85.889419555664063;
2461826923.0781026;-85.83843994140625;
2461987179.488359;-85.854042053222656;
2462147435.8986154;-85.863868713378906;
2462307692.3088717;-85.88153076171875;
2462467948.7191281;-85.867820739746094;
2462628205.1293845;-85.907135009765625;
2462788461.5396409;-85.867813110351563;
2462948717.9498973;-85.846237182617187;
2463108974.3601537;-85.879585266113281;
2463269230.7704101;-85.830558776855469;
2463429487.1806664;-85.8619384765625;
2463589743.5909228;-85.830596923828125;
2463750000.0011792;-85.901214599609375;
2463910256.4114356;-85.859931945800781;
2464070512.8216925;-85.907150268554688;
2464230769.2319489;-85.863899230957031;
2464391025.6422052;-85.859977722167969;
2464551282.0524616;-85.830596923828125;
2464711538.462718;-85.875633239746094;
2464871794.8729744;-85.863853454589844;
2465032051.2832308;-85.905174255371094;
2465192307.6934872;-85.846244812011719;
2465352564.1037436;-85.901191711425781;
2465512820.5139999;-85.838424682617187;
2465673076.9242563;-85.863853454589844;
2465833333.3345127;-85.855987548828125;
2465993589.7447691;-85.91107177734375;
2466153846.1550255;-85.85015869140625;
2466314102.5652819;-85.842308044433594;
2466474358.9755383;-85.834526062011719;
2466634615.3857946;-85.89532470703125;
2466794871.796051;-85.907150268554688;
2466955128.2063074;-85.8717041015625;
2467115384.6165643;-85.846267700195313;
2467275641.0268207;-85.822799682617188;
2467435897.437077;-85.903175354003906;
2467596153.8473334;-85.877532958984375;
2467756410.2575898;-85.9150390625;
2467916666.6678462;-85.85205078125;
2468076923.0781026;-85.905174255371094;
2468237179.488359;-85.891372680664063;
2468397435.8986154;-85.89727783203125;
2468557692.3088717;-85.889266967773438;
2468717948.7191281;-85.895301818847656;
2468878205.1293845;-85.861846923828125;
2469038461.5396409;-85.87957763671875;
2469198717.9498973;-85.848030090332031;
2469358974.3601537;-85.830604553222656;
2469519230.7704101;-85.828559875488281;
2469679487.1806664;-85.846267700195313;
2469839743.5909228;-85.791572570800781;
2470000000.0011792;-85.887397766113281;
2470160256.4114356;-85.916999816894531;
2470320512.8216925;-85.9012451171875;
2470480769.2319489;-85.810981750488281;
2470641025.6422052;-85.8795166015625;
2470801282.0524616;-85.850044250488281;
2470961538.462718;-85.911094665527344;
2471121794.8729744;-85.791404724121094;
2471282051.2832308;-85.871734619140625;
2471442307.6934872;-85.80517578125;
2471602564.1037436;-85.665786743164063;
2471762820.5139999;-85.79345703125;
2471923076.9242563;-85.74090576171875;
2472083333.3345127;-85.820831298828125;
2472243589.7447691;-85.685050964355469;
2472403846.1550255;-85.818901062011719;
2472564102.5652819;-85.629280090332031;
2472724358.9755383;-85.753929138183594;
2472884615.3857946;-85.571304321289062;
2473044871.796051;-85.666915893554688;
2473205128.2063074;-85.656059265136719;
2473365384.6165643;-85.748054504394531;
2473525641.0268207;-85.496063232421875;
2473685897.437077;-85.668701171875;
2473846153.8473334;-85.671531677246094;
2474006410.2575898;-85.6820068359375;
2474166666.6678462;-85.702415466308594;
2474326923.0781026;-85.666885375976563;
2474487179.488359;-85.750617980957031;
2474647435.8986154;-85.65771484375;
2474807692.3088717;-85.704360961914063;
2474967948.7191281;-85.700332641601562;
2475128205.1293845;-85.795433044433594;
2475288461.5396409;-85.756462097167969;
2475448717.9498973;-85.820808410644531;
2475608974.3601537;-85.756263732910156;
2475769230.7704101;-85.774093627929688;
2475929487.1806664;-85.7353515625;
2476089743.5909228;-85.801345825195313;
2476250000.0011792;-85.733451843261719;
2476410256.4114356;-85.80523681640625;
2476570512.8216925;-85.721855163574219;
2476730769.2319489;-85.7296142578125;
2476891025.6422052;-85.727668762207031;
2477051282.0524616;-85.719978332519531;
2477211538.462718;-85.689163208007813;
2477371794.8729744;-85.721900939941406;
2477532051.2832308;-85.708404541015625;
2477692307.6934872;-85.712265014648437;
2477852564.1037436;-85.696807861328125;
2478012820.5139999;-85.714179992675781;
2478173076.9242563;-85.727676391601563;
2478333333.3345127;-85.731544494628906;
2478493589.7447691;-85.768882751464844;
2478653846.1550255;-85.7730712890625;
2478814102.5652819;-85.748954772949219;
2478974358.9755383;-85.752830505371094;
2479134615.3857946;-85.787704467773438;
2479294871.796051;-85.803291320800781;
2479455128.2063074;-85.801345825195313;
2479615384.6165643;-85.793571472167969;
2479775641.0268207;-85.816963195800781;
2479935897.437077;-85.822807312011719;
2480096153.8473334;-85.854087829589844;
2480256410.2575898;-85.905174255371094;
2480416666.6678462;-85.899253845214844;
2480576923.0781026;-85.909126281738281;
2480737179.488359;-85.911094665527344;
2480897435.8986154;-85.897293090820313;
2481057692.3088717;-85.887466430664063;
2481217948.7191281;-85.913063049316406;
2481378205.1293845;-85.92095947265625;
2481538461.5396409;-85.893348693847656;
2481698717.9498973;-85.909126281738281;
2481858974.3601537;-85.913063049316406;
2482019230.7704101;-85.911094665527344;
2482179487.1806664;-85.928840637207031;
2482339743.5909228;-85.936752319335937;
2482500000.0011792;-85.881553649902344;
2482660256.4114356;-85.891677856445313;
2482820512.8216925;-85.898178100585938;
2482980769.2319489;-85.911933898925781;
2483141025.6422052;-85.901214599609375;
2483301282.0524616;-85.922935485839844;
2483461538.462718;-85.893363952636719;
2483621794.8729744;-85.915031433105469;
2483782051.2832308;-85.92095947265625;
2483942307.6934872;-85.936744689941406;
2484102564.1037436;-85.887458801269531;
2484262820.5139999;-85.901229858398438;
