Type;ESU;
Version;4.43;
Date;03.Jun 16;
Mode;ANALYZER;
Center Freq;2434262820.514000;Hz
Freq Offset;0.000000;Hz
Span;100000000.000000;Hz
x-Axis;LIN;
Start;2384262820.514000;Hz
Stop;2484262820.514000;Hz
Ref Level;-9.000000;dBm
Level Offset;0.000000;dB
Ref Position;100.000000;%
y-Axis;LOG;
Level Range;100.000000;dB
Rf Att;5.000000;dB
RBW;2000000.000000;Hz
VBW;30.000000;Hz
SWT;4.200000;s
Trace Mode;CLR/WRITE;
Detector;RMS;
Sweep Count;0;
Trace 1:;;
x-Unit;Hz;
y-Unit;dBm;
Values;625;
2384262820.5139999;-85.715240478515625;
2384423076.9242563;-85.70648193359375;
2384583333.3345127;-85.718048095703125;
2384743589.7447691;-85.711189270019531;
2384903846.1550255;-85.718040466308594;
2385064102.5652819;-85.731536865234375;
2385224358.9755383;-85.718017578125;
2385384615.3857946;-85.694923400878906;
2385544871.796051;-85.70648193359375;
2385705128.2063074;-85.706474304199219;
2385865384.6165643;-85.704559326171875;
2386025641.0268207;-85.714187622070313;
2386185897.437077;-85.714187622070313;
2386346153.8473334;-85.727691650390625;
2386506410.2575898;-85.727684020996094;
2386666666.6678462;-85.743148803710937;
2386826923.0781026;-85.718040466308594;
2386987179.488359;-85.711189270019531;
2387147435.8986154;-85.710334777832031;
2387307692.3088717;-85.731536865234375;
2387467948.7191281;-85.719947814941406;
2387628205.1293845;-85.708412170410156;
2387788461.5396409;-85.708412170410156;
2387948717.9498973;-85.714187622070313;
2388108974.3601537;-85.702629089355469;
2388269230.7704101;-85.704559326171875;
2388429487.1806664;-85.708404541015625;
2388589743.5909228;-85.708412170410156;
2388750000.0011792;-85.7103271484375;
2388910256.4114356;-85.704551696777344;
2389070512.8216925;-85.709480285644531;
2389230769.2319489;-85.710334777832031;
2389391025.6422052;-85.708412170410156;
2389551282.0524616;-85.708412170410156;
2389711538.462718;-85.712265014648437;
2389871794.8729744;-85.706474304199219;
2390032051.2832308;-85.70648193359375;
2390192307.6934872;-85.716117858886719;
2390352564.1037436;-85.712249755859375;
2390512820.5139999;-85.6929931640625;
2390673076.9242563;-85.637428283691406;
2390833333.3345127;-85.671844482421875;
2390993589.7447691;-85.708412170410156;
2391153846.1550255;-85.683387756347656;
2391314102.5652819;-85.693008422851562;
2391474358.9755383;-85.677635192871094;
2391634615.3857946;-85.693000793457031;
2391794871.796051;-85.688941955566406;
2391955128.2063074;-85.681480407714844;
2392115384.6165643;-85.637420654296875;
2392275641.0268207;-85.631690979003906;
2392435897.437077;-85.6202392578125;
2392596153.8473334;-85.612617492675781;
2392756410.2575898;-85.610702514648437;
2392916666.6678462;-85.635490417480469;
2393076923.0781026;-85.631645202636719;
2393237179.488359;-85.652687072753906;
2393397435.8986154;-85.622123718261719;
2393557692.3088717;-85.5726318359375;
2393717948.7191281;-85.580223083496094;
2393878205.1293845;-85.606857299804688;
2394038461.5396409;-85.61639404296875;
2394198717.9498973;-85.589729309082031;
2394358974.3601537;-85.614067077636719;
2394519230.7704101;-85.570716857910156;
2394679487.1806664;-85.576492309570313;
2394839743.5909228;-85.603050231933594;
2395000000.0011792;-85.595474243164063;
2395160256.4114356;-85.618316650390625;
2395320512.8216925;-85.593551635742187;
2395480769.2319489;-85.5670166015625;
2395641025.6422052;-85.599258422851562;
2395801282.0524616;-85.582160949707031;
2395961538.462718;-85.584083557128906;
2396121794.8729744;-85.616355895996094;
2396282051.2832308;-85.608749389648438;
2396442307.6934872;-85.66229248046875;
2396602564.1037436;-85.625968933105469;
2396762820.5139999;-85.610702514648437;
2396923076.9242563;-85.618339538574219;
2397083333.3345127;-85.614517211914062;
2397243589.7447691;-85.624031066894531;
2397403846.1550255;-85.619186401367188;
2397564102.5652819;-85.618339538574219;
2397724358.9755383;-85.620246887207031;
2397884615.3857946;-85.61260986328125;
2398044871.796051;-85.608802795410156;
2398205128.2063074;-85.629783630371094;
2398365384.6165643;-85.635498046875;
2398525641.0268207;-85.616432189941406;
2398685897.437077;-85.618331909179687;
2398846153.8473334;-85.616432189941406;
2399006410.2575898;-85.618339538574219;
2399166666.6678462;-85.616432189941406;
2399326923.0781026;-85.618339538574219;
2399487179.488359;-85.620246887207031;
2399647435.8986154;-85.618339538574219;
2399807692.3088717;-85.622154235839844;
2399967948.7191281;-85.603096008300781;
2400128205.1293845;-85.604995727539063;
2400288461.5396409;-85.606903076171875;
2400448717.9498973;-85.612625122070313;
2400608974.3601537;-85.6107177734375;
2400769230.7704101;-85.618331909179687;
2400929487.1806664;-85.619186401367188;
2401089743.5909228;-85.601188659667969;
2401250000.0011792;-85.618339538574219;
2401410256.4114356;-85.618339538574219;
2401570512.8216925;-85.618339538574219;
2401730769.2319489;-85.614524841308594;
2401891025.6422052;-85.618339538574219;
2402051282.0524616;-85.622146606445313;
2402211538.462718;-85.614524841308594;
2402371794.8729744;-85.614524841308594;
2402532051.2832308;-85.612625122070313;
2402692307.6934872;-85.639335632324219;
2402852564.1037436;-85.650810241699219;
2403012820.5139999;-85.616432189941406;
2403173076.9242563;-85.620246887207031;
2403333333.3345127;-85.6011962890625;
2403493589.7447691;-85.624053955078125;
2403653846.1550255;-85.631690979003906;
2403814102.5652819;-85.619186401367188;
2403974358.9755383;-85.616432189941406;
2404134615.3857946;-85.627876281738281;
2404294871.796051;-85.620246887207031;
2404455128.2063074;-85.618339538574219;
2404615384.6165643;-85.622154235839844;
2404775641.0268207;-85.616432189941406;
2404935897.437077;-85.63360595703125;
2405096153.8473334;-85.620246887207031;
2405256410.2575898;-85.620246887207031;
2405416666.6678462;-85.620246887207031;
2405576923.0781026;-85.625953674316406;
2405737179.488359;-85.61749267578125;
2405897435.8986154;-85.629776000976563;
2406057692.3088717;-85.629783630371094;
2406217948.7191281;-85.625961303710938;
2406378205.1293845;-85.6202392578125;
2406538461.5396409;-85.616432189941406;
2406698717.9498973;-85.629768371582031;
2406858974.3601537;-85.64697265625;
2407019230.7704101;-85.629768371582031;
2407179487.1806664;-85.629776000976563;
2407339743.5909228;-85.622146606445313;
2407500000.0011792;-85.622138977050781;
2407660256.4114356;-85.62786865234375;
2407820512.8216925;-85.629356384277344;
2407980769.2319489;-85.612625122070313;
2408141025.6422052;-85.648872375488281;
2408301282.0524616;-85.673797607421875;
2408461538.462718;-85.625961303710938;
2408621794.8729744;-85.6202392578125;
2408782051.2832308;-85.641242980957031;
2408942307.6934872;-85.648895263671875;
2409102564.1037436;-85.63360595703125;
2409262820.5139999;-85.641250610351563;
2409423076.9242563;-85.646965026855469;
2409583333.3345127;-85.631683349609375;
2409743589.7447691;-85.616432189941406;
2409903846.1550255;-85.625968933105469;
2410064102.5652819;-85.654571533203125;
2410224358.9755383;-85.70648193359375;
2410384615.3857946;-85.68914794921875;
2410544871.796051;-85.687240600585938;
2410705128.2063074;-85.700706481933594;
2410865384.6165643;-85.646965026855469;
2411025641.0268207;-85.704345703125;
2411185897.437077;-85.70263671875;
2411346153.8473334;-85.710334777832031;
2411506410.2575898;-85.676033020019531;
2411666666.6678462;-85.639335632324219;
2411826923.0781026;-85.69683837890625;
2411987179.488359;-85.694923400878906;
2412147435.8986154;-85.694931030273438;
2412307692.3088717;-85.696853637695313;
2412467948.7191281;-85.658454895019531;
2412628205.1293845;-85.708412170410156;
2412788461.5396409;-85.685317993164063;
2412948717.9498973;-85.675712585449219;
2413108974.3601537;-85.685325622558594;
2413269230.7704101;-85.635505676269531;
2413429487.1806664;-85.68145751953125;
2413589743.5909228;-85.708412170410156;
2413750000.0011792;-85.70648193359375;
2413910256.4114356;-85.677642822265625;
2414070512.8216925;-85.683403015136719;
2414230769.2319489;-85.702621459960937;
2414391025.6422052;-85.64697265625;
2414551282.0524616;-85.64697265625;
2414711538.462718;-85.675712585449219;
2414871794.8729744;-85.658462524414062;
2415032051.2832308;-85.68145751953125;
2415192307.6934872;-85.712265014648437;
2415352564.1037436;-85.708412170410156;
2415512820.5139999;-85.685317993164063;
2415673076.9242563;-85.694923400878906;
2415833333.3345127;-85.694931030273438;
2415993589.7447691;-85.694923400878906;
2416153846.1550255;-85.70648193359375;
2416314102.5652819;-85.675674438476563;
2416474358.9755383;-85.61260986328125;
2416634615.3857946;-85.62786865234375;
2416794871.796051;-85.654640197753906;
2416955128.2063074;-85.654624938964844;
2417115384.6165643;-85.668045043945313;
2417275641.0268207;-85.641250610351563;
2417435897.437077;-85.658462524414062;
2417596153.8473334;-85.666130065917969;
2417756410.2575898;-85.698776245117188;
2417916666.6678462;-85.712265014648437;
2418076923.0781026;-85.702629089355469;
2418237179.488359;-85.7103271484375;
2418397435.8986154;-85.723823547363281;
2418557692.3088717;-85.704559326171875;
2418717948.7191281;-85.70263671875;
2418878205.1293845;-85.704544067382812;
2419038461.5396409;-85.689155578613281;
2419198717.9498973;-85.687248229980469;
2419358974.3601537;-85.669685363769531;
2419519230.7704101;-85.664199829101563;
2419679487.1806664;-85.687248229980469;
2419839743.5909228;-85.70648193359375;
2420000000.0011792;-85.704559326171875;
2420160256.4114356;-85.710334777832031;
2420320512.8216925;-85.64697265625;
2420480769.2319489;-85.633598327636719;
2420641025.6422052;-85.645072937011719;
2420801282.0524616;-85.685287475585937;
2420961538.462718;-85.654632568359375;
2421121794.8729744;-85.648880004882813;
2421282051.2832308;-85.646980285644531;
2421442307.6934872;-85.677597045898438;
2421602564.1037436;-85.685325622558594;
2421762820.5139999;-85.664215087890625;
2421923076.9242563;-85.650810241699219;
2422083333.3345127;-85.691085815429687;
2422243589.7447691;-85.679557800292969;
2422403846.1550255;-85.685325622558594;
2422564102.5652819;-85.637405395507813;
2422724358.9755383;-85.637420654296875;
2422884615.3857946;-85.671882629394531;
2423044871.796051;-85.639335632324219;
2423205128.2063074;-85.652725219726563;
2423365384.6165643;-85.629768371582031;
2423525641.0268207;-85.698768615722656;
2423685897.437077;-85.70263671875;
2423846153.8473334;-85.691078186035156;
2424006410.2575898;-85.693008422851562;
2424166666.6678462;-85.694915771484375;
2424326923.0781026;-85.712265014648437;
2424487179.488359;-85.702621459960937;
2424647435.8986154;-85.696853637695313;
2424807692.3088717;-85.710334777832031;
2424967948.7191281;-85.702629089355469;
2425128205.1293845;-85.702629089355469;
2425288461.5396409;-85.679557800292969;
2425448717.9498973;-85.687248229980469;
2425608974.3601537;-85.671890258789063;
2425769230.7704101;-85.708404541015625;
2425929487.1806664;-85.698776245117188;
2426089743.5909228;-85.708412170410156;
2426250000.0011792;-85.698776245117188;
2426410256.4114356;-85.708412170410156;
2426570512.8216925;-85.748939514160156;
2426730769.2319489;-85.725746154785156;
2426891025.6422052;-85.704551696777344;
2427051282.0524616;-85.700698852539063;
2427211538.462718;-85.700706481933594;
2427371794.8729744;-85.704551696777344;
2427532051.2832308;-85.70648193359375;
2427692307.6934872;-85.673782348632813;
2427852564.1037436;-85.645034790039063;
2428012820.5139999;-85.534553527832031;
2428173076.9242563;-85.462638854980469;
2428333333.3345127;-85.340797424316406;
2428493589.7447691;-85.20794677734375;
2428653846.1550255;-84.937606811523438;
2428814102.5652819;-84.761802673339844;
2428974358.9755383;-84.018424987792969;
2429134615.3857946;-83.3680419921875;
2429294871.796051;-82.786033630371094;
2429455128.2063074;-81.378807067871094;
2429615384.6165643;-80.0775146484375;
2429775641.0268207;-78.872108459472656;
2429935897.437077;-77.434242248535156;
2430096153.8473334;-75.602973937988281;
2430256410.2575898;-74.219207763671875;
2430416666.6678462;-71.92401123046875;
2430576923.0781026;-70.352737426757813;
2430737179.488359;-68.997550964355469;
2430897435.8986154;-66.929756164550781;
2431057692.3088717;-65.263870239257813;
2431217948.7191281;-63.836071014404297;
2431378205.1293845;-61.961036682128906;
2431538461.5396409;-60.683292388916016;
2431698717.9498973;-59.106060028076172;
2431858974.3601537;-57.223880767822266;
2432019230.7704101;-55.807884216308594;
2432179487.1806664;-54.5625;
2432339743.5909228;-53.017509460449219;
2432500000.0011792;-51.915668487548828;
2432660256.4114356;-50.794845581054688;
2432820512.8216925;-49.488231658935547;
2432980769.2319489;-48.555763244628906;
2433141025.6422052;-47.561721801757813;
2433301282.0524616;-46.450626373291016;
2433461538.462718;-45.786037445068359;
2433621794.8729744;-45.136924743652344;
2433782051.2832308;-44.389301300048828;
2433942307.6934872;-44.037567138671875;
2434102564.1037436;-43.740840911865234;
2434262820.5139999;-43.576896667480469;
2434423076.9242563;-43.674087524414063;
2434583333.3345127;-43.868816375732422;
2434743589.7447691;-44.348323822021484;
2434903846.1550255;-44.826789855957031;
2435064102.5652819;-45.510868072509766;
2435224358.9755383;-46.407581329345703;
2435384615.3857946;-47.228202819824219;
2435544871.796051;-48.188423156738281;
2435705128.2063074;-49.455589294433594;
2435865384.6165643;-50.434188842773438;
2436025641.0268207;-51.609901428222656;
2436185897.437077;-53.038055419921875;
2436346153.8473334;-54.112541198730469;
2436506410.2575898;-55.340705871582031;
2436666666.6678462;-56.856472015380859;
2436826923.0781026;-57.957847595214844;
2436987179.488359;-59.270477294921875;
2437147435.8986154;-60.857292175292969;
2437307692.3088717;-62.012611389160156;
2437467948.7191281;-63.335517883300781;
2437628205.1293845;-65.045249938964844;
2437788461.5396409;-66.224632263183594;
2437948717.9498973;-67.592430114746094;
2438108974.3601537;-69.234573364257812;
2438269230.7704101;-70.346755981445312;
2438429487.1806664;-71.728652954101563;
2438589743.5909228;-73.322479248046875;
2438750000.0011792;-74.38824462890625;
2438910256.4114356;-75.740333557128906;
2439070512.8216925;-77.128425598144531;
2439230769.2319489;-78.166610717773438;
2439391025.6422052;-79.578628540039063;
2439551282.0524616;-80.889320373535156;
2439711538.462718;-81.772438049316406;
2439871794.8729744;-82.827362060546875;
2440032051.2832308;-83.749626159667969;
2440192307.6934872;-84.267463684082031;
2440352564.1037436;-84.815742492675781;
2440512820.5139999;-85.179489135742188;
2440673076.9242563;-85.359100341796875;
2440833333.3345127;-85.538490295410156;
2440993589.7447691;-85.629776000976563;
2441153846.1550255;-85.673782348632813;
2441314102.5652819;-85.737335205078125;
2441474358.9755383;-85.741218566894531;
2441634615.3857946;-85.725761413574219;
2441794871.796051;-85.774147033691406;
2441955128.2063074;-85.81695556640625;
2442115384.6165643;-85.82086181640625;
2442275641.0268207;-85.81890869140625;
2442435897.437077;-85.82086181640625;
2442596153.8473334;-85.811111450195313;
2442756410.2575898;-85.809150695800781;
2442916666.6678462;-85.785797119140625;
2443076923.0781026;-85.772209167480469;
2443237179.488359;-85.770271301269531;
2443397435.8986154;-85.770271301269531;
2443557692.3088717;-85.60137939453125;
2443717948.7191281;-85.401374816894531;
2443878205.1293845;-84.672927856445313;
2444038461.5396409;-85.225631713867188;
2444198717.9498973;-85.66217041015625;
2444358974.3601537;-85.752395629882812;
2444519230.7704101;-85.764457702636719;
2444679487.1806664;-85.771339416503906;
2444839743.5909228;-85.811111450195313;
2445000000.0011792;-85.813056945800781;
2445160256.4114356;-85.815010070800781;
2445320512.8216925;-85.856048583984375;
2445480769.2319489;-85.81500244140625;
2445641025.6422052;-85.82086181640625;
2445801282.0524616;-85.813056945800781;
2445961538.462718;-85.81890869140625;
2446121794.8729744;-85.813026428222656;
2446282051.2832308;-85.733482360839844;
2446442307.6934872;-85.729621887207031;
2446602564.1037436;-85.750862121582031;
2446762820.5139999;-85.824760437011719;
2446923076.9242563;-85.826713562011719;
2447083333.3345127;-85.813056945800781;
2447243589.7447691;-85.82086181640625;
2447403846.1550255;-85.811103820800781;
2447564102.5652819;-85.81304931640625;
2447724358.9755383;-85.82281494140625;
2447884615.3857946;-85.82086181640625;
2448044871.796051;-85.82086181640625;
2448205128.2063074;-85.81890869140625;
2448365384.6165643;-85.801361083984375;
2448525641.0268207;-84.269851684570313;
2448685897.437077;-82.846717834472656;
2448846153.8473334;-82.251968383789063;
2449006410.2575898;-83.566596984863281;
2449166666.6678462;-85.176803588867188;
2449326923.0781026;-83.642593383789063;
2449487179.488359;-84.691497802734375;
2449647435.8986154;-85.099739074707031;
2449807692.3088717;-83.686775207519531;
2449967948.7191281;-81.840904235839844;
2450128205.1293845;-82.337974548339844;
2450288461.5396409;-84.554702758789063;
2450448717.9498973;-83.626518249511719;
2450608974.3601537;-85.181678771972656;
2450769230.7704101;-85.631484985351563;
2450929487.1806664;-85.721900939941406;
2451089743.5909228;-85.673728942871094;
2451250000.0011792;-85.787727355957031;
2451410256.4114356;-85.815010070800781;
2451570512.8216925;-85.815010070800781;
2451730769.2319489;-85.081443786621094;
2451891025.6422052;-85.556663513183594;
2452051282.0524616;-85.7471923828125;
2452211538.462718;-85.815010070800781;
2452371794.8729744;-85.828659057617188;
2452532051.2832308;-85.81695556640625;
2452692307.6934872;-85.816963195800781;
2452852564.1037436;-85.81890869140625;
2453012820.5139999;-85.81695556640625;
2453173076.9242563;-85.81695556640625;
2453333333.3345127;-85.826705932617188;
2453493589.7447691;-85.789520263671875;
2453653846.1550255;-85.741218566894531;
2453814102.5652819;-85.74896240234375;
2453974358.9755383;-85.716323852539063;
2454134615.3857946;-85.702629089355469;
2454294871.796051;-85.710334777832031;
2454455128.2063074;-85.781890869140625;
2454615384.6165643;-84.5784912109375;
2454775641.0268207;-83.8529052734375;
2454935897.437077;-84.456016540527344;
2455096153.8473334;-84.655075073242188;
2455256410.2575898;-85.479393005371094;
2455416666.6678462;-85.727615356445312;
2455576923.0781026;-85.826705932617188;
2455737179.488359;-85.859970092773437;
2455897435.8986154;-85.616775512695313;
2456057692.3088717;-85.257797241210938;
2456217948.7191281;-85.604499816894531;
2456378205.1293845;-85.760543823242188;
2456538461.5396409;-85.807197570800781;
2456698717.9498973;-85.665397644042969;
2456858974.3601537;-85.7005615234375;
2457019230.7704101;-85.779960632324219;
2457179487.1806664;-85.82281494140625;
2457339743.5909228;-85.832572937011719;
2457500000.0011792;-85.842353820800781;
2457660256.4114356;-85.828666687011719;
2457820512.8216925;-85.83453369140625;
2457980769.2319489;-85.837135314941406;
2458141025.6422052;-85.809150695800781;
2458301282.0524616;-85.787612915039063;
2458461538.462718;-85.795494079589844;
2458621794.8729744;-85.813056945800781;
2458782051.2832308;-85.83062744140625;
2458942307.6934872;-85.842315673828125;
2459102564.1037436;-85.911094665527344;
2459262820.5139999;-85.903205871582031;
2459423076.9242563;-85.9150390625;
2459583333.3345127;-85.889427185058594;
2459743589.7447691;-85.9150390625;
2459903846.1550255;-85.905174255371094;
2460064102.5652819;-85.871940612792969;
2460224358.9755383;-85.859970092773437;
2460384615.3857946;-85.865859985351563;
2460544871.796051;-85.840377807617188;
2460705128.2063074;-85.832565307617188;
2460865384.6165643;-85.863899230957031;
2461025641.0268207;-85.879600524902344;
2461185897.437077;-85.90911865234375;
2461346153.8473334;-85.903205871582031;
2461506410.2575898;-85.911094665527344;
2461666666.6678462;-85.903213500976563;
2461826923.0781026;-85.891403198242188;
2461987179.488359;-85.911094665527344;
2462147435.8986154;-85.907150268554688;
2462307692.3088717;-85.899269104003906;
2462467948.7191281;-85.905174255371094;
2462628205.1293845;-85.909126281738281;
2462788461.5396409;-85.911094665527344;
2462948717.9498973;-85.9150390625;
2463108974.3601537;-85.918975830078125;
2463269230.7704101;-85.9012451171875;
2463429487.1806664;-85.9268798828125;
2463589743.5909228;-85.901237487792969;
2463750000.0011792;-85.907142639160156;
2463910256.4114356;-85.911094665527344;
2464070512.8216925;-85.907150268554688;
2464230769.2319489;-85.913063049316406;
2464391025.6422052;-85.911094665527344;
2464551282.0524616;-85.92095947265625;
2464711538.462718;-85.92095947265625;
2464871794.8729744;-85.889419555664063;
2465032051.2832308;-85.849311828613281;
2465192307.6934872;-85.885482788085938;
2465352564.1037436;-85.911094665527344;
2465512820.5139999;-85.917015075683594;
2465673076.9242563;-85.881546020507813;
2465833333.3345127;-85.885482788085938;
2465993589.7447691;-85.889427185058594;
2466153846.1550255;-85.87762451171875;
2466314102.5652819;-85.84820556640625;
2466474358.9755383;-85.871749877929688;
2466634615.3857946;-85.881568908691406;
2466794871.796051;-85.911079406738281;
2466955128.2063074;-85.9150390625;
2467115384.6165643;-85.926864624023438;
2467275641.0268207;-85.909126281738281;
2467435897.437077;-85.9150390625;
2467596153.8473334;-85.911094665527344;
2467756410.2575898;-85.903427124023438;
2467916666.6678462;-85.889434814453125;
2468076923.0781026;-85.879585266113281;
2468237179.488359;-85.913063049316406;
2468397435.8986154;-85.887451171875;
2468557692.3088717;-85.897300720214844;
2468717948.7191281;-85.899269104003906;
2468878205.1293845;-85.889419555664063;
2469038461.5396409;-85.889419555664063;
2469198717.9498973;-85.90911865234375;
2469358974.3601537;-85.90911865234375;
2469519230.7704101;-85.887466430664063;
2469679487.1806664;-85.867813110351563;
2469839743.5909228;-85.859970092773437;
2470000000.0011792;-85.883522033691406;
2470160256.4114356;-85.899269104003906;
2470320512.8216925;-85.9031982421875;
2470480769.2319489;-85.907150268554688;
2470641025.6422052;-85.889427185058594;
2470801282.0524616;-85.871711730957031;
2470961538.462718;-85.863212585449219;
2471121794.8729744;-85.871742248535156;
2471282051.2832308;-85.854087829589844;
2471442307.6934872;-85.80133056640625;
2471602564.1037436;-85.832572937011719;
2471762820.5139999;-85.856048583984375;
2471923076.9242563;-85.846237182617187;
2472083333.3345127;-85.834480285644531;
2472243589.7447691;-85.846221923828125;
2472403846.1550255;-85.869766235351563;
2472564102.5652819;-85.8638916015625;
2472724358.9755383;-85.887458801269531;
2472884615.3857946;-85.883514404296875;
2473044871.796051;-85.84625244140625;
2473205128.2063074;-85.828666687011719;
2473365384.6165643;-85.848220825195313;
2473525641.0268207;-85.83648681640625;
2473685897.437077;-85.848197937011719;
2473846153.8473334;-85.863899230957031;
2474006410.2575898;-85.883529663085937;
2474166666.6678462;-85.885498046875;
2474326923.0781026;-85.899269104003906;
2474487179.488359;-85.909126281738281;
2474647435.8986154;-85.885940551757813;
2474807692.3088717;-85.901229858398438;
2474967948.7191281;-85.893348693847656;
2475128205.1293845;-85.887451171875;
2475288461.5396409;-85.846229553222656;
2475448717.9498973;-85.809158325195313;
2475608974.3601537;-85.809158325195313;
2475769230.7704101;-85.814956665039062;
2475929487.1806664;-85.869781494140625;
2476089743.5909228;-85.842338562011719;
2476250000.0011792;-85.830604553222656;
2476410256.4114356;-85.858024597167969;
2476570512.8216925;-85.824752807617188;
2476730769.2319489;-85.811111450195313;
2476891025.6422052;-85.805259704589844;
2477051282.0524616;-85.762496948242188;
2477211538.462718;-85.733489990234375;
2477371794.8729744;-85.714187622070313;
2477532051.2832308;-85.714187622070313;
2477692307.6934872;-85.70648193359375;
2477852564.1037436;-85.700706481933594;
2478012820.5139999;-85.710334777832031;
2478173076.9242563;-85.723831176757813;
2478333333.3345127;-85.733489990234375;
2478493589.7447691;-85.723831176757813;
2478653846.1550255;-85.725746154785156;
2478814102.5652819;-85.725746154785156;
2478974358.9755383;-85.793586730957031;
2479134615.3857946;-85.752822875976563;
2479294871.796051;-85.743141174316406;
2479455128.2063074;-85.776077270507813;
2479615384.6165643;-85.828445434570313;
2479775641.0268207;-85.82867431640625;
2479935897.437077;-85.846267700195313;
2480096153.8473334;-85.8619384765625;
2480256410.2575898;-85.865859985351563;
2480416666.6678462;-85.909126281738281;
2480576923.0781026;-85.909126281738281;
2480737179.488359;-85.9150390625;
2480897435.8986154;-85.913063049316406;
2481057692.3088717;-85.913063049316406;
2481217948.7191281;-85.9268798828125;
2481378205.1293845;-85.922920227050781;
2481538461.5396409;-85.917015075683594;
2481698717.9498973;-85.913063049316406;
2481858974.3601537;-85.903205871582031;
2482019230.7704101;-85.897285461425781;
2482179487.1806664;-85.8619384765625;
2482339743.5909228;-85.909111022949219;
2482500000.0011792;-85.907150268554688;
2482660256.4114356;-85.893363952636719;
2482820512.8216925;-85.90911865234375;
2482980769.2319489;-85.911094665527344;
2483141025.6422052;-85.9150390625;
2483301282.0524616;-85.917015075683594;
2483461538.462718;-85.911094665527344;
2483621794.8729744;-85.905174255371094;
2483782051.2832308;-85.9012451171875;
2483942307.6934872;-85.903205871582031;
2484102564.1037436;-85.913063049316406;
2484262820.5139999;-85.907150268554688;
