Type;ESU;
Version;4.43;
Date;03.Jun 16;
Mode;ANALYZER;
Center Freq;2434262820.514000;Hz
Freq Offset;0.000000;Hz
Span;100000000.000000;Hz
x-Axis;LIN;
Start;2384262820.514000;Hz
Stop;2484262820.514000;Hz
Ref Level;-9.000000;dBm
Level Offset;0.000000;dB
Ref Position;100.000000;%
y-Axis;LOG;
Level Range;100.000000;dB
Rf Att;5.000000;dB
RBW;2000000.000000;Hz
VBW;50.000000;Hz
SWT;2.500000;s
Trace Mode;CLR/WRITE;
Detector;RMS;
Sweep Count;0;
Trace 1:;;
x-Unit;Hz;
y-Unit;dBm;
Values;625;
2384262820.5139999;-85.764442443847656;
2384423076.9242563;-85.783859252929688;
2384583333.3345127;-85.789665222167969;
2384743589.7447691;-85.750885009765625;
2384903846.1550255;-85.743133544921875;
2385064102.5652819;-85.743141174316406;
2385224358.9755383;-85.718009948730469;
2385384615.3857946;-85.7877197265625;
2385544871.796051;-85.719978332519531;
2385705128.2063074;-85.725761413574219;
2385865384.6165643;-85.723175048828125;
2386025641.0268207;-85.689445495605469;
2386185897.437077;-85.747215270996094;
2386346153.8473334;-85.715782165527344;
2386506410.2575898;-85.723831176757813;
2386666666.6678462;-85.726593017578125;
2386826923.0781026;-85.782173156738281;
2386987179.488359;-85.697486877441406;
2387147435.8986154;-85.69482421875;
2387307692.3088717;-85.667984008789063;
2387467948.7191281;-85.654502868652344;
2387628205.1293845;-85.689140319824219;
2387788461.5396409;-85.664138793945313;
2387948717.9498973;-85.712249755859375;
2388108974.3601537;-85.63165283203125;
2388269230.7704101;-85.665908813476562;
2388429487.1806664;-85.633453369140625;
2388589743.5909228;-85.68304443359375;
2388750000.0011792;-85.643051147460938;
2388910256.4114356;-85.604400634765625;
2389070512.8216925;-85.658302307128906;
2389230769.2319489;-85.53790283203125;
2389391025.6422052;-85.641151428222656;
2389551282.0524616;-85.446144104003906;
2389711538.462718;-85.572273254394531;
2389871794.8729744;-85.404586791992188;
2390032051.2832308;-85.477867126464844;
2390192307.6934872;-85.466682434082031;
2390352564.1037436;-85.349098205566406;
2390512820.5139999;-85.545707702636719;
2390673076.9242563;-85.283699035644531;
2390833333.3345127;-85.535919189453125;
2390993589.7447691;-85.223350524902344;
2391153846.1550255;-85.423469543457031;
2391314102.5652819;-85.359779357910156;
2391474358.9755383;-85.333282470703125;
2391634615.3857946;-85.436111450195313;
2391794871.796051;-85.351478576660156;
2391955128.2063074;-85.551483154296875;
2392115384.6165643;-85.324981689453125;
2392275641.0268207;-85.545799255371094;
2392435897.437077;-85.413986206054688;
2392596153.8473334;-85.531318664550781;
2392756410.2575898;-85.524986267089844;
2392916666.6678462;-85.466262817382813;
2393076923.0781026;-85.512138366699219;
2393237179.488359;-85.472274780273438;
2393397435.8986154;-85.602996826171875;
2393557692.3088717;-85.457435607910156;
2393717948.7191281;-85.597343444824219;
2393878205.1293845;-85.536483764648437;
2394038461.5396409;-85.579994201660156;
2394198717.9498973;-85.587722778320312;
2394358974.3601537;-85.591484069824219;
2394519230.7704101;-85.685287475585937;
2394679487.1806664;-85.616302490234375;
2394839743.5909228;-85.634681701660156;
2395000000.0011792;-85.538047790527344;
2395160256.4114356;-85.625953674316406;
2395320512.8216925;-85.58392333984375;
2395480769.2319489;-85.679458618164062;
2395641025.6422052;-85.637413024902344;
2395801282.0524616;-85.604812622070313;
2395961538.462718;-85.621604919433594;
2396121794.8729744;-85.602203369140625;
2396282051.2832308;-85.658699035644531;
2396442307.6934872;-85.637779235839844;
2396602564.1037436;-85.696014404296875;
2396762820.5139999;-85.660346984863281;
2396923076.9242563;-85.687210083007813;
2397083333.3345127;-85.633598327636719;
2397243589.7447691;-85.614456176757813;
2397403846.1550255;-85.652687072753906;
2397564102.5652819;-85.664146423339844;
2397724358.9755383;-85.637413024902344;
2397884615.3857946;-85.603050231933594;
2398044871.796051;-85.63360595703125;
2398205128.2063074;-85.625961303710938;
2398365384.6165643;-85.622138977050781;
2398525641.0268207;-85.624038696289062;
2398685897.437077;-85.604972839355469;
2398846153.8473334;-85.606864929199219;
2399006410.2575898;-85.6412353515625;
2399166666.6678462;-85.691062927246094;
2399326923.0781026;-85.667953491210938;
2399487179.488359;-85.622146606445313;
2399647435.8986154;-85.616424560546875;
2399807692.3088717;-85.639312744140625;
2399967948.7191281;-85.683364868164062;
2400128205.1293845;-85.706443786621094;
2400288461.5396409;-85.693008422851562;
2400448717.9498973;-85.643119812011719;
2400608974.3601537;-85.645011901855469;
2400769230.7704101;-85.574569702148438;
2400929487.1806664;-85.650779724121094;
2401089743.5909228;-85.62786865234375;
2401250000.0011792;-85.616416931152344;
2401410256.4114356;-85.603080749511719;
2401570512.8216925;-85.61260986328125;
2401730769.2319489;-85.622146606445313;
2401891025.6422052;-85.601165771484375;
2402051282.0524616;-85.654640197753906;
2402211538.462718;-85.618301391601563;
2402371794.8729744;-85.625961303710938;
2402532051.2832308;-85.591651916503906;
2402692307.6934872;-85.625961303710938;
2402852564.1037436;-85.585952758789063;
2403012820.5139999;-85.614501953125;
2403173076.9242563;-85.622123718261719;
2403333333.3345127;-85.625953674316406;
2403493589.7447691;-85.6412353515625;
2403653846.1550255;-85.635452270507813;
2403814102.5652819;-85.637420654296875;
2403974358.9755383;-85.643150329589844;
2404134615.3857946;-85.6776123046875;
2404294871.796051;-85.631683349609375;
2404455128.2063074;-85.637420654296875;
2404615384.6165643;-85.622154235839844;
2404775641.0268207;-85.633598327636719;
2404935897.437077;-85.64501953125;
2405096153.8473334;-85.683380126953125;
2405256410.2575898;-85.664192199707031;
2405416666.6678462;-85.656517028808594;
2405576923.0781026;-85.635498046875;
2405737179.488359;-85.62213134765625;
2405897435.8986154;-85.679550170898437;
2406057692.3088717;-85.704536437988281;
2406217948.7191281;-85.691055297851563;
2406378205.1293845;-85.658462524414062;
2406538461.5396409;-85.671852111816406;
2406698717.9498973;-85.654594421386719;
2406858974.3601537;-85.683357238769531;
2407019230.7704101;-85.67572021484375;
2407179487.1806664;-85.604972839355469;
2407339743.5909228;-85.637413024902344;
2407500000.0011792;-85.648826599121094;
2407660256.4114356;-85.706459045410156;
2407820512.8216925;-85.681480407714844;
2407980769.2319489;-85.6507568359375;
2408141025.6422052;-85.631690979003906;
2408301282.0524616;-85.616409301757812;
2408461538.462718;-85.66607666015625;
2408621794.8729744;-85.668022155761719;
2408782051.2832308;-85.689155578613281;
2408942307.6934872;-85.639236450195313;
2409102564.1037436;-85.716094970703125;
2409262820.5139999;-85.622138977050781;
2409423076.9242563;-85.652664184570313;
2409583333.3345127;-85.65838623046875;
2409743589.7447691;-85.68914794921875;
2409903846.1550255;-85.710334777832031;
2410064102.5652819;-85.637298583984375;
2410224358.9755383;-85.646926879882812;
2410384615.3857946;-85.627838134765625;
2410544871.796051;-85.650779724121094;
2410705128.2063074;-85.671844482421875;
2410865384.6165643;-85.71990966796875;
2411025641.0268207;-85.679557800292969;
2411185897.437077;-85.677635192871094;
2411346153.8473334;-85.680397033691406;
2411506410.2575898;-85.683807373046875;
2411666666.6678462;-85.675712585449219;
2411826923.0781026;-85.716110229492188;
2411987179.488359;-85.712249755859375;
2412147435.8986154;-85.694923400878906;
2412307692.3088717;-85.723831176757813;
2412467948.7191281;-85.714187622070313;
2412628205.1293845;-85.706466674804688;
2412788461.5396409;-85.691085815429687;
2412948717.9498973;-85.711433410644531;
2413108974.3601537;-85.700706481933594;
2413269230.7704101;-85.716094970703125;
2413429487.1806664;-85.681480407714844;
2413589743.5909228;-85.712265014648437;
2413750000.0011792;-85.708396911621094;
2413910256.4114356;-85.698776245117188;
2414070512.8216925;-85.716110229492188;
2414230769.2319489;-85.719970703125;
2414391025.6422052;-85.714187622070313;
2414551282.0524616;-85.72381591796875;
2414711538.462718;-85.700706481933594;
2414871794.8729744;-85.708389282226563;
2415032051.2832308;-85.68914794921875;
2415192307.6934872;-85.698753356933594;
2415352564.1037436;-85.70037841796875;
2415512820.5139999;-85.712257385253906;
2415673076.9242563;-85.694923400878906;
2415833333.3345127;-85.696861267089844;
2415993589.7447691;-85.696853637695313;
2416153846.1550255;-85.706474304199219;
2416314102.5652819;-85.700691223144531;
2416474358.9755383;-85.700691223144531;
2416634615.3857946;-85.700691223144531;
2416794871.796051;-85.6776123046875;
2416955128.2063074;-85.658462524414062;
2417115384.6165643;-85.6776123046875;
2417275641.0268207;-85.660369873046875;
2417435897.437077;-85.683380126953125;
2417596153.8473334;-85.700706481933594;
2417756410.2575898;-85.689445495605469;
2417916666.6678462;-85.712249755859375;
2418076923.0781026;-85.648880004882813;
2418237179.488359;-85.687210083007813;
2418397435.8986154;-85.635505676269531;
2418557692.3088717;-85.624053955078125;
2418717948.7191281;-85.67376708984375;
2418878205.1293845;-85.652687072753906;
2419038461.5396409;-85.624061584472656;
2419198717.9498973;-85.616424560546875;
2419358974.3601537;-85.627876281738281;
2419519230.7704101;-85.637413024902344;
2419679487.1806664;-85.61639404296875;
2419839743.5909228;-85.641212463378906;
2420000000.0011792;-85.652687072753906;
2420160256.4114356;-85.656547546386719;
2420320512.8216925;-85.654609680175781;
2420480769.2319489;-85.671882629394531;
2420641025.6422052;-85.662254333496094;
2420801282.0524616;-85.664176940917969;
2420961538.462718;-85.689140319824219;
2421121794.8729744;-85.72381591796875;
2421282051.2832308;-85.629783630371094;
2421442307.6934872;-85.63739013671875;
2421602564.1037436;-85.627876281738281;
2421762820.5139999;-85.635505676269531;
2421923076.9242563;-85.65460205078125;
2422083333.3345127;-85.663078308105469;
2422243589.7447691;-85.645072937011719;
2422403846.1550255;-85.608779907226562;
2422564102.5652819;-85.625961303710938;
2422724358.9755383;-85.603050231933594;
2422884615.3857946;-85.6641845703125;
2423044871.796051;-85.635513305664063;
2423205128.2063074;-85.612571716308594;
2423365384.6165643;-85.606895446777344;
2423525641.0268207;-85.622146606445313;
2423685897.437077;-85.64697265625;
2423846153.8473334;-85.580177307128906;
2424006410.2575898;-85.597373962402344;
2424166666.6678462;-85.549873352050781;
2424326923.0781026;-85.585975646972656;
2424487179.488359;-85.5367431640625;
2424647435.8986154;-85.472427368164062;
2424807692.3088717;-85.453834533691406;
2424967948.7191281;-85.425025939941406;
2425128205.1293845;-85.312911987304688;
2425288461.5396409;-85.206657409667969;
2425448717.9498973;-85.17962646484375;
2425608974.3601537;-84.69744873046875;
2425769230.7704101;-84.859336853027344;
2425929487.1806664;-83.653785705566406;
2426089743.5909228;-84.096199035644531;
2426250000.0011792;-82.222320556640625;
2426410256.4114356;-81.512191772460938;
2426570512.8216925;-80.291145324707031;
2426730769.2319489;-78.728271484375;
2426891025.6422052;-78.298896789550781;
2427051282.0524616;-74.286811828613281;
2427211538.462718;-73.836898803710938;
2427371794.8729744;-70.206642150878906;
2427532051.2832308;-70.270835876464844;
2427692307.6934872;-66.66619873046875;
2427852564.1037436;-64.750450134277344;
2428012820.5139999;-62.413925170898438;
2428173076.9242563;-60.771499633789063;
2428333333.3345127;-59.523822784423828;
2428493589.7447691;-57.098808288574219;
2428653846.1550255;-55.972675323486328;
2428814102.5652819;-53.223171234130859;
2428974358.9755383;-52.733047485351562;
2429134615.3857946;-50.305557250976563;
2429294871.796051;-49.02130126953125;
2429455128.2063074;-47.159439086914063;
2429615384.6165643;-45.294277191162109;
2429775641.0268207;-44.497829437255859;
2429935897.437077;-42.522052764892578;
2430096153.8473334;-41.944774627685547;
2430256410.2575898;-39.032962799072266;
2430416666.6678462;-38.498558044433594;
2430576923.0781026;-36.516757965087891;
2430737179.488359;-35.917121887207031;
2430897435.8986154;-34.360675811767578;
2431057692.3088717;-32.899394989013672;
2431217948.7191281;-31.903841018676758;
2431378205.1293845;-30.917436599731445;
2431538461.5396409;-30.192483901977539;
2431698717.9498973;-29.198001861572266;
2431858974.3601537;-28.274362564086914;
2432019230.7704101;-27.788209915161133;
2432179487.1806664;-27.359695434570313;
2432339743.5909228;-27.118818283081055;
2432500000.0011792;-26.847452163696289;
2432660256.4114356;-26.898439407348633;
2432820512.8216925;-27.14250373840332;
2432980769.2319489;-27.344451904296875;
2433141025.6422052;-27.791767120361328;
2433301282.0524616;-28.164793014526367;
2433461538.462718;-29.463920593261719;
2433621794.8729744;-29.967748641967773;
2433782051.2832308;-31.105106353759766;
2433942307.6934872;-31.669679641723633;
2434102564.1037436;-32.971767425537109;
2434262820.5139999;-34.527839660644531;
2434423076.9242563;-35.553016662597656;
2434583333.3345127;-36.767707824707031;
2434743589.7447691;-37.688087463378906;
2434903846.1550255;-39.260959625244141;
2435064102.5652819;-40.920234680175781;
2435224358.9755383;-42.390769958496094;
2435384615.3857946;-43.261451721191406;
2435544871.796051;-44.557708740234375;
2435705128.2063074;-45.855258941650391;
2435865384.6165643;-47.720451354980469;
2436025641.0268207;-48.988609313964844;
2436185897.437077;-49.943069458007812;
2436346153.8473334;-51.348888397216797;
2436506410.2575898;-52.458366394042969;
2436666666.6678462;-54.620903015136719;
2436826923.0781026;-55.496753692626953;
2436987179.488359;-56.825271606445312;
2437147435.8986154;-57.892433166503906;
2437307692.3088717;-59.188297271728516;
2437467948.7191281;-61.241455078125;
2437628205.1293845;-62.354866027832031;
2437788461.5396409;-63.997661590576172;
2437948717.9498973;-65.038711547851562;
2438108974.3601537;-66.914314270019531;
2438269230.7704101;-68.908340454101563;
2438429487.1806664;-70.704643249511719;
2438589743.5909228;-72.232437133789063;
2438750000.0011792;-73.826461791992188;
2438910256.4114356;-75.663436889648438;
2439070512.8216925;-78.145011901855469;
2439230769.2319489;-79.9700927734375;
2439391025.6422052;-81.096443176269531;
2439551282.0524616;-82.221458435058594;
2439711538.462718;-83.195953369140625;
2439871794.8729744;-84.291206359863281;
2440032051.2832308;-84.672325134277344;
2440192307.6934872;-84.957588195800781;
2440352564.1037436;-85.1109619140625;
2440512820.5139999;-85.31280517578125;
2440673076.9242563;-85.495246887207031;
2440833333.3345127;-85.583969116210938;
2440993589.7447691;-85.60308837890625;
2441153846.1550255;-85.601181030273438;
2441314102.5652819;-85.641220092773438;
2441474358.9755383;-85.681358337402344;
2441634615.3857946;-85.698745727539063;
2441794871.796051;-85.683395385742188;
2441955128.2063074;-85.691078186035156;
2442115384.6165643;-85.704551696777344;
2442275641.0268207;-85.748870849609375;
2442435897.437077;-85.727676391601563;
2442596153.8473334;-85.712211608886719;
2442756410.2575898;-85.71417236328125;
2442916666.6678462;-85.727668762207031;
2443076923.0781026;-85.6929931640625;
2443237179.488359;-85.733482360839844;
2443397435.8986154;-85.75665283203125;
2443557692.3088717;-85.76055908203125;
2443717948.7191281;-85.846229553222656;
2443878205.1293845;-85.82086181640625;
2444038461.5396409;-85.801338195800781;
2444198717.9498973;-85.793571472167969;
2444358974.3601537;-85.797470092773438;
2444519230.7704101;-85.797462463378906;
2444679487.1806664;-85.772186279296875;
2444839743.5909228;-85.797462463378906;
2445000000.0011792;-85.815010070800781;
2445160256.4114356;-85.801353454589844;
2445320512.8216925;-85.756683349609375;
2445480769.2319489;-85.793571472167969;
2445641025.6422052;-85.820022583007812;
2445801282.0524616;-85.7916259765625;
2445961538.462718;-85.793563842773438;
2446121794.8729744;-85.787651062011719;
2446282051.2832308;-85.758628845214844;
2446442307.6934872;-85.750877380371094;
2446602564.1037436;-85.81109619140625;
2446762820.5139999;-85.793540954589844;
2446923076.9242563;-85.822799682617188;
2447083333.3345127;-85.822784423828125;
2447243589.7447691;-85.846199035644531;
2447403846.1550255;-85.801345825195313;
2447564102.5652819;-85.789642333984375;
2447724358.9755383;-85.83251953125;
2447884615.3857946;-85.840370178222656;
2448044871.796051;-85.816963195800781;
2448205128.2063074;-85.80908203125;
2448365384.6165643;-85.820854187011719;
2448525641.0268207;-85.81109619140625;
2448685897.437077;-85.820854187011719;
2448846153.8473334;-85.816940307617188;
2449006410.2575898;-85.813056945800781;
2449166666.6678462;-85.560531616210937;
2449326923.0781026;-85.715957641601563;
2449487179.488359;-85.805259704589844;
2449647435.8986154;-85.807197570800781;
2449807692.3088717;-85.258140563964844;
2449967948.7191281;-85.610092163085938;
2450128205.1293845;-85.768318176269531;
2450288461.5396409;-85.81494140625;
2450448717.9498973;-85.840324401855469;
2450608974.3601537;-85.812835693359375;
2450769230.7704101;-85.833412170410156;
2450929487.1806664;-85.826713562011719;
2451089743.5909228;-85.809135437011719;
2451250000.0011792;-85.811073303222656;
2451410256.4114356;-85.820831298828125;
2451570512.8216925;-85.632713317871094;
2451730769.2319489;-85.766189575195313;
2451891025.6422052;-85.787689208984375;
2452051282.0524616;-85.826698303222656;
2452211538.462718;-85.789634704589844;
2452371794.8729744;-85.81500244140625;
2452532051.2832308;-85.760505676269531;
2452692307.6934872;-85.807197570800781;
2452852564.1037436;-85.758628845214844;
2453012820.5139999;-85.689155578613281;
2453173076.9242563;-85.691062927246094;
2453333333.3345127;-85.688941955566406;
2453493589.7447691;-85.723800659179687;
2453653846.1550255;-85.706382751464844;
2453814102.5652819;-85.793205261230469;
2453974358.9755383;-85.312705993652344;
2454134615.3857946;-85.6083984375;
2454294871.796051;-85.735260009765625;
2454455128.2063074;-85.777862548828125;
2454615384.6165643;-85.658050537109375;
2454775641.0268207;-85.667800903320313;
2454935897.437077;-85.81109619140625;
2455096153.8473334;-85.714118957519531;
2455256410.2575898;-85.669776916503906;
2455416666.6678462;-85.660041809082031;
2455576923.0781026;-85.805160522460938;
2455737179.488359;-85.824752807617188;
2455897435.8986154;-85.721466064453125;
2456057692.3088717;-85.812995910644531;
2456217948.7191281;-85.81884765625;
2456378205.1293845;-85.859977722167969;
2456538461.5396409;-85.793548583984375;
2456698717.9498973;-85.834518432617188;
2456858974.3601537;-85.830612182617188;
2457019230.7704101;-85.838363647460938;
2457179487.1806664;-85.8736572265625;
2457339743.5909228;-85.885353088378906;
2457500000.0011792;-85.916999816894531;
2457660256.4114356;-85.865821838378906;
2457820512.8216925;-85.907142639160156;
2457980769.2319489;-85.69061279296875;
2458141025.6422052;-85.735267639160156;
2458301282.0524616;-85.462921142578125;
2458461538.462718;-85.059303283691406;
2458621794.8729744;-85.499610900878906;
2458782051.2832308;-85.746994018554688;
2458942307.6934872;-85.848182678222656;
2459102564.1037436;-85.820777893066406;
2459262820.5139999;-85.885498046875;
2459423076.9242563;-85.818016052246094;
2459583333.3345127;-85.833381652832031;
2459743589.7447691;-85.823196411132813;
2459903846.1550255;-85.837806701660156;
2460064102.5652819;-85.868408203125;
2460224358.9755383;-85.873649597167969;
2460384615.3857946;-85.927955627441406;
2460544871.796051;-85.898300170898438;
2460705128.2063074;-85.878913879394531;
2460865384.6165643;-85.832420349121094;
2461025641.0268207;-85.770133972167969;
2461185897.437077;-85.830574035644531;
2461346153.8473334;-85.848213195800781;
2461506410.2575898;-85.881416320800781;
2461666666.6678462;-85.877540588378906;
2461826923.0781026;-85.891349792480469;
2461987179.488359;-85.911056518554688;
2462147435.8986154;-85.918983459472656;
2462307692.3088717;-85.881523132324219;
2462467948.7191281;-85.917015075683594;
2462628205.1293845;-85.899238586425781;
2462788461.5396409;-85.9268798828125;
2462948717.9498973;-85.893356323242187;
2463108974.3601537;-85.928817749023438;
2463269230.7704101;-85.916999816894531;
2463429487.1806664;-85.881523132324219;
2463589743.5909228;-85.924903869628906;
2463750000.0011792;-85.867729187011719;
2463910256.4114356;-85.915031433105469;
2464070512.8216925;-85.907119750976563;
2464230769.2319489;-85.922935485839844;
2464391025.6422052;-85.869728088378906;
2464551282.0524616;-85.89727783203125;
2464711538.462718;-85.830619812011719;
2464871794.8729744;-85.84228515625;
2465032051.2832308;-85.885429382324219;
2465192307.6934872;-85.877494812011719;
2465352564.1037436;-85.916969299316406;
2465512820.5139999;-85.851837158203125;
2465673076.9242563;-85.889389038085938;
2465833333.3345127;-85.857963562011719;
2465993589.7447691;-85.903190612792969;
2466153846.1550255;-85.83447265625;
2466314102.5652819;-85.885406494140625;
2466474358.9755383;-85.8775634765625;
2466634615.3857946;-85.911834716796875;
2466794871.796051;-85.898117065429687;
2466955128.2063074;-85.868904113769531;
2467115384.6165643;-85.877143859863281;
2467275641.0268207;-85.842170715332031;
2467435897.437077;-85.851829528808594;
2467596153.8473334;-85.838294982910156;
2467756410.2575898;-85.843948364257812;
2467916666.6678462;-85.814872741699219;
2468076923.0781026;-85.832176208496094;
2468237179.488359;-85.850105285644531;
2468397435.8986154;-85.77947998046875;
2468557692.3088717;-85.842308044433594;
2468717948.7191281;-85.75250244140625;
2468878205.1293845;-85.857978820800781;
2469038461.5396409;-85.764320373535156;
2469198717.9498973;-85.863822937011719;
2469358974.3601537;-85.725479125976563;
2469519230.7704101;-85.796539306640625;
2469679487.1806664;-85.711997985839844;
2469839743.5909228;-85.69512939453125;
2470000000.0011792;-85.73895263671875;
2470160256.4114356;-85.624603271484375;
2470320512.8216925;-85.810867309570313;
2470480769.2319489;-85.514823913574219;
2470641025.6422052;-85.786956787109375;
2470801282.0524616;-85.468925476074219;
2470961538.462718;-85.599929809570313;
2471121794.8729744;-85.501373291015625;
2471282051.2832308;-85.475959777832031;
2471442307.6934872;-85.596839904785156;
2471602564.1037436;-85.352317810058594;
2471762820.5139999;-85.678459167480469;
2471923076.9242563;-85.250862121582031;
2472083333.3345127;-85.640640258789063;
2472243589.7447691;-85.143722534179688;
2472403846.1550255;-85.479400634765625;
2472564102.5652819;-85.354316711425781;
2472724358.9755383;-85.361228942871094;
2472884615.3857946;-85.419090270996094;
2473044871.796051;-85.338615417480469;
2473205128.2063074;-85.598342895507813;
2473365384.6165643;-85.286834716796875;
2473525641.0268207;-85.684913635253906;
2473685897.437077;-85.441314697265625;
2473846153.8473334;-85.67120361328125;
2474006410.2575898;-85.5223388671875;
2474166666.6678462;-85.631423950195313;
2474326923.0781026;-85.680770874023438;
2474487179.488359;-85.639579772949219;
2474647435.8986154;-85.7293701171875;
2474807692.3088717;-85.634506225585938;
2474967948.7191281;-85.775970458984375;
2475128205.1293845;-85.635162353515625;
2475288461.5396409;-85.811004638671875;
2475448717.9498973;-85.717643737792969;
2475608974.3601537;-85.777488708496094;
2475769230.7704101;-85.764274597167969;
2475929487.1806664;-85.736854553222656;
2476089743.5909228;-85.838340759277344;
2476250000.0011792;-85.760093688964844;
2476410256.4114356;-85.838394165039063;
2476570512.8216925;-85.787620544433594;
2476730769.2319489;-85.838294982910156;
2476891025.6422052;-85.824531555175781;
2477051282.0524616;-85.906906127929688;
2477211538.462718;-85.856056213378906;
2477371794.8729744;-85.855720520019531;
2477532051.2832308;-85.86322021484375;
2477692307.6934872;-85.824226379394531;
2477852564.1037436;-85.891342163085938;
2478012820.5139999;-85.846183776855469;
2478173076.9242563;-85.89532470703125;
2478333333.3345127;-85.820854187011719;
2478493589.7447691;-85.857955932617188;
2478653846.1550255;-85.915008544921875;
2478814102.5652819;-85.891288757324219;
2478974358.9755383;-85.911048889160156;
2479134615.3857946;-85.903106689453125;
2479294871.796051;-85.9169921875;
2479455128.2063074;-85.903144836425781;
2479615384.6165643;-85.938735961914063;
2479775641.0268207;-85.909088134765625;
2479935897.437077;-85.915031433105469;
2480096153.8473334;-85.879547119140625;
2480256410.2575898;-85.909080505371094;
2480416666.6678462;-85.916984558105469;
2480576923.0781026;-85.905158996582031;
2480737179.488359;-85.891395568847656;
2480897435.8986154;-85.867782592773438;
2481057692.3088717;-85.895301818847656;
2481217948.7191281;-85.930824279785156;
2481378205.1293845;-85.936759948730469;
2481538461.5396409;-85.905166625976563;
2481698717.9498973;-85.940719604492188;
2481858974.3601537;-85.914192199707031;
2482019230.7704101;-85.910430908203125;
2482179487.1806664;-85.909675598144531;
2482339743.5909228;-85.899246215820313;
2482500000.0011792;-85.897270202636719;
2482660256.4114356;-85.899261474609375;
2482820512.8216925;-85.918983459472656;
2482980769.2319489;-85.924911499023438;
2483141025.6422052;-85.944679260253906;
2483301282.0524616;-85.926872253417969;
2483461538.462718;-85.911094665527344;
2483621794.8729744;-85.883499145507813;
2483782051.2832308;-85.944671630859375;
2483942307.6934872;-85.950614929199219;
2484102564.1037436;-85.922927856445312;
2484262820.5139999;-85.911087036132812;
