Type;ESU;
Version;4.43;
Date;03.Jun 16;
Mode;ANALYZER;
Center Freq;2434262820.514000;Hz
Freq Offset;0.000000;Hz
Span;100000000.000000;Hz
x-Axis;LIN;
Start;2384262820.514000;Hz
Stop;2484262820.514000;Hz
Ref Level;-9.000000;dBm
Level Offset;0.000000;dB
Ref Position;100.000000;%
y-Axis;LOG;
Level Range;100.000000;dB
Rf Att;5.000000;dB
RBW;2000000.000000;Hz
VBW;50.000000;Hz
SWT;2.500000;s
Trace Mode;CLR/WRITE;
Detector;RMS;
Sweep Count;0;
Trace 1:;;
x-Unit;Hz;
y-Unit;dBm;
Values;625;
2384262820.5139999;-85.736282348632812;
2384423076.9242563;-85.721900939941406;
2384583333.3345127;-85.729621887207031;
2384743589.7447691;-85.70648193359375;
2384903846.1550255;-85.716117858886719;
2385064102.5652819;-85.702629089355469;
2385224358.9755383;-85.745086669921875;
2385384615.3857946;-85.707717895507813;
2385544871.796051;-85.711433410644531;
2385705128.2063074;-85.716117858886719;
2385865384.6165643;-85.735183715820313;
2386025641.0268207;-85.709236145019531;
2386185897.437077;-85.723182678222656;
2386346153.8473334;-85.751152038574219;
2386506410.2575898;-85.740333557128906;
2386666666.6678462;-85.712265014648437;
2386826923.0781026;-85.718040466308594;
2386987179.488359;-85.702629089355469;
2387147435.8986154;-85.687210083007813;
2387307692.3088717;-85.641242980957031;
2387467948.7191281;-85.650802612304688;
2387628205.1293845;-85.646957397460938;
2387788461.5396409;-85.656524658203125;
2387948717.9498973;-85.700698852539063;
2388108974.3601537;-85.704551696777344;
2388269230.7704101;-85.70648193359375;
2388429487.1806664;-85.710334777832031;
2388589743.5909228;-85.712257385253906;
2388750000.0011792;-85.671875;
2388910256.4114356;-85.673797607421875;
2389070512.8216925;-85.719970703125;
2389230769.2319489;-85.721900939941406;
2389391025.6422052;-85.706466674804688;
2389551282.0524616;-85.698768615722656;
2389711538.462718;-85.776084899902344;
2389871794.8729744;-85.729583740234375;
2390032051.2832308;-85.710334777832031;
2390192307.6934872;-85.694931030273438;
2390352564.1037436;-85.712265014648437;
2390512820.5139999;-85.687248229980469;
2390673076.9242563;-85.702629089355469;
2390833333.3345127;-85.687248229980469;
2390993589.7447691;-85.666114807128906;
2391153846.1550255;-85.700698852539063;
2391314102.5652819;-85.710334777832031;
2391474358.9755383;-85.668045043945313;
2391634615.3857946;-85.658470153808594;
2391794871.796051;-85.650802612304688;
2391955128.2063074;-85.700698852539063;
2392115384.6165643;-85.708412170410156;
2392275641.0268207;-85.70648193359375;
2392435897.437077;-85.716110229492188;
2392596153.8473334;-85.710334777832031;
2392756410.2575898;-85.629776000976563;
2392916666.6678462;-85.673759460449219;
2393076923.0781026;-85.627838134765625;
2393237179.488359;-85.685325622558594;
2393397435.8986154;-85.616378784179688;
2393557692.3088717;-85.660385131835938;
2393717948.7191281;-85.666069030761719;
2393878205.1293845;-85.710319519042969;
2394038461.5396409;-85.650787353515625;
2394198717.9498973;-85.662284851074219;
2394358974.3601537;-85.587890625;
2394519230.7704101;-85.625961303710938;
2394679487.1806664;-85.635490417480469;
2394839743.5909228;-85.624061584472656;
2395000000.0011792;-85.625961303710938;
2395160256.4114356;-85.625968933105469;
2395320512.8216925;-85.622146606445313;
2395480769.2319489;-85.664207458496094;
2395641025.6422052;-85.641242980957031;
2395801282.0524616;-85.625961303710938;
2395961538.462718;-85.5992431640625;
2396121794.8729744;-85.633583068847656;
2396282051.2832308;-85.685035705566406;
2396442307.6934872;-85.637794494628906;
2396602564.1037436;-85.623748779296875;
2396762820.5139999;-85.644645690917969;
2396923076.9242563;-85.619422912597656;
2397083333.3345127;-85.597373962402344;
2397243589.7447691;-85.618339538574219;
2397403846.1550255;-85.625968933105469;
2397564102.5652819;-85.656547546386719;
2397724358.9755383;-85.635505676269531;
2397884615.3857946;-85.625961303710938;
2398044871.796051;-85.625968933105469;
2398205128.2063074;-85.6202392578125;
2398365384.6165643;-85.637413024902344;
2398525641.0268207;-85.61260986328125;
2398685897.437077;-85.616386413574219;
2398846153.8473334;-85.633583068847656;
2399006410.2575898;-85.610710144042969;
2399166666.6678462;-85.627876281738281;
2399326923.0781026;-85.620246887207031;
2399487179.488359;-85.622146606445313;
2399647435.8986154;-85.622154235839844;
2399807692.3088717;-85.61260986328125;
2399967948.7191281;-85.618331909179687;
2400128205.1293845;-85.620246887207031;
2400288461.5396409;-85.631683349609375;
2400448717.9498973;-85.679557800292969;
2400608974.3601537;-85.654617309570313;
2400769230.7704101;-85.622146606445313;
2400929487.1806664;-85.616432189941406;
2401089743.5909228;-85.627876281738281;
2401250000.0011792;-85.648872375488281;
2401410256.4114356;-85.614524841308594;
2401570512.8216925;-85.622154235839844;
2401730769.2319489;-85.616432189941406;
2401891025.6422052;-85.643150329589844;
2402051282.0524616;-85.635513305664063;
2402211538.462718;-85.606895446777344;
2402371794.8729744;-85.631690979003906;
2402532051.2832308;-85.629783630371094;
2402692307.6934872;-85.622154235839844;
2402852564.1037436;-85.624061584472656;
2403012820.5139999;-85.645065307617188;
2403173076.9242563;-85.610687255859375;
2403333333.3345127;-85.608802795410156;
2403493589.7447691;-85.608802795410156;
2403653846.1550255;-85.622154235839844;
2403814102.5652819;-85.618331909179687;
2403974358.9755383;-85.608810424804688;
2404134615.3857946;-85.624061584472656;
2404294871.796051;-85.616424560546875;
2404455128.2063074;-85.635498046875;
2404615384.6165643;-85.677635192871094;
2404775641.0268207;-85.675704956054688;
2404935897.437077;-85.631690979003906;
2405096153.8473334;-85.616432189941406;
2405256410.2575898;-85.633590698242188;
2405416666.6678462;-85.614524841308594;
2405576923.0781026;-85.606903076171875;
2405737179.488359;-85.620246887207031;
2405897435.8986154;-85.646957397460938;
2406057692.3088717;-85.654632568359375;
2406217948.7191281;-85.637428283691406;
2406378205.1293845;-85.668052673339844;
2406538461.5396409;-85.625961303710938;
2406698717.9498973;-85.625961303710938;
2406858974.3601537;-85.614517211914062;
2407019230.7704101;-85.620201110839844;
2407179487.1806664;-85.660385131835938;
2407339743.5909228;-85.635513305664063;
2407500000.0011792;-85.639320373535156;
2407660256.4114356;-85.65655517578125;
2407820512.8216925;-85.6527099609375;
2407980769.2319489;-85.637420654296875;
2408141025.6422052;-85.64697265625;
2408301282.0524616;-85.639335632324219;
2408461538.462718;-85.637413024902344;
2408621794.8729744;-85.652671813964844;
2408782051.2832308;-85.704551696777344;
2408942307.6934872;-85.700706481933594;
2409102564.1037436;-85.70648193359375;
2409262820.5139999;-85.704551696777344;
2409423076.9242563;-85.677642822265625;
2409583333.3345127;-85.62786865234375;
2409743589.7447691;-85.645065307617188;
2409903846.1550255;-85.648895263671875;
2410064102.5652819;-85.652717590332031;
2410224358.9755383;-85.652725219726563;
2410384615.3857946;-85.643157958984375;
2410544871.796051;-85.614524841308594;
2410705128.2063074;-85.637413024902344;
2410865384.6165643;-85.690643310546875;
2411025641.0268207;-85.649978637695312;
2411185897.437077;-85.700698852539063;
2411346153.8473334;-85.702621459960937;
2411506410.2575898;-85.709465026855469;
2411666666.6678462;-85.704551696777344;
2411826923.0781026;-85.698776245117188;
2411987179.488359;-85.696853637695313;
2412147435.8986154;-85.666130065917969;
2412307692.3088717;-85.693000793457031;
2412467948.7191281;-85.710334777832031;
2412628205.1293845;-85.694931030273438;
2412788461.5396409;-85.673805236816406;
2412948717.9498973;-85.700416564941406;
2413108974.3601537;-85.708404541015625;
2413269230.7704101;-85.685317993164063;
2413429487.1806664;-85.669967651367188;
2413589743.5909228;-85.700706481933594;
2413750000.0011792;-85.723823547363281;
2413910256.4114356;-85.710334777832031;
2414070512.8216925;-85.712265014648437;
2414230769.2319489;-85.693000793457031;
2414391025.6422052;-85.685302734375;
2414551282.0524616;-85.662300109863281;
2414711538.462718;-85.700691223144531;
2414871794.8729744;-85.646980285644531;
2415032051.2832308;-85.66229248046875;
2415192307.6934872;-85.702629089355469;
2415352564.1037436;-85.698219299316406;
2415512820.5139999;-85.719970703125;
2415673076.9242563;-85.727691650390625;
2415833333.3345127;-85.696861267089844;
2415993589.7447691;-85.677642822265625;
2416153846.1550255;-85.710334777832031;
2416314102.5652819;-85.727676391601563;
2416474358.9755383;-85.727676391601563;
2416634615.3857946;-85.702629089355469;
2416794871.796051;-85.716110229492188;
2416955128.2063074;-85.696853637695313;
2417115384.6165643;-85.704551696777344;
2417275641.0268207;-85.708412170410156;
2417435897.437077;-85.673774719238281;
2417596153.8473334;-85.668052673339844;
2417756410.2575898;-85.667495727539063;
2417916666.6678462;-85.702568054199219;
2418076923.0781026;-85.719970703125;
2418237179.488359;-85.712242126464844;
2418397435.8986154;-85.70263671875;
2418557692.3088717;-85.708404541015625;
2418717948.7191281;-85.694931030273438;
2418878205.1293845;-85.704559326171875;
2419038461.5396409;-85.681480407714844;
2419198717.9498973;-85.696830749511719;
2419358974.3601537;-85.70263671875;
2419519230.7704101;-85.698760986328125;
2419679487.1806664;-85.664215087890625;
2419839743.5909228;-85.698204040527344;
2420000000.0011792;-85.687232971191406;
2420160256.4114356;-85.696846008300781;
2420320512.8216925;-85.677635192871094;
2420480769.2319489;-85.735404968261719;
2420641025.6422052;-85.700675964355469;
2420801282.0524616;-85.70648193359375;
2420961538.462718;-85.64886474609375;
2421121794.8729744;-85.63360595703125;
2421282051.2832308;-85.624046325683594;
2421442307.6934872;-85.650810241699219;
2421602564.1037436;-85.694908142089844;
2421762820.5139999;-85.704559326171875;
2421923076.9242563;-85.656539916992188;
2422083333.3345127;-85.645614624023438;
2422243589.7447691;-85.641250610351563;
2422403846.1550255;-85.627876281738281;
2422564102.5652819;-85.646980285644531;
2422724358.9755383;-85.6929931640625;
2422884615.3857946;-85.698760986328125;
2423044871.796051;-85.666107177734375;
2423205128.2063074;-85.704551696777344;
2423365384.6165643;-85.70648193359375;
2423525641.0268207;-85.687240600585938;
2423685897.437077;-85.681465148925781;
2423846153.8473334;-85.643417358398438;
2424006410.2575898;-85.620246887207031;
2424166666.6678462;-85.692985534667969;
2424326923.0781026;-85.669914245605469;
2424487179.488359;-85.635513305664063;
2424647435.8986154;-85.646980285644531;
2424807692.3088717;-85.646980285644531;
2424967948.7191281;-85.624061584472656;
2425128205.1293845;-85.702621459960937;
2425288461.5396409;-85.70648193359375;
2425448717.9498973;-85.70263671875;
2425608974.3601537;-85.727684020996094;
2425769230.7704101;-85.72381591796875;
2425929487.1806664;-85.696853637695313;
2426089743.5909228;-85.694931030273438;
2426250000.0011792;-85.704551696777344;
2426410256.4114356;-85.700706481933594;
2426570512.8216925;-85.696853637695313;
2426730769.2319489;-85.679557800292969;
2426891025.6422052;-85.702629089355469;
2427051282.0524616;-85.694931030273438;
2427211538.462718;-85.72381591796875;
2427371794.8729744;-85.702621459960937;
2427532051.2832308;-85.698768615722656;
2427692307.6934872;-85.718032836914063;
2427852564.1037436;-85.698745727539063;
2428012820.5139999;-85.677642822265625;
2428173076.9242563;-85.685279846191406;
2428333333.3345127;-85.622154235839844;
2428493589.7447691;-85.689125061035156;
2428653846.1550255;-85.673789978027344;
2428814102.5652819;-85.679557800292969;
2428974358.9755383;-85.568809509277344;
2429134615.3857946;-85.65460205078125;
2429294871.796051;-85.414215087890625;
2429455128.2063074;-85.536697387695312;
2429615384.6165643;-85.227973937988281;
2429775641.0268207;-85.417701721191406;
2429935897.437077;-84.815948486328125;
2430096153.8473334;-85.112663269042969;
2430256410.2575898;-84.157463073730469;
2430416666.6678462;-84.643363952636719;
2430576923.0781026;-83.910308837890625;
2430737179.488359;-83.773788452148438;
2430897435.8986154;-83.059806823730469;
2431057692.3088717;-83.177955627441406;
2431217948.7191281;-82.357322692871094;
2431378205.1293845;-81.924003601074219;
2431538461.5396409;-80.355003356933594;
2431698717.9498973;-80.010246276855469;
2431858974.3601537;-78.461204528808594;
2432019230.7704101;-77.15283203125;
2432179487.1806664;-75.764427185058594;
2432339743.5909228;-73.466033935546875;
2432500000.0011792;-72.041168212890625;
2432660256.4114356;-70.076141357421875;
2432820512.8216925;-68.779457092285156;
2432980769.2319489;-66.427238464355469;
2433141025.6422052;-65.430259704589844;
2433301282.0524616;-63.406772613525391;
2433461538.462718;-64.220588684082031;
2433621794.8729744;-63.41455078125;
2433782051.2832308;-62.342952728271484;
2433942307.6934872;-61.511802673339844;
2434102564.1037436;-60.764301300048828;
2434262820.5139999;-59.994895935058594;
2434423076.9242563;-59.423194885253906;
2434583333.3345127;-58.773075103759766;
2434743589.7447691;-58.812629699707031;
2434903846.1550255;-59.201641082763672;
2435064102.5652819;-59.623867034912109;
2435224358.9755383;-59.708286285400391;
2435384615.3857946;-60.530025482177734;
2435544871.796051;-61.235904693603516;
2435705128.2063074;-63.492984771728516;
2435865384.6165643;-64.233047485351563;
2436025641.0268207;-65.364631652832031;
2436185897.437077;-65.919891357421875;
2436346153.8473334;-68.090003967285156;
2436506410.2575898;-70.275840759277344;
2436666666.6678462;-71.269393920898438;
2436826923.0781026;-71.71551513671875;
2436987179.488359;-72.895721435546875;
2437147435.8986154;-73.549964904785156;
2437307692.3088717;-76.136405944824219;
2437467948.7191281;-76.5865478515625;
2437628205.1293845;-77.457481384277344;
2437788461.5396409;-77.513648986816406;
2437948717.9498973;-78.890205383300781;
2438108974.3601537;-80.656875610351563;
2438269230.7704101;-81.431938171386719;
2438429487.1806664;-81.571365356445313;
2438589743.5909228;-82.118949890136719;
2438750000.0011792;-82.789138793945312;
2438910256.4114356;-84.027549743652344;
2439070512.8216925;-84.231864929199219;
2439230769.2319489;-84.494880676269531;
2439391025.6422052;-84.639556884765625;
2439551282.0524616;-85.012382507324219;
2439711538.462718;-85.354782104492188;
2439871794.8729744;-85.491531372070313;
2440032051.2832308;-85.542373657226563;
2440192307.6934872;-85.582176208496094;
2440352564.1037436;-85.627861022949219;
2440512820.5139999;-85.710334777832031;
2440673076.9242563;-85.718040466308594;
2440833333.3345127;-85.739280700683594;
2440993589.7447691;-85.760566711425781;
2441153846.1550255;-85.793540954589844;
2441314102.5652819;-85.811103820800781;
2441474358.9755383;-85.809158325195313;
2441634615.3857946;-85.801368713378906;
2441794871.796051;-85.82086181640625;
2441955128.2063074;-85.82086181640625;
2442115384.6165643;-85.828659057617188;
2442275641.0268207;-85.828651428222656;
2442435897.437077;-85.803298950195313;
2442596153.8473334;-85.830619812011719;
2442756410.2575898;-85.81695556640625;
2442916666.6678462;-85.824752807617188;
2443076923.0781026;-85.803245544433594;
2443237179.488359;-85.727691650390625;
2443397435.8986154;-85.733474731445313;
2443557692.3088717;-85.789680480957031;
2443717948.7191281;-85.762496948242188;
2443878205.1293845;-85.741203308105469;
2444038461.5396409;-85.694747924804688;
2444198717.9498973;-85.622146606445313;
2444358974.3601537;-85.639320373535156;
2444519230.7704101;-85.702621459960937;
2444679487.1806664;-85.671775817871094;
2444839743.5909228;-85.478248596191406;
2445000000.0011792;-85.431526184082031;
2445160256.4114356;-85.497055053710938;
2445320512.8216925;-85.612617492675781;
2445480769.2319489;-85.521369934082031;
2445641025.6422052;-85.396316528320312;
2445801282.0524616;-85.053253173828125;
2445961538.462718;-85.4052734375;
2446121794.8729744;-85.512214660644531;
2446282051.2832308;-85.506217956542969;
2446442307.6934872;-84.811332702636719;
2446602564.1037436;-83.737480163574219;
2446762820.5139999;-83.771766662597656;
2446923076.9242563;-84.042655944824219;
2447083333.3345127;-84.828575134277344;
2447243589.7447691;-83.17144775390625;
2447403846.1550255;-81.693824768066406;
2447564102.5652819;-81.827186584472656;
2447724358.9755383;-82.758628845214844;
2447884615.3857946;-82.871635437011719;
2448044871.796051;-82.11285400390625;
2448205128.2063074;-84.288414001464844;
2448365384.6165643;-85.156829833984375;
2448525641.0268207;-84.533660888671875;
2448685897.437077;-85.064773559570313;
2448846153.8473334;-85.416511535644531;
2449006410.2575898;-83.794998168945313;
2449166666.6678462;-79.8673095703125;
2449326923.0781026;-81.772903442382812;
2449487179.488359;-84.043746948242188;
2449647435.8986154;-83.162490844726563;
2449807692.3088717;-79.364227294921875;
2449967948.7191281;-80.523056030273438;
2450128205.1293845;-82.596351623535156;
2450288461.5396409;-84.28375244140625;
2450448717.9498973;-83.764846801757812;
2450608974.3601537;-84.295997619628906;
2450769230.7704101;-83.558967590332031;
2450929487.1806664;-85.104057312011719;
2451089743.5909228;-85.583847045898438;
2451250000.0011792;-82.373489379882813;
2451410256.4114356;-78.085746765136719;
2451570512.8216925;-79.521026611328125;
2451730769.2319489;-79.59259033203125;
2451891025.6422052;-76.992607116699219;
2452051282.0524616;-80.027458190917969;
2452211538.462718;-83.791397094726563;
2452371794.8729744;-85.116081237792969;
2452532051.2832308;-85.491455078125;
2452692307.6934872;-83.234596252441406;
2452852564.1037436;-77.377105712890625;
2453012820.5139999;-78.32000732421875;
2453173076.9242563;-81.113662719726563;
2453333333.3345127;-82.534889221191406;
2453493589.7447691;-82.331687927246094;
2453653846.1550255;-84.46514892578125;
2453814102.5652819;-77.778854370117187;
2453974358.9755383;-76.012245178222656;
2454134615.3857946;-79.666290283203125;
2454294871.796051;-83.71392822265625;
2454455128.2063074;-85.108833312988281;
2454615384.6165643;-83.401161193847656;
2454775641.0268207;-84.698066711425781;
2454935897.437077;-85.318092346191406;
2455096153.8473334;-83.50042724609375;
2455256410.2575898;-80.510017395019531;
2455416666.6678462;-83.877952575683594;
2455576923.0781026;-79.814651489257813;
2455737179.488359;-77.654190063476562;
2455897435.8986154;-80.508415222167969;
2456057692.3088717;-79.355613708496094;
2456217948.7191281;-82.997245788574219;
2456378205.1293845;-84.905853271484375;
2456538461.5396409;-85.591117858886719;
2456698717.9498973;-85.758636474609375;
2456858974.3601537;-85.80523681640625;
2457019230.7704101;-85.809158325195313;
2457179487.1806664;-85.836479187011719;
2457339743.5909228;-85.82672119140625;
2457500000.0011792;-85.828651428222656;
2457660256.4114356;-85.828666687011719;
2457820512.8216925;-85.611732482910156;
2457980769.2319489;-83.74755859375;
2458141025.6422052;-84.470375061035156;
2458301282.0524616;-85.445556640625;
2458461538.462718;-85.622238159179687;
2458621794.8729744;-85.294357299804687;
2458782051.2832308;-85.645462036132813;
2458942307.6934872;-85.788566589355469;
2459102564.1037436;-85.864707946777344;
2459262820.5139999;-84.468048095703125;
2459423076.9242563;-83.178504943847656;
2459583333.3345127;-84.06134033203125;
2459743589.7447691;-84.821464538574219;
2459903846.1550255;-85.589324951171875;
2460064102.5652819;-85.346237182617188;
2460224358.9755383;-85.636688232421875;
2460384615.3857946;-85.351600646972656;
2460544871.796051;-84.838279724121094;
2460705128.2063074;-85.154731750488281;
2460865384.6165643;-85.493804931640625;
2461025641.0268207;-85.7838134765625;
2461185897.437077;-85.748855590820313;
2461346153.8473334;-85.838432312011719;
2461506410.2575898;-85.907150268554688;
2461666666.6678462;-85.9150390625;
2461826923.0781026;-85.913063049316406;
2461987179.488359;-85.869712829589844;
2462147435.8986154;-85.848220825195313;
2462307692.3088717;-85.82281494140625;
2462467948.7191281;-85.834510803222656;
2462628205.1293845;-85.865859985351563;
2462788461.5396409;-85.865859985351563;
2462948717.9498973;-85.865814208984375;
2463108974.3601537;-85.907150268554688;
2463269230.7704101;-85.90911865234375;
2463429487.1806664;-85.909126281738281;
2463589743.5909228;-85.905181884765625;
2463750000.0011792;-85.885490417480469;
2463910256.4114356;-85.915031433105469;
2464070512.8216925;-85.907150268554688;
2464230769.2319489;-85.891387939453125;
2464391025.6422052;-85.95062255859375;
2464551282.0524616;-85.926856994628906;
2464711538.462718;-85.915031433105469;
2464871794.8729744;-85.901237487792969;
2465032051.2832308;-85.885498046875;
2465192307.6934872;-85.891403198242188;
2465352564.1037436;-85.911094665527344;
2465512820.5139999;-85.909126281738281;
2465673076.9242563;-85.913063049316406;
2465833333.3345127;-85.907150268554688;
2465993589.7447691;-85.911079406738281;
2466153846.1550255;-85.907150268554688;
2466314102.5652819;-85.915031433105469;
2466474358.9755383;-85.897285461425781;
2466634615.3857946;-85.898422241210937;
2466794871.796051;-85.908683776855469;
2466955128.2063074;-85.907432556152344;
2467115384.6165643;-85.910438537597656;
2467275641.0268207;-85.94805908203125;
2467435897.437077;-85.908676147460938;
2467596153.8473334;-85.905174255371094;
2467756410.2575898;-85.915687561035156;
2467916666.6678462;-85.902915954589844;
2468076923.0781026;-85.905174255371094;
2468237179.488359;-85.911094665527344;
2468397435.8986154;-85.913063049316406;
2468557692.3088717;-85.905174255371094;
2468717948.7191281;-85.911079406738281;
2468878205.1293845;-85.899261474609375;
2469038461.5396409;-85.918983459472656;
2469198717.9498973;-85.911094665527344;
2469358974.3601537;-85.913063049316406;
2469519230.7704101;-85.932807922363281;
2469679487.1806664;-85.918983459472656;
2469839743.5909228;-85.913063049316406;
2470000000.0011792;-85.909126281738281;
2470160256.4114356;-85.913063049316406;
2470320512.8216925;-85.905181884765625;
2470480769.2319489;-85.891387939453125;
2470641025.6422052;-85.913063049316406;
2470801282.0524616;-85.907150268554688;
2470961538.462718;-85.909126281738281;
2471121794.8729744;-85.911094665527344;
2471282051.2832308;-85.9150390625;
2471442307.6934872;-85.893363952636719;
2471602564.1037436;-85.893356323242187;
2471762820.5139999;-85.83062744140625;
2471923076.9242563;-85.822799682617188;
2472083333.3345127;-85.88934326171875;
2472243589.7447691;-85.889381408691406;
2472403846.1550255;-85.863899230957031;
2472564102.5652819;-85.887451171875;
2472724358.9755383;-85.875663757324219;
2472884615.3857946;-85.87359619140625;
2473044871.796051;-85.871665954589844;
2473205128.2063074;-85.87554931640625;
2473365384.6165643;-85.891372680664063;
2473525641.0268207;-85.84613037109375;
2473685897.437077;-85.8677978515625;
2473846153.8473334;-85.83233642578125;
2474006410.2575898;-85.838424682617187;
2474166666.6678462;-85.855964660644531;
2474326923.0781026;-85.840385437011719;
2474487179.488359;-85.842338562011719;
2474647435.8986154;-85.859977722167969;
2474807692.3088717;-85.826713562011719;
2474967948.7191281;-85.832565307617188;
2475128205.1293845;-85.869728088378906;
2475288461.5396409;-85.90911865234375;
2475448717.9498973;-85.893348693847656;
2475608974.3601537;-85.856056213378906;
2475769230.7704101;-85.846824645996094;
2475929487.1806664;-85.814537048339844;
2476089743.5909228;-85.846817016601562;
2476250000.0011792;-85.828666687011719;
2476410256.4114356;-85.846229553222656;
2476570512.8216925;-85.867813110351563;
2476730769.2319489;-85.905166625976563;
2476891025.6422052;-85.875663757324219;
2477051282.0524616;-85.848213195800781;
2477211538.462718;-85.822807312011719;
2477371794.8729744;-85.82086181640625;
2477532051.2832308;-85.809150695800781;
2477692307.6934872;-85.82086181640625;
2477852564.1037436;-85.828666687011719;
2478012820.5139999;-85.83648681640625;
2478173076.9242563;-85.82086181640625;
2478333333.3345127;-85.875656127929688;
2478493589.7447691;-85.9012451171875;
2478653846.1550255;-85.885498046875;
2478814102.5652819;-85.893356323242187;
2478974358.9755383;-85.840370178222656;
2479134615.3857946;-85.822792053222656;
2479294871.796051;-85.852134704589844;
2479455128.2063074;-85.907150268554688;
2479615384.6165643;-85.9012451171875;
2479775641.0268207;-85.907150268554688;
2479935897.437077;-85.895332336425781;
2480096153.8473334;-85.905181884765625;
2480256410.2575898;-85.893363952636719;
2480416666.6678462;-85.907432556152344;
2480576923.0781026;-85.906929016113281;
2480737179.488359;-85.920951843261719;
2480897435.8986154;-85.913063049316406;
2481057692.3088717;-85.930824279785156;
2481217948.7191281;-85.9150390625;
2481378205.1293845;-85.907150268554688;
2481538461.5396409;-85.913063049316406;
2481698717.9498973;-85.918983459472656;
2481858974.3601537;-85.909126281738281;
2482019230.7704101;-85.9150390625;
2482179487.1806664;-85.918983459472656;
2482339743.5909228;-85.909126281738281;
2482500000.0011792;-85.895317077636719;
2482660256.4114356;-85.948631286621094;
2482820512.8216925;-85.938743591308594;
2482980769.2319489;-85.917007446289062;
2483141025.6422052;-85.9268798828125;
2483301282.0524616;-85.918983459472656;
2483461538.462718;-85.911094665527344;
2483621794.8729744;-85.899269104003906;
2483782051.2832308;-85.911094665527344;
2483942307.6934872;-85.92095947265625;
2484102564.1037436;-85.895309448242188;
2484262820.5139999;-85.911087036132812;
