Type;ESU;
Version;4.43;
Date;03.Jun 16;
Mode;ANALYZER;
Center Freq;2434262820.514000;Hz
Freq Offset;0.000000;Hz
Span;100000000.000000;Hz
x-Axis;LIN;
Start;2384262820.514000;Hz
Stop;2484262820.514000;Hz
Ref Level;-8.000000;dBm
Level Offset;0.000000;dB
Ref Position;100.000000;%
y-Axis;LOG;
Level Range;100.000000;dB
Rf Att;5.000000;dB
RBW;2000000.000000;Hz
VBW;50.000000;Hz
SWT;2.500000;s
Trace Mode;CLR/WRITE;
Detector;RMS;
Sweep Count;0;
Trace 1:;;
x-Unit;Hz;
y-Unit;dBm;
Values;625;
2384262820.5139999;-85.6561279296875;
2384423076.9242563;-85.645187377929688;
2384583333.3345127;-85.632942199707031;
2384743589.7447691;-85.656646728515625;
2384903846.1550255;-85.645187377929688;
2385064102.5652819;-85.608489990234375;
2385224358.9755383;-85.64520263671875;
2385384615.3857946;-85.621612548828125;
2385544871.796051;-85.66021728515625;
2385705128.2063074;-85.630149841308594;
2385865384.6165643;-85.647315979003906;
2386025641.0268207;-85.649482727050781;
2386185897.437077;-85.634468078613281;
2386346153.8473334;-85.623764038085938;
2386506410.2575898;-85.623764038085938;
2386666666.6678462;-85.645187377929688;
2386826923.0781026;-85.643051147460938;
2386987179.488359;-85.640907287597656;
2387147435.8986154;-85.576797485351563;
2387307692.3088717;-85.606643676757813;
2387467948.7191281;-85.576812744140625;
2387628205.1293845;-85.591720581054687;
2387788461.5396409;-85.651634216308594;
2387948717.9498973;-85.602371215820313;
2388108974.3601537;-85.643028259277344;
2388269230.7704101;-85.570381164550781;
2388429487.1806664;-85.604522705078125;
2388589743.5909228;-85.540687561035156;
2388750000.0011792;-85.534271240234375;
2388910256.4114356;-85.540687561035156;
2389070512.8216925;-85.513099670410156;
2389230769.2319489;-85.572547912597656;
2389391025.6422052;-85.568214416503906;
2389551282.0524616;-85.580970764160156;
2389711538.462718;-85.475189208984375;
2389871794.8729744;-85.485488891601563;
2390032051.2832308;-85.479347229003906;
2390192307.6934872;-85.445396423339844;
2390352564.1037436;-85.475204467773438;
2390512820.5139999;-85.382560729980469;
2390673076.9242563;-85.527877807617188;
2390833333.3345127;-85.390937805175781;
2390993589.7447691;-85.511009216308594;
2391153846.1550255;-85.324577331542969;
2391314102.5652819;-85.423606872558594;
2391474358.9755383;-85.270919799804688;
2391634615.3857946;-85.296234130859375;
2391794871.796051;-85.340927124023438;
2391955128.2063074;-85.213050842285156;
2392115384.6165643;-85.368133544921875;
2392275641.0268207;-85.111953735351563;
2392435897.437077;-85.376564025878906;
2392596153.8473334;-85.012565612792969;
2392756410.2575898;-85.262870788574219;
2392916666.6678462;-85.098747253417969;
2393076923.0781026;-85.168220520019531;
2393237179.488359;-85.168067932128906;
2393397435.8986154;-85.081298828125;
2393557692.3088717;-85.276741027832031;
2393717948.7191281;-85.057518005371094;
2393878205.1293845;-85.386756896972656;
2394038461.5396409;-85.11505126953125;
2394198717.9498973;-85.325439453125;
2394358974.3601537;-85.137100219726563;
2394519230.7704101;-85.244865417480469;
2394679487.1806664;-85.355598449707031;
2394839743.5909228;-85.305252075195313;
2395000000.0011792;-85.462448120117188;
2395160256.4114356;-85.307579040527344;
2395320512.8216925;-85.452049255371094;
2395480769.2319489;-85.349411010742187;
2395641025.6422052;-85.470314025878906;
2395801282.0524616;-85.428802490234375;
2395961538.462718;-85.430458068847656;
2396121794.8729744;-85.443618774414063;
2396282051.2832308;-85.42864990234375;
2396442307.6934872;-85.485710144042969;
2396602564.1037436;-85.422477722167969;
2396762820.5139999;-85.494125366210938;
2396923076.9242563;-85.405982971191406;
2397083333.3345127;-85.424568176269531;
2397243589.7447691;-85.393341064453125;
2397403846.1550255;-85.384963989257813;
2397564102.5652819;-85.422309875488281;
2397724358.9755383;-85.452629089355469;
2397884615.3857946;-85.513740539550781;
2398044871.796051;-85.476951599121094;
2398205128.2063074;-85.523422241210937;
2398365384.6165643;-85.447723388671875;
2398525641.0268207;-85.523719787597656;
2398685897.437077;-85.447906494140625;
2398846153.8473334;-85.489845275878906;
2399006410.2575898;-85.487823486328125;
2399166666.6678462;-85.49200439453125;
2399326923.0781026;-85.534294128417969;
2399487179.488359;-85.472999572753906;
2399647435.8986154;-85.513153076171875;
2399807692.3088717;-85.468887329101563;
2399967948.7191281;-85.468894958496094;
2400128205.1293845;-85.470863342285156;
2400288461.5396409;-85.500411987304688;
2400448717.9498973;-85.500396728515625;
2400608974.3601537;-85.487663269042969;
2400769230.7704101;-85.479385375976563;
2400929487.1806664;-85.477188110351563;
2401089743.5909228;-85.515220642089844;
2401250000.0011792;-85.470939636230469;
2401410256.4114356;-85.473114013671875;
2401570512.8216925;-85.443634033203125;
2401730769.2319489;-85.506752014160156;
2401891025.6422052;-85.485740661621094;
2402051282.0524616;-85.506698608398438;
2402211538.462718;-85.515266418457031;
2402371794.8729744;-85.47723388671875;
2402532051.2832308;-85.496238708496094;
2402692307.6934872;-85.481483459472656;
2402852564.1037436;-85.502609252929688;
2403012820.5139999;-85.460487365722656;
2403173076.9242563;-85.491989135742188;
2403333333.3345127;-85.492012023925781;
2403493589.7447691;-85.532173156738281;
2403653846.1550255;-85.498390197753906;
2403814102.5652819;-85.4920654296875;
2403974358.9755383;-85.519515991210937;
2404134615.3857946;-85.479400634765625;
2404294871.796051;-85.428985595703125;
2404455128.2063074;-85.429031372070312;
2404615384.6165643;-85.496261596679688;
2404775641.0268207;-85.532211303710937;
2404935897.437077;-85.468856811523438;
2405096153.8473334;-85.485740661621094;
2405256410.2575898;-85.460456848144531;
2405416666.6678462;-85.523719787597656;
2405576923.0781026;-85.45208740234375;
2405737179.488359;-85.452079772949219;
2405897435.8986154;-85.500404357910156;
2406057692.3088717;-85.50250244140625;
2406217948.7191281;-85.489936828613281;
2406378205.1293845;-85.4962158203125;
2406538461.5396409;-85.489952087402344;
2406698717.9498973;-85.477279663085938;
2406858974.3601537;-85.523712158203125;
2407019230.7704101;-85.454177856445313;
2407179487.1806664;-85.487838745117188;
2407339743.5909228;-85.475189208984375;
2407500000.0011792;-85.489906311035156;
2407660256.4114356;-85.5152587890625;
2407820512.8216925;-85.506736755371094;
2407980769.2319489;-85.508934020996094;
2408141025.6422052;-85.485679626464844;
2408301282.0524616;-85.523696899414063;
2408461538.462718;-85.488288879394531;
2408621794.8729744;-85.542732238769531;
2408782051.2832308;-85.479347229003906;
2408942307.6934872;-85.495620727539063;
2409102564.1037436;-85.472808837890625;
2409262820.5139999;-85.48565673828125;
2409423076.9242563;-85.520210266113281;
2409583333.3345127;-85.473060607910156;
2409743589.7447691;-85.540382385253906;
2409903846.1550255;-85.490135192871094;
2410064102.5652819;-85.534263610839844;
2410224358.9755383;-85.525848388671875;
2410384615.3857946;-85.544593811035156;
2410544871.796051;-85.549156188964844;
2410705128.2063074;-85.51519775390625;
2410865384.6165643;-85.572540283203125;
2411025641.0268207;-85.527824401855469;
2411185897.437077;-85.544929504394531;
2411346153.8473334;-85.466728210449219;
2411506410.2575898;-85.549522399902344;
2411666666.6678462;-85.544883728027344;
2411826923.0781026;-85.44580078125;
2411987179.488359;-85.502548217773438;
2412147435.8986154;-85.483604431152344;
2412307692.3088717;-85.496170043945313;
2412467948.7191281;-85.441619873046875;
2412628205.1293845;-85.437408447265625;
2412788461.5396409;-85.530044555664063;
2412948717.9498973;-85.517333984375;
2413108974.3601537;-85.537948608398438;
2413269230.7704101;-85.511001586914063;
2413429487.1806664;-85.540687561035156;
2413589743.5909228;-85.513153076171875;
2413750000.0011792;-85.527969360351563;
2413910256.4114356;-85.551292419433594;
2414070512.8216925;-85.553367614746094;
2414230769.2319489;-85.534332275390625;
2414391025.6422052;-85.538536071777344;
2414551282.0524616;-85.598106384277344;
2414711538.462718;-85.640914916992187;
2414871794.8729744;-85.651634216308594;
2415032051.2832308;-85.58319091796875;
2415192307.6934872;-85.563980102539062;
2415352564.1037436;-85.536453247070313;
2415512820.5139999;-85.532211303710937;
2415673076.9242563;-85.544937133789063;
2415833333.3345127;-85.557357788085938;
2415993589.7447691;-85.53857421875;
2416153846.1550255;-85.506805419921875;
2416314102.5652819;-85.536453247070313;
2416474358.9755383;-85.523735046386719;
2416634615.3857946;-85.532218933105469;
2416794871.796051;-85.53009033203125;
2416955128.2063074;-85.530082702636719;
2417115384.6165643;-85.523735046386719;
2417275641.0268207;-85.525840759277344;
2417435897.437077;-85.530014038085938;
2417596153.8473334;-85.587425231933594;
2417756410.2575898;-85.57891845703125;
2417916666.6678462;-85.517387390136719;
2418076923.0781026;-85.547645568847656;
2418237179.488359;-85.549156188964844;
2418397435.8986154;-85.615188598632812;
2418557692.3088717;-85.538558959960938;
2418717948.7191281;-85.549110412597656;
2418878205.1293845;-85.519477844238281;
2419038461.5396409;-85.517341613769531;
2419198717.9498973;-85.5406494140625;
2419358974.3601537;-85.547042846679688;
2419519230.7704101;-85.559783935546875;
2419679487.1806664;-85.523735046386719;
2419839743.5909228;-85.540695190429687;
2420000000.0011792;-85.534332275390625;
2420160256.4114356;-85.534332275390625;
2420320512.8216925;-85.494476318359375;
2420480769.2319489;-85.51104736328125;
2420641025.6422052;-85.506843566894531;
2420801282.0524616;-85.506797790527344;
2420961538.462718;-85.513153076171875;
2421121794.8729744;-85.494163513183594;
2421282051.2832308;-85.542808532714844;
2421442307.6934872;-85.468849182128906;
2421602564.1037436;-85.494125366210938;
2421762820.5139999;-85.515274047851563;
2421923076.9242563;-85.540687561035156;
2422083333.3345127;-85.50469970703125;
2422243589.7447691;-85.540382385253906;
2422403846.1550255;-85.536430358886719;
2422564102.5652819;-85.527969360351563;
2422724358.9755383;-85.47100830078125;
2422884615.3857946;-85.525856018066406;
2423044871.796051;-85.540687561035156;
2423205128.2063074;-85.530082702636719;
2423365384.6165643;-85.53857421875;
2423525641.0268207;-85.525856018066406;
2423685897.437077;-85.555519104003906;
2423846153.8473334;-85.542762756347656;
2424006410.2575898;-85.555473327636719;
2424166666.6678462;-85.557632446289063;
2424326923.0781026;-85.513076782226563;
2424487179.488359;-85.466781616210937;
2424647435.8986154;-85.517364501953125;
2424807692.3088717;-85.53857421875;
2424967948.7191281;-85.479377746582031;
2425128205.1293845;-85.527969360351563;
2425288461.5396409;-85.473106384277344;
2425448717.9498973;-85.487785339355469;
2425608974.3601537;-85.473075866699219;
2425769230.7704101;-85.44775390625;
2425929487.1806664;-85.506690979003906;
2426089743.5909228;-85.557586669921875;
2426250000.0011792;-85.534332275390625;
2426410256.4114356;-85.412132263183594;
2426570512.8216925;-85.408134460449219;
2426730769.2319489;-85.214469909667969;
2426891025.6422052;-85.324974060058594;
2427051282.0524616;-84.946548461914062;
2427211538.462718;-84.920356750488281;
2427371794.8729744;-84.709213256835938;
2427532051.2832308;-83.942451477050781;
2427692307.6934872;-84.029579162597656;
2427852564.1037436;-82.359283447265625;
2428012820.5139999;-83.0477294921875;
2428173076.9242563;-79.822303771972656;
2428333333.3345127;-80.555442810058594;
2428493589.7447691;-76.483161926269531;
2428653846.1550255;-76.135826110839844;
2428814102.5652819;-73.52862548828125;
2428974358.9755383;-71.098236083984375;
2429134615.3857946;-68.904953002929688;
2429294871.796051;-66.362327575683594;
2429455128.2063074;-65.370834350585938;
2429615384.6165643;-62.574901580810547;
2429775641.0268207;-61.756698608398438;
2429935897.437077;-57.825386047363281;
2430096153.8473334;-57.537712097167969;
2430256410.2575898;-54.638576507568359;
2430416666.6678462;-53.790889739990234;
2430576923.0781026;-51.811775207519531;
2430737179.488359;-49.509815216064453;
2430897435.8986154;-47.463665008544922;
2431057692.3088717;-47.133415222167969;
2431217948.7191281;-44.524482727050781;
2431378205.1293845;-43.803600311279297;
2431538461.5396409;-41.522346496582031;
2431698717.9498973;-40.218700408935547;
2431858974.3601537;-38.984836578369141;
2432019230.7704101;-37.444580078125;
2432179487.1806664;-36.613033294677734;
2432339743.5909228;-34.309097290039063;
2432500000.0011792;-33.449054718017578;
2432660256.4114356;-31.835117340087891;
2432820512.8216925;-31.227497100830078;
2432980769.2319489;-29.737438201904297;
2433141025.6422052;-28.651350021362305;
2433301282.0524616;-27.522729873657227;
2433461538.462718;-26.843450546264648;
2433621794.8729744;-26.167165756225586;
2433782051.2832308;-25.580837249755859;
2433942307.6934872;-24.806425094604492;
2434102564.1037436;-24.59242057800293;
2434262820.5139999;-24.332292556762695;
2434423076.9242563;-24.458339691162109;
2434583333.3345127;-24.445594787597656;
2434743589.7447691;-24.756505966186523;
2434903846.1550255;-25.274715423583984;
2435064102.5652819;-25.665624618530273;
2435224358.9755383;-26.464160919189453;
2435384615.3857946;-26.906238555908203;
2435544871.796051;-28.392814636230469;
2435705128.2063074;-29.161306381225586;
2435865384.6165643;-30.379085540771484;
2436025641.0268207;-31.212329864501953;
2436185897.437077;-32.380821228027344;
2436346153.8473334;-34.037296295166016;
2436506410.2575898;-35.267158508300781;
2436666666.6678462;-36.516185760498047;
2436826923.0781026;-37.468082427978516;
2436987179.488359;-38.949825286865234;
2437147435.8986154;-40.513099670410156;
2437307692.3088717;-42.193401336669922;
2437467948.7191281;-43.059459686279297;
2437628205.1293845;-44.411308288574219;
2437788461.5396409;-45.562404632568359;
2437948717.9498973;-47.380031585693359;
2438108974.3601537;-48.891719818115234;
2438269230.7704101;-49.816402435302734;
2438429487.1806664;-51.170166015625;
2438589743.5909228;-52.122920989990234;
2438750000.0011792;-54.214672088623047;
2438910256.4114356;-55.268589019775391;
2439070512.8216925;-56.727138519287109;
2439230769.2319489;-57.715389251708984;
2439391025.6422052;-59.131538391113281;
2439551282.0524616;-60.977924346923828;
2439711538.462718;-62.656063079833984;
2439871794.8729744;-64.113906860351562;
2440032051.2832308;-65.404067993164062;
2440192307.6934872;-67.160270690917969;
2440352564.1037436;-69.319847106933594;
2440512820.5139999;-71.70208740234375;
2440673076.9242563;-73.039871215820313;
2440833333.3345127;-74.826255798339844;
2440993589.7447691;-76.426925659179688;
2441153846.1550255;-78.974403381347656;
2441314102.5652819;-80.877052307128906;
2441474358.9755383;-81.855117797851562;
2441634615.3857946;-82.823829650878906;
2441794871.796051;-83.585639953613281;
2441955128.2063074;-84.475975036621094;
2442115384.6165643;-84.881370544433594;
2442275641.0268207;-85.025932312011719;
2442435897.437077;-85.15496826171875;
2442596153.8473334;-85.359992980957031;
2442756410.2575898;-85.441619873046875;
2442916666.6678462;-85.460479736328125;
2443076923.0781026;-85.51312255859375;
2443237179.488359;-85.537956237792969;
2443397435.8986154;-85.555473327636719;
2443557692.3088717;-85.544921875;
2443717948.7191281;-85.568267822265625;
2443878205.1293845;-85.589569091796875;
2444038461.5396409;-85.547050476074219;
2444198717.9498973;-85.542816162109375;
2444358974.3601537;-85.564041137695313;
2444519230.7704101;-85.547027587890625;
2444679487.1806664;-85.658042907714844;
2444839743.5909228;-85.645195007324219;
2445000000.0011792;-85.662345886230469;
2445160256.4114356;-85.647346496582031;
2445320512.8216925;-85.638755798339844;
2445480769.2319489;-85.658088684082031;
2445641025.6422052;-85.593833923339844;
2445801282.0524616;-85.576759338378906;
2445961538.462718;-85.630172729492188;
2446121794.8729744;-85.636619567871094;
2446282051.2832308;-85.662361145019531;
2446442307.6934872;-85.647621154785156;
2446602564.1037436;-85.628044128417969;
2446762820.5139999;-85.617271423339844;
2446923076.9242563;-85.636581420898438;
2447083333.3345127;-85.615081787109375;
2447243589.7447691;-85.589569091796875;
2447403846.1550255;-85.647346496582031;
2447564102.5652819;-85.645195007324219;
2447724358.9755383;-85.653770446777344;
2447884615.3857946;-85.655906677246094;
2448044871.796051;-85.645187377929688;
2448205128.2063074;-85.651557922363281;
2448365384.6165643;-85.664527893066406;
2448525641.0268207;-85.651611328125;
2448685897.437077;-85.653785705566406;
2448846153.8473334;-85.633750915527344;
2449006410.2575898;-85.711654663085938;
2449166666.6678462;-85.698760986328125;
2449326923.0781026;-85.698997497558594;
2449487179.488359;-85.666671752929687;
2449647435.8986154;-85.647293090820313;
2449807692.3088717;-85.686042785644531;
2449967948.7191281;-85.623764038085938;
2450128205.1293845;-85.660240173339844;
2450288461.5396409;-85.615203857421875;
2450448717.9498973;-85.649497985839844;
2450608974.3601537;-85.670989990234375;
2450769230.7704101;-85.523651123046875;
2450929487.1806664;-85.534111022949219;
2451089743.5909228;-85.645187377929688;
2451250000.0011792;-85.662368774414062;
2451410256.4114356;-85.662368774414062;
2451570512.8216925;-85.696823120117187;
2451730769.2319489;-85.662376403808594;
2451891025.6422052;-85.660240173339844;
2452051282.0524616;-85.658088684082031;
2452211538.462718;-85.683891296386719;
2452371794.8729744;-85.658088684082031;
2452532051.2832308;-85.638748168945313;
2452692307.6934872;-85.707649230957031;
2452852564.1037436;-85.52935791015625;
2453012820.5139999;-85.496223449707031;
2453173076.9242563;-85.630157470703125;
2453333333.3345127;-85.653778076171875;
2453493589.7447691;-85.675270080566406;
2453653846.1550255;-85.660163879394531;
2453814102.5652819;-85.696853637695313;
2453974358.9755383;-85.655899047851562;
2454134615.3857946;-85.660232543945313;
2454294871.796051;-85.61944580078125;
2454455128.2063074;-85.640838623046875;
2454615384.6165643;-85.668724060058594;
2454775641.0268207;-85.576103210449219;
2454935897.437077;-85.436973571777344;
2455096153.8473334;-85.588874816894531;
2455256410.2575898;-85.685195922851562;
2455416666.6678462;-85.630126953125;
2455576923.0781026;-85.703201293945313;
2455737179.488359;-85.6171875;
2455897435.8986154;-85.679351806640625;
2456057692.3088717;-85.54278564453125;
2456217948.7191281;-85.5787353515625;
2456378205.1293845;-85.572532653808594;
2456538461.5396409;-85.566070556640625;
2456698717.9498973;-85.600181579589844;
2456858974.3601537;-85.606582641601562;
2457019230.7704101;-85.666656494140625;
2457179487.1806664;-85.610733032226563;
2457339743.5909228;-85.701011657714844;
2457500000.0011792;-85.685943603515625;
2457660256.4114356;-85.657875061035156;
2457820512.8216925;-85.662315368652344;
2457980769.2319489;-85.640647888183594;
2458141025.6422052;-85.673065185546875;
2458301282.0524616;-85.659988403320312;
2458461538.462718;-85.73577880859375;
2458621794.8729744;-85.653656005859375;
2458782051.2832308;-85.753021240234375;
2458942307.6934872;-85.513145446777344;
2459102564.1037436;-85.566024780273438;
2459262820.5139999;-85.6021728515625;
2459423076.9242563;-85.657943725585938;
2459583333.3345127;-85.666648864746094;
2459743589.7447691;-85.662162780761719;
2459903846.1550255;-85.718399047851563;
2460064102.5652819;-85.683738708496094;
2460224358.9755383;-85.755302429199219;
2460384615.3857946;-85.657997131347656;
2460544871.796051;-85.698822021484375;
2460705128.2063074;-85.705329895019531;
2460865384.6165643;-85.700836181640625;
2461025641.0268207;-85.705406188964844;
2461185897.437077;-85.685905456542969;
2461346153.8473334;-85.720596313476563;
2461506410.2575898;-85.666534423828125;
2461666666.6678462;-85.742286682128906;
2461826923.0781026;-85.65155029296875;
2461987179.488359;-85.737846374511719;
2462147435.8986154;-85.653762817382813;
2462307692.3088717;-85.65570068359375;
2462467948.7191281;-85.698951721191406;
2462628205.1293845;-85.674980163574219;
2462788461.5396409;-85.729248046875;
2462948717.9498973;-85.653556823730469;
2463108974.3601537;-85.701141357421875;
2463269230.7704101;-85.591651916503906;
2463429487.1806664;-85.733573913574219;
2463589743.5909228;-85.720497131347656;
2463750000.0011792;-85.718208312988281;
2463910256.4114356;-85.720542907714844;
2464070512.8216925;-85.685699462890625;
2464230769.2319489;-85.722763061523438;
2464391025.6422052;-85.705360412597656;
2464551282.0524616;-85.772666931152344;
2464711538.462718;-85.666587829589844;
2464871794.8729744;-85.724884033203125;
2465032051.2832308;-85.670761108398437;
2465192307.6934872;-85.757247924804688;
2465352564.1037436;-85.692520141601562;
2465512820.5139999;-85.6944580078125;
2465673076.9242563;-85.729209899902344;
2465833333.3345127;-85.694511413574219;
2465993589.7447691;-85.742271423339844;
2466153846.1550255;-85.696754455566406;
2466314102.5652819;-85.750968933105469;
2466474358.9755383;-85.662261962890625;
2466634615.3857946;-85.74005126953125;
2466794871.796051;-85.716262817382812;
2466955128.2063074;-85.707450866699219;
2467115384.6165643;-85.724891662597656;
2467275641.0268207;-85.694435119628906;
2467435897.437077;-85.750923156738281;
2467596153.8473334;-85.700981140136719;
2467756410.2575898;-85.757492065429688;
2467916666.6678462;-85.602287292480469;
2468076923.0781026;-85.66864013671875;
2468237179.488359;-85.687904357910156;
2468397435.8986154;-85.679176330566406;
2468557692.3088717;-85.692497253417969;
2468717948.7191281;-85.62957763671875;
2468878205.1293845;-85.698982238769531;
2469038461.5396409;-85.591445922851562;
2469198717.9498973;-85.729148864746094;
2469358974.3601537;-85.608497619628906;
2469519230.7704101;-85.642349243164062;
2469679487.1806664;-85.604293823242187;
2469839743.5909228;-85.618537902832031;
2470000000.0011792;-85.625663757324219;
2470160256.4114356;-85.556564331054688;
2470320512.8216925;-85.683700561523438;
2470480769.2319489;-85.548492431640625;
2470641025.6422052;-85.664321899414063;
2470801282.0524616;-85.412345886230469;
2470961538.462718;-85.590354919433594;
2471121794.8729744;-85.474639892578125;
2471282051.2832308;-85.55389404296875;
2471442307.6934872;-85.544822692871094;
2471602564.1037436;-85.437820434570313;
2471762820.5139999;-85.489128112792969;
2471923076.9242563;-85.311683654785156;
2472083333.3345127;-85.522994995117188;
2472243589.7447691;-85.186965942382812;
2472403846.1550255;-85.567764282226562;
2472564102.5652819;-84.980949401855469;
2472724358.9755383;-85.393890380859375;
2472884615.3857946;-85.003761291503906;
2473044871.796051;-85.07366943359375;
2473205128.2063074;-85.205314636230469;
2473365384.6165643;-84.918159484863281;
2473525641.0268207;-85.329078674316406;
2473685897.437077;-84.743423461914062;
2473846153.8473334;-85.275924682617188;
2474006410.2575898;-84.654190063476563;
2474166666.6678462;-85.127388000488281;
2474326923.0781026;-84.947052001953125;
2474487179.488359;-85.061805725097656;
2474647435.8986154;-85.144218444824219;
2474807692.3088717;-84.996627807617188;
2474967948.7191281;-85.371383666992188;
2475128205.1293845;-85.029769897460938;
2475288461.5396409;-85.447456359863281;
2475448717.9498973;-85.152420043945313;
2475608974.3601537;-85.491676330566406;
2475769230.7704101;-85.350624084472656;
2475929487.1806664;-85.455390930175781;
2476089743.5909228;-85.447212219238281;
2476250000.0011792;-85.462867736816406;
2476410256.4114356;-85.550827026367188;
2476570512.8216925;-85.499595642089844;
2476730769.2319489;-85.632164001464844;
2476891025.6422052;-85.52325439453125;
2477051282.0524616;-85.707557678222656;
2477211538.462718;-85.591407775878906;
2477371794.8729744;-85.721382141113281;
2477532051.2832308;-85.618247985839844;
2477692307.6934872;-85.671714782714844;
2477852564.1037436;-85.673019409179688;
2478012820.5139999;-85.67498779296875;
2478173076.9242563;-85.731376647949219;
2478333333.3345127;-85.672882080078125;
2478493589.7447691;-85.670989990234375;
2478653846.1550255;-85.642974853515625;
2478814102.5652819;-85.74224853515625;
2478974358.9755383;-85.716224670410156;
2479134615.3857946;-85.703109741210937;
2479294871.796051;-85.742210388183594;
2479455128.2063074;-85.735588073730469;
2479615384.6165643;-85.744430541992188;
2479775641.0268207;-85.742263793945313;
2479935897.437077;-85.779266357421875;
2480096153.8473334;-85.737930297851562;
2480256410.2575898;-85.772689819335938;
2480416666.6678462;-85.774879455566406;
2480576923.0781026;-85.770545959472656;
2480737179.488359;-85.805450439453125;
2480897435.8986154;-85.753044128417969;
2481057692.3088717;-85.783592224121094;
2481217948.7191281;-85.761833190917969;
2481378205.1293845;-85.757499694824219;
2481538461.5396409;-85.772666931152344;
2481698717.9498973;-85.787925720214844;
2481858974.3601537;-85.768653869628906;
2482019230.7704101;-85.777809143066406;
2482179487.1806664;-85.763717651367188;
2482339743.5909228;-85.746627807617188;
2482500000.0011792;-85.766204833984375;
2482660256.4114356;-85.711936950683594;
2482820512.8216925;-85.790092468261719;
2482980769.2319489;-85.796714782714844;
2483141025.6422052;-85.796669006347656;
2483301282.0524616;-85.764015197753906;
2483461538.462718;-85.746604919433594;
2483621794.8729744;-85.759666442871094;
2483782051.2832308;-85.757476806640625;
2483942307.6934872;-85.794517517089844;
2484102564.1037436;-85.753128051757813;
2484262820.5139999;-85.831710815429688;
