Type;ESU;
Version;4.43;
Date;03.Jun 16;
Mode;ANALYZER;
Center Freq;2434262820.514000;Hz
Freq Offset;0.000000;Hz
Span;100000000.000000;Hz
x-Axis;LIN;
Start;2384262820.514000;Hz
Stop;2484262820.514000;Hz
Ref Level;-8.000000;dBm
Level Offset;0.000000;dB
Ref Position;100.000000;%
y-Axis;LOG;
Level Range;100.000000;dB
Rf Att;5.000000;dB
RBW;2000000.000000;Hz
VBW;50.000000;Hz
SWT;2.500000;s
Trace Mode;CLR/WRITE;
Detector;RMS;
Sweep Count;0;
Trace 1:;;
x-Unit;Hz;
y-Unit;dBm;
Values;625;
2384262820.5139999;-85.665504455566406;
2384423076.9242563;-85.664527893066406;
2384583333.3345127;-85.640899658203125;
2384743589.7447691;-85.660240173339844;
2384903846.1550255;-85.655937194824219;
2385064102.5652819;-85.653785705566406;
2385224358.9755383;-85.660240173339844;
2385384615.3857946;-85.649497985839844;
2385544871.796051;-85.655937194824219;
2385705128.2063074;-85.621597290039063;
2385865384.6165643;-85.658088684082031;
2386025641.0268207;-85.640892028808594;
2386185897.437077;-85.638748168945313;
2386346153.8473334;-85.598114013671875;
2386506410.2575898;-85.625869750976563;
2386666666.6678462;-85.64947509765625;
2386826923.0781026;-85.662368774414062;
2386987179.488359;-85.655937194824219;
2387147435.8986154;-85.617332458496094;
2387307692.3088717;-85.6365966796875;
2387467948.7191281;-85.566169738769531;
2387628205.1293845;-85.585250854492188;
2387788461.5396409;-85.553421020507813;
2387948717.9498973;-85.519401550292969;
2388108974.3601537;-85.580955505371094;
2388269230.7704101;-85.608711242675781;
2388429487.1806664;-85.604484558105469;
2388589743.5909228;-85.542747497558594;
2388750000.0011792;-85.568275451660156;
2388910256.4114356;-85.5279541015625;
2389070512.8216925;-85.568161010742187;
2389230769.2319489;-85.553398132324219;
2389391025.6422052;-85.542594909667969;
2389551282.0524616;-85.581008911132813;
2389711538.462718;-85.536186218261719;
2389871794.8729744;-85.598060607910156;
2390032051.2832308;-85.491981506347656;
2390192307.6934872;-85.478813171386719;
2390352564.1037436;-85.46429443359375;
2390512820.5139999;-85.459274291992188;
2390673076.9242563;-85.437248229980469;
2390833333.3345127;-85.386711120605469;
2390993589.7447691;-85.534255981445313;
2391153846.1550255;-85.330703735351563;
2391314102.5652819;-85.407936096191406;
2391474358.9755383;-85.299400329589844;
2391634615.3857946;-85.339019775390625;
2391794871.796051;-85.378700256347656;
2391955128.2063074;-85.182670593261719;
2392115384.6165643;-85.399589538574219;
2392275641.0268207;-85.063995361328125;
2392435897.437077;-85.383895874023437;
2392596153.8473334;-85.110145568847656;
2392756410.2575898;-85.257804870605469;
2392916666.6678462;-85.198211669921875;
2393076923.0781026;-85.120956420898438;
2393237179.488359;-85.249740600585937;
2393397435.8986154;-85.055984497070313;
2393557692.3088717;-85.343254089355469;
2393717948.7191281;-84.992218017578125;
2393878205.1293845;-85.331062316894531;
2394038461.5396409;-85.184013366699219;
2394198717.9498973;-85.269683837890625;
2394358974.3601537;-85.305404663085938;
2394519230.7704101;-85.240829467773438;
2394679487.1806664;-85.447502136230469;
2394839743.5909228;-85.255867004394531;
2395000000.0011792;-85.4412841796875;
2395160256.4114356;-85.328529357910156;
2395320512.8216925;-85.379890441894531;
2395480769.2319489;-85.407722473144531;
2395641025.6422052;-85.369544982910156;
2395801282.0524616;-85.437263488769531;
2395961538.462718;-85.365974426269531;
2396121794.8729744;-85.475151062011719;
2396282051.2832308;-85.372329711914063;
2396442307.6934872;-85.464073181152344;
2396602564.1037436;-85.416183471679688;
2396762820.5139999;-85.455741882324219;
2396923076.9242563;-85.519432067871094;
2397083333.3345127;-85.432868957519531;
2397243589.7447691;-85.508926391601562;
2397403846.1550255;-85.410179138183594;
2397564102.5652819;-85.466621398925781;
2397724358.9755383;-85.481407165527344;
2397884615.3857946;-85.472671508789063;
2398044871.796051;-85.460433959960938;
2398205128.2063074;-85.433059692382813;
2398365384.6165643;-85.506813049316406;
2398525641.0268207;-85.435203552246094;
2398685897.437077;-85.493995666503906;
2398846153.8473334;-85.464683532714844;
2399006410.2575898;-85.451995849609375;
2399166666.6678462;-85.489921569824219;
2399326923.0781026;-85.479324340820313;
2399487179.488359;-85.530082702636719;
2399647435.8986154;-85.395454406738281;
2399807692.3088717;-85.479377746582031;
2399967948.7191281;-85.437416076660156;
2400128205.1293845;-85.496192932128906;
2400288461.5396409;-85.4688720703125;
2400448717.9498973;-85.472808837890625;
2400608974.3601537;-85.498374938964844;
2400769230.7704101;-85.525718688964844;
2400929487.1806664;-85.513137817382812;
2401089743.5909228;-85.481475830078125;
2401250000.0011792;-85.542739868164063;
2401410256.4114356;-85.456192016601562;
2401570512.8216925;-85.504592895507813;
2401730769.2319489;-85.466796875;
2401891025.6422052;-85.43310546875;
2402051282.0524616;-85.451202392578125;
2402211538.462718;-85.445281982421875;
2402371794.8729744;-85.537971496582031;
2402532051.2832308;-85.510726928710938;
2402692307.6934872;-85.540367126464844;
2402852564.1037436;-85.510765075683594;
2403012820.5139999;-85.513725280761719;
2403173076.9242563;-85.464698791503906;
2403333333.3345127;-85.435310363769531;
2403493589.7447691;-85.527969360351563;
2403653846.1550255;-85.503273010253906;
2403814102.5652819;-85.57037353515625;
2403974358.9755383;-85.557594299316406;
2404134615.3857946;-85.583023071289062;
2404294871.796051;-85.544914245605469;
2404455128.2063074;-85.551185607910156;
2404615384.6165643;-85.532203674316406;
2404775641.0268207;-85.452072143554688;
2404935897.437077;-85.517372131347656;
2405096153.8473334;-85.502555847167969;
2405256410.2575898;-85.519477844238281;
2405416666.6678462;-85.527923583984375;
2405576923.0781026;-85.570297241210938;
2405737179.488359;-85.553421020507813;
2405897435.8986154;-85.481437683105469;
2406057692.3088717;-85.530006408691406;
2406217948.7191281;-85.527961730957031;
2406378205.1293845;-85.544914245605469;
2406538461.5396409;-85.510978698730469;
2406698717.9498973;-85.532089233398438;
2406858974.3601537;-85.534309387207031;
2407019230.7704101;-85.515121459960937;
2407179487.1806664;-85.532188415527344;
2407339743.5909228;-85.487785339355469;
2407500000.0011792;-85.534324645996094;
2407660256.4114356;-85.5533447265625;
2407820512.8216925;-85.600257873535156;
2407980769.2319489;-85.534332275390625;
2408141025.6422052;-85.527824401855469;
2408301282.0524616;-85.515220642089844;
2408461538.462718;-85.496170043945313;
2408621794.8729744;-85.547042846679688;
2408782051.2832308;-85.530052185058594;
2408942307.6934872;-85.587455749511719;
2409102564.1037436;-85.52154541015625;
2409262820.5139999;-85.536422729492188;
2409423076.9242563;-85.496116638183594;
2409583333.3345127;-85.536338806152344;
2409743589.7447691;-85.555465698242187;
2409903846.1550255;-85.517234802246094;
2410064102.5652819;-85.534317016601563;
2410224358.9755383;-85.498298645019531;
2410384615.3857946;-85.534332275390625;
2410544871.796051;-85.462516784667969;
2410705128.2063074;-85.502433776855469;
2410865384.6165643;-85.51519775390625;
2411025641.0268207;-85.479240417480469;
2411185897.437077;-85.557624816894531;
2411346153.8473334;-85.500396728515625;
2411506410.2575898;-85.555107116699219;
2411666666.6678462;-85.481369018554687;
2411826923.0781026;-85.504615783691406;
2411987179.488359;-85.484634399414063;
2412147435.8986154;-85.555503845214844;
2412307692.3088717;-85.464630126953125;
2412467948.7191281;-85.547042846679688;
2412628205.1293845;-85.515205383300781;
2412788461.5396409;-85.525627136230469;
2412948717.9498973;-85.534294128417969;
2413108974.3601537;-85.549148559570313;
2413269230.7704101;-85.602371215820313;
2413429487.1806664;-85.574668884277344;
2413589743.5909228;-85.5618896484375;
2413750000.0011792;-85.511024475097656;
2413910256.4114356;-85.551284790039063;
2414070512.8216925;-85.566146850585937;
2414230769.2319489;-85.574653625488281;
2414391025.6422052;-85.578941345214844;
2414551282.0524616;-85.583183288574219;
2414711538.462718;-85.569511413574219;
2414871794.8729744;-85.54278564453125;
2415032051.2832308;-85.608795166015625;
2415192307.6934872;-85.559776306152344;
2415352564.1037436;-85.561920166015625;
2415512820.5139999;-85.551284790039063;
2415673076.9242563;-85.538566589355469;
2415833333.3345127;-85.551277160644531;
2415993589.7447691;-85.5618896484375;
2416153846.1550255;-85.544914245605469;
2416314102.5652819;-85.517379760742188;
2416474358.9755383;-85.570419311523438;
2416634615.3857946;-85.551300048828125;
2416794871.796051;-85.547050476074219;
2416955128.2063074;-85.600250244140625;
2417115384.6165643;-85.610931396484375;
2417275641.0268207;-85.587440490722656;
2417435897.437077;-85.538551330566406;
2417596153.8473334;-85.576805114746094;
2417756410.2575898;-85.542808532714844;
2417916666.6678462;-85.557662963867187;
2418076923.0781026;-85.561920166015625;
2418237179.488359;-85.536453247070313;
2418397435.8986154;-85.534332275390625;
2418557692.3088717;-85.540687561035156;
2418717948.7191281;-85.566169738769531;
2418878205.1293845;-85.598052978515625;
2419038461.5396409;-85.640892028808594;
2419198717.9498973;-85.555526733398438;
2419358974.3601537;-85.562225341796875;
2419519230.7704101;-85.536453247070313;
2419679487.1806664;-85.527976989746094;
2419839743.5909228;-85.540687561035156;
2420000000.0011792;-85.557662963867187;
2420160256.4114356;-85.606651306152344;
2420320512.8216925;-85.583183288574219;
2420480769.2319489;-85.566169738769531;
2420641025.6422052;-85.549171447753906;
2420801282.0524616;-85.572547912597656;
2420961538.462718;-85.566169738769531;
2421121794.8729744;-85.544929504394531;
2421282051.2832308;-85.570419311523438;
2421442307.6934872;-85.52825927734375;
2421602564.1037436;-85.532218933105469;
2421762820.5139999;-85.536407470703125;
2421923076.9242563;-85.551239013671875;
2422083333.3345127;-85.557662963867187;
2422243589.7447691;-85.523704528808594;
2422403846.1550255;-85.564048767089844;
2422564102.5652819;-85.549140930175781;
2422724358.9755383;-85.576797485351563;
2422884615.3857946;-85.56402587890625;
2423044871.796051;-85.598098754882812;
2423205128.2063074;-85.540687561035156;
2423365384.6165643;-85.540374755859375;
2423525641.0268207;-85.553413391113281;
2423685897.437077;-85.523719787597656;
2423846153.8473334;-85.530075073242188;
2424006410.2575898;-85.50469970703125;
2424166666.6678462;-85.5216064453125;
2424326923.0781026;-85.515251159667969;
2424487179.488359;-85.53009033203125;
2424647435.8986154;-85.485702514648438;
2424807692.3088717;-85.534324645996094;
2424967948.7191281;-85.53643798828125;
2425128205.1293845;-85.525810241699219;
2425288461.5396409;-85.525863647460938;
2425448717.9498973;-85.506790161132813;
2425608974.3601537;-85.536453247070313;
2425769230.7704101;-85.475151062011719;
2425929487.1806664;-85.521591186523438;
2426089743.5909228;-85.447898864746094;
2426250000.0011792;-85.441360473632813;
2426410256.4114356;-85.401802062988281;
2426570512.8216925;-85.268516540527344;
2426730769.2319489;-85.327041625976563;
2426891025.6422052;-84.962455749511719;
2427051282.0524616;-85.112434387207031;
2427211538.462718;-84.420822143554688;
2427371794.8729744;-84.285232543945313;
2427532051.2832308;-83.692672729492187;
2427692307.6934872;-82.606246948242188;
2427852564.1037436;-82.720710754394531;
2428012820.5139999;-79.910835266113281;
2428173076.9242563;-80.2239990234375;
2428333333.3345127;-76.712875366210938;
2428493589.7447691;-76.552467346191406;
2428653846.1550255;-73.625389099121094;
2428814102.5652819;-70.8310546875;
2428974358.9755383;-69.080337524414063;
2429134615.3857946;-66.163383483886719;
2429294871.796051;-65.521232604980469;
2429455128.2063074;-62.474666595458984;
2429615384.6165643;-61.571937561035156;
2429775641.0268207;-57.586315155029297;
2429935897.437077;-56.921634674072266;
2430096153.8473334;-54.432369232177734;
2430256410.2575898;-53.164035797119141;
2430416666.6678462;-51.459724426269531;
2430576923.0781026;-48.975978851318359;
2430737179.488359;-48.403305053710938;
2430897435.8986154;-45.821220397949219;
2431057692.3088717;-45.640308380126953;
2431217948.7191281;-42.555274963378906;
2431378205.1293845;-41.474746704101563;
2431538461.5396409;-39.892017364501953;
2431698717.9498973;-38.228900909423828;
2431858974.3601537;-37.629966735839844;
2432019230.7704101;-35.032077789306641;
2432179487.1806664;-34.334995269775391;
2432339743.5909228;-32.354301452636719;
2432500000.0011792;-31.703529357910156;
2432660256.4114356;-30.207633972167969;
2432820512.8216925;-29.002246856689453;
2432980769.2319489;-27.674545288085937;
2433141025.6422052;-26.759654998779297;
2433301282.0524616;-26.00782585144043;
2433461538.462718;-25.156841278076172;
2433621794.8729744;-24.297626495361328;
2433782051.2832308;-23.659748077392578;
2433942307.6934872;-23.302410125732422;
2434102564.1037436;-23.066154479980469;
2434262820.5139999;-22.931137084960938;
2434423076.9242563;-22.784189224243164;
2434583333.3345127;-23.050121307373047;
2434743589.7447691;-23.185277938842773;
2434903846.1550255;-23.804244995117188;
2435064102.5652819;-24.050050735473633;
2435224358.9755383;-25.123554229736328;
2435384615.3857946;-25.991386413574219;
2435544871.796051;-26.769960403442383;
2435705128.2063074;-27.779664993286133;
2435865384.6165643;-28.479476928710938;
2436025641.0268207;-30.156414031982422;
2436185897.437077;-31.358270645141602;
2436346153.8473334;-32.653709411621094;
2436506410.2575898;-33.586563110351562;
2436666666.6678462;-34.744029998779297;
2436826923.0781026;-36.335628509521484;
2436987179.488359;-37.968421936035156;
2437147435.8986154;-39.168754577636719;
2437307692.3088717;-40.112026214599609;
2437467948.7191281;-41.511077880859375;
2437628205.1293845;-42.955120086669922;
2437788461.5396409;-44.83209228515625;
2437948717.9498973;-45.692470550537109;
2438108974.3601537;-46.987545013427734;
2438269230.7704101;-48.049060821533203;
2438429487.1806664;-49.702465057373047;
2438589743.5909228;-51.539413452148438;
2438750000.0011792;-52.31317138671875;
2438910256.4114356;-53.943531036376953;
2439070512.8216925;-54.714084625244141;
2439230769.2319489;-56.730831146240234;
2439391025.6422052;-58.448471069335938;
2439551282.0524616;-59.617656707763672;
2439711538.462718;-61.060531616210937;
2439871794.8729744;-62.193935394287109;
2440032051.2832308;-64.544952392578125;
2440192307.6934872;-66.397216796875;
2440352564.1037436;-68.224807739257813;
2440512820.5139999;-69.566848754882813;
2440673076.9242563;-71.296783447265625;
2440833333.3345127;-73.525634765625;
2440993589.7447691;-76.159133911132813;
2441153846.1550255;-77.699432373046875;
2441314102.5652819;-79.158592224121094;
2441474358.9755383;-80.542137145996094;
2441634615.3857946;-82.145309448242188;
2441794871.796051;-83.501564025878906;
2441955128.2063074;-84.030662536621094;
2442115384.6165643;-84.416114807128906;
2442275641.0268207;-84.743888854980469;
2442435897.437077;-85.097991943359375;
2442596153.8473334;-85.261138916015625;
2442756410.2575898;-85.395545959472656;
2442916666.6678462;-85.391387939453125;
2443076923.0781026;-85.449935913085938;
2443237179.488359;-85.489952087402344;
2443397435.8986154;-85.460456848144531;
2443557692.3088717;-85.508903503417969;
2443717948.7191281;-85.521621704101563;
2443878205.1293845;-85.532211303710937;
2444038461.5396409;-85.508865356445313;
2444198717.9498973;-85.569511413574219;
2444358974.3601537;-85.527969360351563;
2444519230.7704101;-85.547042846679688;
2444679487.1806664;-85.570396423339844;
2444839743.5909228;-85.602371215820313;
2445000000.0011792;-85.610870361328125;
2445160256.4114356;-85.662368774414062;
2445320512.8216925;-85.670974731445313;
2445480769.2319489;-85.647323608398438;
2445641025.6422052;-85.578895568847656;
2445801282.0524616;-85.538558959960938;
2445961538.462718;-85.598098754882812;
2446121794.8729744;-85.557662963867187;
2446282051.2832308;-85.595962524414063;
2446442307.6934872;-85.544891357421875;
2446602564.1037436;-85.544929504394531;
2446762820.5139999;-85.559783935546875;
2446923076.9242563;-85.547035217285156;
2447083333.3345127;-85.587455749511719;
2447243589.7447691;-85.608802795410156;
2447403846.1550255;-85.649490356445313;
2447564102.5652819;-85.690361022949219;
2447724358.9755383;-85.727073669433594;
2447884615.3857946;-85.662384033203125;
2448044871.796051;-85.651626586914063;
2448205128.2063074;-85.666679382324219;
2448365384.6165643;-85.634475708007813;
2448525641.0268207;-85.653785705566406;
2448685897.437077;-85.651557922363281;
2448846153.8473334;-85.638748168945313;
2449006410.2575898;-85.608795166015625;
2449166666.6678462;-85.602378845214844;
2449326923.0781026;-85.6688232421875;
2449487179.488359;-85.662384033203125;
2449647435.8986154;-85.683830261230469;
2449807692.3088717;-85.729263305664063;
2449967948.7191281;-85.748809814453125;
2450128205.1293845;-85.718460083007812;
2450288461.5396409;-85.68170166015625;
2450448717.9498973;-85.670989990234375;
2450608974.3601537;-85.632316589355469;
2450769230.7704101;-85.69683837890625;
2450929487.1806664;-85.68389892578125;
2451089743.5909228;-85.394004821777344;
2451250000.0011792;-85.466484069824219;
2451410256.4114356;-85.630142211914062;
2451570512.8216925;-85.69036865234375;
2451730769.2319489;-85.718437194824219;
2451891025.6422052;-85.733589172363281;
2452051282.0524616;-85.7227783203125;
2452211538.462718;-85.742195129394531;
2452371794.8729744;-85.688156127929688;
2452532051.2832308;-85.710250854492187;
2452692307.6934872;-85.7017822265625;
2452852564.1037436;-85.545005798339844;
2453012820.5139999;-85.395072937011719;
2453173076.9242563;-85.636512756347656;
2453333333.3345127;-85.755325317382813;
2453493589.7447691;-85.701126098632812;
2453653846.1550255;-85.742233276367188;
2453814102.5652819;-85.716224670410156;
2453974358.9755383;-85.726966857910156;
2454134615.3857946;-85.679603576660156;
2454294871.796051;-85.627815246582031;
2454455128.2063074;-85.707565307617188;
2454615384.6165643;-85.675186157226563;
2454775641.0268207;-85.6925048828125;
2454935897.437077;-85.574577331542969;
2455096153.8473334;-85.651405334472656;
2455256410.2575898;-85.636474609375;
2455416666.6678462;-85.664306640625;
2455576923.0781026;-85.688209533691406;
2455737179.488359;-85.619285583496094;
2455897435.8986154;-85.683845520019531;
2456057692.3088717;-85.595870971679688;
2456217948.7191281;-85.632835388183594;
2456378205.1293845;-84.928146362304688;
2456538461.5396409;-84.688674926757812;
2456698717.9498973;-84.717948913574219;
2456858974.3601537;-84.706260681152344;
2457019230.7704101;-84.78961181640625;
2457179487.1806664;-84.824356079101563;
2457339743.5909228;-84.980148315429688;
2457500000.0011792;-85.043922424316406;
2457660256.4114356;-85.082138061523438;
2457820512.8216925;-85.438629150390625;
2457980769.2319489;-85.589492797851563;
2458141025.6422052;-85.692451477050781;
2458301282.0524616;-85.627761840820312;
2458461538.462718;-85.58294677734375;
2458621794.8729744;-85.517189025878906;
2458782051.2832308;-85.692283630371094;
2458942307.6934872;-85.642982482910156;
2459102564.1037436;-85.655693054199219;
2459262820.5139999;-85.718376159667969;
2459423076.9242563;-85.651268005371094;
2459583333.3345127;-85.716255187988281;
2459743589.7447691;-85.625617980957031;
2459903846.1550255;-85.735671997070313;
2460064102.5652819;-85.653633117675781;
2460224358.9755383;-85.705268859863281;
2460384615.3857946;-85.735755920410156;
2460544871.796051;-85.681449890136719;
2460705128.2063074;-85.696784973144531;
2460865384.6165643;-85.649253845214844;
2461025641.0268207;-85.729278564453125;
2461185897.437077;-85.655807495117187;
2461346153.8473334;-85.735450744628906;
2461506410.2575898;-85.701065063476563;
2461666666.6678462;-85.696495056152344;
2461826923.0781026;-85.696762084960938;
2461987179.488359;-85.67724609375;
2462147435.8986154;-85.750930786132813;
2462307692.3088717;-85.675178527832031;
2462467948.7191281;-85.746467590332031;
2462628205.1293845;-85.696640014648438;
2462788461.5396409;-85.744163513183594;
2462948717.9498973;-85.707618713378906;
2463108974.3601537;-85.659645080566406;
2463269230.7704101;-85.729202270507813;
2463429487.1806664;-85.668510437011719;
2463589743.5909228;-85.679573059082031;
2463750000.0011792;-85.651573181152344;
2463910256.4114356;-85.737899780273437;
2464070512.8216925;-85.632209777832031;
2464230769.2319489;-85.71173095703125;
2464391025.6422052;-85.718368530273437;
2464551282.0524616;-85.679183959960937;
2464711538.462718;-85.69891357421875;
2464871794.8729744;-85.657859802246094;
2465032051.2832308;-85.777023315429687;
2465192307.6934872;-85.675262451171875;
2465352564.1037436;-85.694320678710937;
2465512820.5139999;-85.700820922851562;
2465673076.9242563;-85.718101501464844;
2465833333.3345127;-85.757377624511719;
2465993589.7447691;-85.690132141113281;
2466153846.1550255;-85.759605407714844;
2466314102.5652819;-85.664283752441406;
2466474358.9755383;-85.744171142578125;
2466634615.3857946;-85.670890808105469;
2466794871.796051;-85.651039123535156;
2466955128.2063074;-85.733505249023438;
2467115384.6165643;-85.696533203125;
2467275641.0268207;-85.768287658691406;
2467435897.437077;-85.6300048828125;
2467596153.8473334;-85.735496520996094;
2467756410.2575898;-85.619140625;
2467916666.6678462;-85.659751892089844;
2468076923.0781026;-85.690109252929688;
2468237179.488359;-85.633804321289063;
2468397435.8986154;-85.709754943847656;
2468557692.3088717;-85.634010314941406;
2468717948.7191281;-85.739952087402344;
2468878205.1293845;-85.582832336425781;
2469038461.5396409;-85.605621337890625;
2469198717.9498973;-85.631843566894531;
2469358974.3601537;-85.611885070800781;
2469519230.7704101;-85.681472778320312;
2469679487.1806664;-85.556694030761719;
2469839743.5909228;-85.686027526855469;
2470000000.0011792;-85.525016784667969;
2470160256.4114356;-85.654388427734375;
2470320512.8216925;-85.563400268554688;
2470480769.2319489;-85.526084899902344;
2470641025.6422052;-85.638450622558594;
2470801282.0524616;-85.513595581054687;
2470961538.462718;-85.625663757324219;
2471121794.8729744;-85.470252990722656;
2471282051.2832308;-85.680831909179688;
2471442307.6934872;-85.476051330566406;
2471602564.1037436;-85.469833374023437;
2471762820.5139999;-85.493789672851562;
2471923076.9242563;-85.345001220703125;
2472083333.3345127;-85.597763061523438;
2472243589.7447691;-85.209091186523438;
2472403846.1550255;-85.456832885742188;
2472564102.5652819;-85.245758056640625;
2472724358.9755383;-85.243637084960937;
2472884615.3857946;-85.341926574707031;
2473044871.796051;-84.995170593261719;
2473205128.2063074;-85.379142761230469;
2473365384.6165643;-84.929328918457031;
2473525641.0268207;-85.423721313476563;
2473685897.437077;-84.849288940429687;
2473846153.8473334;-85.336967468261719;
2474006410.2575898;-85.024665832519531;
2474166666.6678462;-85.144248962402344;
2474326923.0781026;-85.209037780761719;
2474487179.488359;-85.109710693359375;
2474647435.8986154;-85.348907470703125;
2474807692.3088717;-85.07000732421875;
2474967948.7191281;-85.495697021484375;
2475128205.1293845;-85.132499694824219;
2475288461.5396409;-85.380867004394531;
2475448717.9498973;-85.371177673339844;
2475608974.3601537;-85.438568115234375;
2475769230.7704101;-85.59320068359375;
2475929487.1806664;-85.429222106933594;
2476089743.5909228;-85.61505126953125;
2476250000.0011792;-85.411552429199219;
2476410256.4114356;-85.607734680175781;
2476570512.8216925;-85.5528564453125;
2476730769.2319489;-85.6094970703125;
2476891025.6422052;-85.574493408203125;
2477051282.0524616;-85.606002807617188;
2477211538.462718;-85.690277099609375;
2477371794.8729744;-85.586967468261719;
2477532051.2832308;-85.716171264648437;
2477692307.6934872;-85.597808837890625;
2477852564.1037436;-85.648963928222656;
2478012820.5139999;-85.703094482421875;
2478173076.9242563;-85.638389587402344;
2478333333.3345127;-85.755218505859375;
2478493589.7447691;-85.709587097167969;
2478653846.1550255;-85.759674072265625;
2478814102.5652819;-85.629997253417969;
2478974358.9755383;-85.757362365722656;
2479134615.3857946;-85.711814880371094;
2479294871.796051;-85.7159423828125;
2479455128.2063074;-85.709732055664063;
2479615384.6165643;-85.70965576171875;
2479775641.0268207;-85.781417846679688;
2479935897.437077;-85.742080688476563;
2480096153.8473334;-85.840316772460938;
2480256410.2575898;-85.779258728027344;
2480416666.6678462;-85.726982116699219;
2480576923.0781026;-85.7705078125;
2480737179.488359;-85.753082275390625;
2480897435.8986154;-85.807640075683594;
2481057692.3088717;-85.793571472167969;
2481217948.7191281;-85.825149536132813;
2481378205.1293845;-85.768333435058594;
2481538461.5396409;-85.8338623046875;
2481698717.9498973;-85.814178466796875;
2481858974.3601537;-85.849174499511719;
2482019230.7704101;-85.796714782714844;
2482179487.1806664;-85.809791564941406;
2482339743.5909228;-85.842689514160156;
2482500000.0011792;-85.779220581054687;
2482660256.4114356;-85.81201171875;
2482820512.8216925;-85.772727966308594;
2482980769.2319489;-85.779243469238281;
2483141025.6422052;-85.766197204589844;
2483301282.0524616;-85.779190063476563;
2483461538.462718;-85.836105346679688;
2483621794.8729744;-85.849258422851563;
2483782051.2832308;-85.880073547363281;
2483942307.6934872;-85.803268432617188;
2484102564.1037436;-85.787956237792969;
2484262820.5139999;-85.785797119140625;
