Type;ESU;
Version;4.43;
Date;03.Jun 16;
Mode;ANALYZER;
Center Freq;2434262820.514000;Hz
Freq Offset;0.000000;Hz
Span;100000000.000000;Hz
x-Axis;LIN;
Start;2384262820.514000;Hz
Stop;2484262820.514000;Hz
Ref Level;-9.000000;dBm
Level Offset;0.000000;dB
Ref Position;100.000000;%
y-Axis;LOG;
Level Range;100.000000;dB
Rf Att;5.000000;dB
RBW;2000000.000000;Hz
VBW;50.000000;Hz
SWT;2.500000;s
Trace Mode;CLR/WRITE;
Detector;RMS;
Sweep Count;0;
Trace 1:;;
x-Unit;Hz;
y-Unit;dBm;
Values;625;
2384262820.5139999;-85.715240478515625;
2384423076.9242563;-85.718040466308594;
2384583333.3345127;-85.72381591796875;
2384743589.7447691;-85.718040466308594;
2384903846.1550255;-85.725761413574219;
2385064102.5652819;-85.708412170410156;
2385224358.9755383;-85.704559326171875;
2385384615.3857946;-85.66229248046875;
2385544871.796051;-85.660369873046875;
2385705128.2063074;-85.737335205078125;
2385865384.6165643;-85.716117858886719;
2386025641.0268207;-85.714187622070313;
2386185897.437077;-85.710334777832031;
2386346153.8473334;-85.714187622070313;
2386506410.2575898;-85.712242126464844;
2386666666.6678462;-85.700698852539063;
2386826923.0781026;-85.719963073730469;
2386987179.488359;-85.73345947265625;
2387147435.8986154;-85.718048095703125;
2387307692.3088717;-85.70648193359375;
2387467948.7191281;-85.716110229492188;
2387628205.1293845;-85.716117858886719;
2387788461.5396409;-85.708404541015625;
2387948717.9498973;-85.664215087890625;
2388108974.3601537;-85.696846008300781;
2388269230.7704101;-85.694931030273438;
2388429487.1806664;-85.708396911621094;
2388589743.5909228;-85.712265014648437;
2388750000.0011792;-85.712265014648437;
2388910256.4114356;-85.721893310546875;
2389070512.8216925;-85.754730224609375;
2389230769.2319489;-85.718017578125;
2389391025.6422052;-85.687240600585938;
2389551282.0524616;-85.677635192871094;
2389711538.462718;-85.671890258789063;
2389871794.8729744;-85.710334777832031;
2390032051.2832308;-85.718040466308594;
2390192307.6934872;-85.70648193359375;
2390352564.1037436;-85.70648193359375;
2390512820.5139999;-85.710334777832031;
2390673076.9242563;-85.731544494628906;
2390833333.3345127;-85.708412170410156;
2390993589.7447691;-85.70648193359375;
2391153846.1550255;-85.708412170410156;
2391314102.5652819;-85.694923400878906;
2391474358.9755383;-85.700698852539063;
2391634615.3857946;-85.704551696777344;
2391794871.796051;-85.664199829101563;
2391955128.2063074;-85.710296630859375;
2392115384.6165643;-85.718040466308594;
2392275641.0268207;-85.698776245117188;
2392435897.437077;-85.708412170410156;
2392596153.8473334;-85.666114807128906;
2392756410.2575898;-85.668052673339844;
2392916666.6678462;-85.683395385742188;
2393076923.0781026;-85.679527282714844;
2393237179.488359;-85.6202392578125;
2393397435.8986154;-85.671882629394531;
2393557692.3088717;-85.664215087890625;
2393717948.7191281;-85.669967651367188;
2393878205.1293845;-85.6412353515625;
2394038461.5396409;-85.633590698242188;
2394198717.9498973;-85.612602233886719;
2394358974.3601537;-85.68145751953125;
2394519230.7704101;-85.677627563476562;
2394679487.1806664;-85.654640197753906;
2394839743.5909228;-85.624053955078125;
2395000000.0011792;-85.625961303710938;
2395160256.4114356;-85.679542541503906;
2395320512.8216925;-85.635513305664063;
2395480769.2319489;-85.6202392578125;
2395641025.6422052;-85.622154235839844;
2395801282.0524616;-85.629776000976563;
2395961538.462718;-85.633598327636719;
2396121794.8729744;-85.658439636230469;
2396282051.2832308;-85.664215087890625;
2396442307.6934872;-85.65655517578125;
2396602564.1037436;-85.645072937011719;
2396762820.5139999;-85.641242980957031;
2396923076.9242563;-85.6202392578125;
2397083333.3345127;-85.625968933105469;
2397243589.7447691;-85.629783630371094;
2397403846.1550255;-85.62786865234375;
2397564102.5652819;-85.639320373535156;
2397724358.9755383;-85.625961303710938;
2397884615.3857946;-85.648895263671875;
2398044871.796051;-85.652717590332031;
2398205128.2063074;-85.673805236816406;
2398365384.6165643;-85.691085815429687;
2398525641.0268207;-85.698768615722656;
2398685897.437077;-85.700706481933594;
2398846153.8473334;-85.67572021484375;
2399006410.2575898;-85.641242980957031;
2399166666.6678462;-85.618331909179687;
2399326923.0781026;-85.618331909179687;
2399487179.488359;-85.639328002929688;
2399647435.8986154;-85.633567810058594;
2399807692.3088717;-85.652717590332031;
2399967948.7191281;-85.633598327636719;
2400128205.1293845;-85.618339538574219;
2400288461.5396409;-85.623786926269531;
2400448717.9498973;-85.612388610839844;
2400608974.3601537;-85.588935852050781;
2400769230.7704101;-85.64697265625;
2400929487.1806664;-85.633598327636719;
2401089743.5909228;-85.599273681640625;
2401250000.0011792;-85.618339538574219;
2401410256.4114356;-85.616424560546875;
2401570512.8216925;-85.616432189941406;
2401730769.2319489;-85.610710144042969;
2401891025.6422052;-85.624061584472656;
2402051282.0524616;-85.633598327636719;
2402211538.462718;-85.616424560546875;
2402371794.8729744;-85.610710144042969;
2402532051.2832308;-85.650802612304688;
2402692307.6934872;-85.618309020996094;
2402852564.1037436;-85.604995727539063;
2403012820.5139999;-85.614517211914062;
2403173076.9242563;-85.6202392578125;
2403333333.3345127;-85.618324279785156;
2403493589.7447691;-85.650787353515625;
2403653846.1550255;-85.641227722167969;
2403814102.5652819;-85.660362243652344;
2403974358.9755383;-85.664207458496094;
2404134615.3857946;-85.637428283691406;
2404294871.796051;-85.643150329589844;
2404455128.2063074;-85.629783630371094;
2404615384.6165643;-85.622154235839844;
2404775641.0268207;-85.612594604492187;
2404935897.437077;-85.620246887207031;
2405096153.8473334;-85.614105224609375;
2405256410.2575898;-85.6368408203125;
2405416666.6678462;-85.658393859863281;
2405576923.0781026;-85.631050109863281;
2405737179.488359;-85.621604919433594;
2405897435.8986154;-85.624275207519531;
2406057692.3088717;-85.622146606445313;
2406217948.7191281;-85.643424987792969;
2406378205.1293845;-85.627647399902344;
2406538461.5396409;-85.614517211914062;
2406698717.9498973;-85.66229248046875;
2406858974.3601537;-85.6527099609375;
2407019230.7704101;-85.631690979003906;
2407179487.1806664;-85.580291748046875;
2407339743.5909228;-85.618331909179687;
2407500000.0011792;-85.645065307617188;
2407660256.4114356;-85.625961303710938;
2407820512.8216925;-85.631683349609375;
2407980769.2319489;-85.648895263671875;
2408141025.6422052;-85.629776000976563;
2408301282.0524616;-85.635505676269531;
2408461538.462718;-85.650794982910156;
2408621794.8729744;-85.616424560546875;
2408782051.2832308;-85.643157958984375;
2408942307.6934872;-85.625968933105469;
2409102564.1037436;-85.631683349609375;
2409262820.5139999;-85.6412353515625;
2409423076.9242563;-85.666107177734375;
2409583333.3345127;-85.689155578613281;
2409743589.7447691;-85.70263671875;
2409903846.1550255;-85.7103271484375;
2410064102.5652819;-85.693008422851562;
2410224358.9755383;-85.662300109863281;
2410384615.3857946;-85.708396911621094;
2410544871.796051;-85.685302734375;
2410705128.2063074;-85.710334777832031;
2410865384.6165643;-85.691062927246094;
2411025641.0268207;-85.648872375488281;
2411185897.437077;-85.625961303710938;
2411346153.8473334;-85.656547546386719;
2411506410.2575898;-85.65960693359375;
2411666666.6678462;-85.704551696777344;
2411826923.0781026;-85.675697326660156;
2411987179.488359;-85.683395385742188;
2412147435.8986154;-85.70648193359375;
2412307692.3088717;-85.696861267089844;
2412467948.7191281;-85.691085815429687;
2412628205.1293845;-85.646957397460938;
2412788461.5396409;-85.656539916992188;
2412948717.9498973;-85.654624938964844;
2413108974.3601537;-85.696846008300781;
2413269230.7704101;-85.673805236816406;
2413429487.1806664;-85.700675964355469;
2413589743.5909228;-85.710334777832031;
2413750000.0011792;-85.696823120117187;
2413910256.4114356;-85.700706481933594;
2414070512.8216925;-85.709213256835938;
2414230769.2319489;-85.673782348632813;
2414391025.6422052;-85.712265014648437;
2414551282.0524616;-85.712249755859375;
2414711538.462718;-85.683403015136719;
2414871794.8729744;-85.704551696777344;
2415032051.2832308;-85.714187622070313;
2415192307.6934872;-85.702621459960937;
2415352564.1037436;-85.683387756347656;
2415512820.5139999;-85.7547607421875;
2415673076.9242563;-85.729583740234375;
2415833333.3345127;-85.700698852539063;
2415993589.7447691;-85.706474304199219;
2416153846.1550255;-85.710334777832031;
2416314102.5652819;-85.704551696777344;
2416474358.9755383;-85.696014404296875;
2416634615.3857946;-85.64697265625;
2416794871.796051;-85.696846008300781;
2416955128.2063074;-85.704559326171875;
2417115384.6165643;-85.725746154785156;
2417275641.0268207;-85.706459045410156;
2417435897.437077;-85.706474304199219;
2417596153.8473334;-85.681442260742187;
2417756410.2575898;-85.673805236816406;
2417916666.6678462;-85.685317993164063;
2418076923.0781026;-85.646926879882812;
2418237179.488359;-85.691078186035156;
2418397435.8986154;-85.70648193359375;
2418557692.3088717;-85.696853637695313;
2418717948.7191281;-85.674072265625;
2418878205.1293845;-85.691085815429687;
2419038461.5396409;-85.687248229980469;
2419198717.9498973;-85.683403015136719;
2419358974.3601537;-85.70648193359375;
2419519230.7704101;-85.714179992675781;
2419679487.1806664;-85.727676391601563;
2419839743.5909228;-85.716117858886719;
2420000000.0011792;-85.727676391601563;
2420160256.4114356;-85.710334777832031;
2420320512.8216925;-85.683403015136719;
2420480769.2319489;-85.708404541015625;
2420641025.6422052;-85.716110229492188;
2420801282.0524616;-85.694931030273438;
2420961538.462718;-85.693832397460938;
2421121794.8729744;-85.696853637695313;
2421282051.2832308;-85.67572021484375;
2421442307.6934872;-85.66229248046875;
2421602564.1037436;-85.635513305664063;
2421762820.5139999;-85.683387756347656;
2421923076.9242563;-85.710334777832031;
2422083333.3345127;-85.698783874511719;
2422243589.7447691;-85.712249755859375;
2422403846.1550255;-85.7103271484375;
2422564102.5652819;-85.631668090820312;
2422724358.9755383;-85.63360595703125;
2422884615.3857946;-85.639030456542969;
2423044871.796051;-85.683403015136719;
2423205128.2063074;-85.733474731445313;
2423365384.6165643;-85.708412170410156;
2423525641.0268207;-85.704559326171875;
2423685897.437077;-85.723831176757813;
2423846153.8473334;-85.702613830566406;
2424006410.2575898;-85.689170837402344;
2424166666.6678462;-85.704551696777344;
2424326923.0781026;-85.689132690429688;
2424487179.488359;-85.660385131835938;
2424647435.8986154;-85.66802978515625;
2424807692.3088717;-85.693008422851562;
2424967948.7191281;-85.714187622070313;
2425128205.1293845;-85.704551696777344;
2425288461.5396409;-85.700691223144531;
2425448717.9498973;-85.712257385253906;
2425608974.3601537;-85.704551696777344;
2425769230.7704101;-85.685317993164063;
2425929487.1806664;-85.683403015136719;
2426089743.5909228;-85.67572021484375;
2426250000.0011792;-85.691085815429687;
2426410256.4114356;-85.698776245117188;
2426570512.8216925;-85.67572021484375;
2426730769.2319489;-85.72381591796875;
2426891025.6422052;-85.718040466308594;
2427051282.0524616;-85.704559326171875;
2427211538.462718;-85.696861267089844;
2427371794.8729744;-85.704559326171875;
2427532051.2832308;-85.700691223144531;
2427692307.6934872;-85.700706481933594;
2427852564.1037436;-85.627876281738281;
2428012820.5139999;-85.6353759765625;
2428173076.9242563;-85.616302490234375;
2428333333.3345127;-85.49853515625;
2428493589.7447691;-85.425880432128906;
2428653846.1550255;-85.199897766113281;
2428814102.5652819;-85.222846984863281;
2428974358.9755383;-84.357948303222656;
2429134615.3857946;-84.355712890625;
2429294871.796051;-83.096656799316406;
2429455128.2063074;-83.278083801269531;
2429615384.6165643;-81.236160278320313;
2429775641.0268207;-80.797615051269531;
2429935897.437077;-78.038002014160156;
2430096153.8473334;-77.673858642578125;
2430256410.2575898;-74.708770751953125;
2430416666.6678462;-74.545883178710937;
2430576923.0781026;-70.828964233398438;
2430737179.488359;-70.719528198242188;
2430897435.8986154;-67.797721862792969;
2431057692.3088717;-67.684494018554688;
2431217948.7191281;-64.658973693847656;
2431378205.1293845;-63.460483551025391;
2431538461.5396409;-61.350753784179688;
2431698717.9498973;-60.922622680664063;
2431858974.3601537;-58.067192077636719;
2432019230.7704101;-57.934490203857422;
2432179487.1806664;-54.831207275390625;
2432339743.5909228;-54.574954986572266;
2432500000.0011792;-52.321079254150391;
2432660256.4114356;-52.088985443115234;
2432820512.8216925;-50.140689849853516;
2432980769.2319489;-49.175132751464844;
2433141025.6422052;-47.585155487060547;
2433301282.0524616;-46.939411163330078;
2433461538.462718;-45.768852233886719;
2433621794.8729744;-45.024330139160156;
2433782051.2832308;-43.964439392089844;
2433942307.6934872;-43.352054595947266;
2434102564.1037436;-42.914676666259766;
2434262820.5139999;-42.550430297851562;
2434423076.9242563;-42.189422607421875;
2434583333.3345127;-42.238990783691406;
2434743589.7447691;-42.187709808349609;
2434903846.1550255;-42.501140594482422;
2435064102.5652819;-42.730911254882812;
2435224358.9755383;-43.241596221923828;
2435384615.3857946;-44.003101348876953;
2435544871.796051;-44.946563720703125;
2435705128.2063074;-45.578220367431641;
2435865384.6165643;-46.442516326904297;
2436025641.0268207;-47.374271392822266;
2436185897.437077;-49.092430114746094;
2436346153.8473334;-50.071784973144531;
2436506410.2575898;-51.090343475341797;
2436666666.6678462;-52.245513916015625;
2436826923.0781026;-53.456535339355469;
2436987179.488359;-55.380691528320313;
2437147435.8986154;-56.380752563476562;
2437307692.3088717;-57.646110534667969;
2437467948.7191281;-58.5694580078125;
2437628205.1293845;-60.110607147216797;
2437788461.5396409;-62.001972198486328;
2437948717.9498973;-63.197807312011719;
2438108974.3601537;-64.134925842285156;
2438269230.7704101;-65.2109375;
2438429487.1806664;-66.696563720703125;
2438589743.5909228;-67.296104431152344;
2438750000.0011792;-69.305885314941406;
2438910256.4114356;-70.711570739746094;
2439070512.8216925;-72.198799133300781;
2439230769.2319489;-72.980354309082031;
2439391025.6422052;-74.580970764160156;
2439551282.0524616;-75.773910522460937;
2439711538.462718;-77.893547058105469;
2439871794.8729744;-78.593032836914063;
2440032051.2832308;-80.107330322265625;
2440192307.6934872;-80.899337768554687;
2440352564.1037436;-82.489044189453125;
2440512820.5139999;-83.632728576660156;
2440673076.9242563;-84.184890747070313;
2440833333.3345127;-84.561668395996094;
2440993589.7447691;-84.932548522949219;
2441153846.1550255;-85.275833129882813;
2441314102.5652819;-85.49713134765625;
2441474358.9755383;-85.582176208496094;
2441634615.3857946;-85.631690979003906;
2441794871.796051;-85.666114807128906;
2441955128.2063074;-85.746955871582031;
2442115384.6165643;-85.787750244140625;
2442275641.0268207;-85.801353454589844;
2442435897.437077;-85.791633605957031;
2442596153.8473334;-85.813056945800781;
2442756410.2575898;-85.830619812011719;
2442916666.6678462;-85.858009338378906;
2443076923.0781026;-85.809150695800781;
2443237179.488359;-85.813056945800781;
2443397435.8986154;-85.828659057617188;
2443557692.3088717;-85.809158325195313;
2443717948.7191281;-85.840400695800781;
2443878205.1293845;-85.815010070800781;
2444038461.5396409;-85.809158325195313;
2444198717.9498973;-85.681503295898438;
2444358974.3601537;-82.733673095703125;
2444519230.7704101;-77.778434753417969;
2444679487.1806664;-80.970321655273437;
2444839743.5909228;-79.216575622558594;
2445000000.0011792;-75.112442016601562;
2445160256.4114356;-79.582839965820313;
2445320512.8216925;-83.337860107421875;
2445480769.2319489;-84.959037780761719;
2445641025.6422052;-84.668861389160156;
2445801282.0524616;-85.374298095703125;
2445961538.462718;-85.708221435546875;
2446121794.8729744;-85.774063110351563;
2446282051.2832308;-85.706428527832031;
2446442307.6934872;-85.712203979492188;
2446602564.1037436;-85.79931640625;
2446762820.5139999;-85.557472229003906;
2446923076.9242563;-85.633407592773438;
2447083333.3345127;-85.719718933105469;
2447243589.7447691;-85.603096008300781;
2447403846.1550255;-85.687179565429687;
2447564102.5652819;-85.748947143554688;
2447724358.9755383;-85.801361083984375;
2447884615.3857946;-85.808975219726563;
2448044871.796051;-85.645057678222656;
2448205128.2063074;-85.587875366210938;
2448365384.6165643;-85.702613830566406;
2448525641.0268207;-85.712257385253906;
2448685897.437077;-85.781875610351562;
2448846153.8473334;-85.760345458984375;
2449006410.2575898;-85.708404541015625;
2449166666.6678462;-85.7392578125;
2449326923.0781026;-85.814994812011719;
2449487179.488359;-85.828659057617188;
2449647435.8986154;-85.781753540039063;
2449807692.3088717;-85.710311889648438;
2449967948.7191281;-85.785804748535156;
2450128205.1293845;-85.820854187011719;
2450288461.5396409;-85.787734985351563;
2450448717.9498973;-85.81304931640625;
2450608974.3601537;-85.82086181640625;
2450769230.7704101;-85.787734985351563;
2450929487.1806664;-85.826690673828125;
2451089743.5909228;-85.842338562011719;
2451250000.0011792;-85.813056945800781;
2451410256.4114356;-85.81890869140625;
2451570512.8216925;-85.78857421875;
2451730769.2319489;-85.808868408203125;
2451891025.6422052;-85.809379577636719;
2452051282.0524616;-85.81890869140625;
2452211538.462718;-85.826675415039063;
2452371794.8729744;-85.83648681640625;
2452532051.2832308;-85.816963195800781;
2452692307.6934872;-85.824760437011719;
2452852564.1037436;-85.828666687011719;
2453012820.5139999;-85.85601806640625;
2453173076.9242563;-85.82086181640625;
2453333333.3345127;-85.82086181640625;
2453493589.7447691;-85.828666687011719;
2453653846.1550255;-85.82086181640625;
2453814102.5652819;-85.807197570800781;
2453974358.9755383;-85.795501708984375;
2454134615.3857946;-85.824760437011719;
2454294871.796051;-85.797454833984375;
2454455128.2063074;-85.770271301269531;
2454615384.6165643;-85.770271301269531;
2454775641.0268207;-85.813056945800781;
2454935897.437077;-85.813056945800781;
2455096153.8473334;-85.82672119140625;
2455256410.2575898;-84.911750793457031;
2455416666.6678462;-82.532608032226562;
2455576923.0781026;-79.959220886230469;
2455737179.488359;-79.765029907226563;
2455897435.8986154;-82.080528259277344;
2456057692.3088717;-84.724105834960938;
2456217948.7191281;-85.551040649414063;
2456378205.1293845;-83.789527893066406;
2456538461.5396409;-83.319198608398437;
2456698717.9498973;-85.130867004394531;
2456858974.3601537;-85.658111572265625;
2457019230.7704101;-85.826675415039063;
2457179487.1806664;-85.863899230957031;
2457339743.5909228;-85.857994079589844;
2457500000.0011792;-85.828659057617188;
2457660256.4114356;-85.879562377929688;
2457820512.8216925;-85.849235534667969;
2457980769.2319489;-84.715919494628906;
2458141025.6422052;-85.431953430175781;
2458301282.0524616;-85.733428955078125;
2458461538.462718;-85.844268798828125;
2458621794.8729744;-85.913063049316406;
2458782051.2832308;-85.913055419921875;
2458942307.6934872;-85.881561279296875;
2459102564.1037436;-85.909126281738281;
2459262820.5139999;-85.881523132324219;
2459423076.9242563;-85.891403198242188;
2459583333.3345127;-85.911094665527344;
2459743589.7447691;-85.903160095214844;
2459903846.1550255;-85.856056213378906;
2460064102.5652819;-85.865859985351563;
2460224358.9755383;-85.871742248535156;
2460384615.3857946;-85.887466430664063;
2460544871.796051;-85.913055419921875;
2460705128.2063074;-85.907150268554688;
2460865384.6165643;-85.881546020507813;
2461025641.0268207;-85.907150268554688;
2461185897.437077;-85.924911499023438;
2461346153.8473334;-85.922920227050781;
2461506410.2575898;-85.905181884765625;
2461666666.6678462;-85.895317077636719;
2461826923.0781026;-85.899246215820313;
2461987179.488359;-85.889427185058594;
2462147435.8986154;-85.863899230957031;
2462307692.3088717;-85.889427185058594;
2462467948.7191281;-85.911094665527344;
2462628205.1293845;-85.911079406738281;
2462788461.5396409;-85.903190612792969;
2462948717.9498973;-85.895309448242188;
2463108974.3601537;-85.901214599609375;
2463269230.7704101;-85.89532470703125;
2463429487.1806664;-85.901229858398438;
2463589743.5909228;-85.899261474609375;
2463750000.0011792;-85.907150268554688;
2463910256.4114356;-85.909126281738281;
2464070512.8216925;-85.905174255371094;
2464230769.2319489;-85.897300720214844;
2464391025.6422052;-85.93280029296875;
2464551282.0524616;-85.885467529296875;
2464711538.462718;-85.918975830078125;
2464871794.8729744;-85.92095947265625;
2465032051.2832308;-85.89532470703125;
2465192307.6934872;-85.922927856445312;
2465352564.1037436;-85.9150390625;
2465512820.5139999;-85.903205871582031;
2465673076.9242563;-85.881553649902344;
2465833333.3345127;-85.891387939453125;
2465993589.7447691;-85.917015075683594;
2466153846.1550255;-85.905174255371094;
2466314102.5652819;-85.924880981445313;
2466474358.9755383;-85.903213500976563;
2466634615.3857946;-85.90911865234375;
2466794871.796051;-85.911094665527344;
2466955128.2063074;-85.889434814453125;
2467115384.6165643;-85.911094665527344;
2467275641.0268207;-85.887443542480469;
2467435897.437077;-85.911094665527344;
2467596153.8473334;-85.918983459472656;
2467756410.2575898;-85.911094665527344;
2467916666.6678462;-85.907135009765625;
2468076923.0781026;-85.899261474609375;
2468237179.488359;-85.901206970214844;
2468397435.8986154;-85.89532470703125;
2468557692.3088717;-85.922927856445312;
2468717948.7191281;-85.913063049316406;
2468878205.1293845;-85.920951843261719;
2469038461.5396409;-85.889434814453125;
2469198717.9498973;-85.897293090820313;
2469358974.3601537;-85.88348388671875;
2469519230.7704101;-85.899269104003906;
2469679487.1806664;-85.901237487792969;
2469839743.5909228;-85.9150390625;
2470000000.0011792;-85.899223327636719;
2470160256.4114356;-85.852142333984375;
2470320512.8216925;-85.8658447265625;
2470480769.2319489;-85.869781494140625;
2470641025.6422052;-85.893363952636719;
2470801282.0524616;-85.90911865234375;
2470961538.462718;-85.907150268554688;
2471121794.8729744;-85.893356323242187;
2471282051.2832308;-85.871734619140625;
2471442307.6934872;-85.891403198242188;
2471602564.1037436;-85.911094665527344;
2471762820.5139999;-85.91107177734375;
2471923076.9242563;-85.881546020507813;
2472083333.3345127;-85.9268798828125;
2472243589.7447691;-85.901237487792969;
2472403846.1550255;-85.905174255371094;
2472564102.5652819;-85.893348693847656;
2472724358.9755383;-85.922920227050781;
2472884615.3857946;-85.9150390625;
2473044871.796051;-85.889427185058594;
2473205128.2063074;-85.913063049316406;
2473365384.6165643;-85.875648498535156;
2473525641.0268207;-85.911094665527344;
2473685897.437077;-85.90911865234375;
2473846153.8473334;-85.87762451171875;
2474006410.2575898;-85.865837097167969;
2474166666.6678462;-85.893356323242187;
2474326923.0781026;-85.846244812011719;
2474487179.488359;-85.818878173828125;
2474647435.8986154;-85.833412170410156;
2474807692.3088717;-85.82281494140625;
2474967948.7191281;-85.846267700195313;
2475128205.1293845;-85.828666687011719;
2475288461.5396409;-85.82476806640625;
2475448717.9498973;-85.822807312011719;
2475608974.3601537;-85.815010070800781;
2475769230.7704101;-85.815010070800781;
2475929487.1806664;-85.81109619140625;
2476089743.5909228;-85.82086181640625;
2476250000.0011792;-85.813056945800781;
2476410256.4114356;-85.81890869140625;
2476570512.8216925;-85.807205200195313;
2476730769.2319489;-85.815010070800781;
2476891025.6422052;-85.801353454589844;
2477051282.0524616;-85.7955322265625;
2477211538.462718;-85.799415588378906;
2477371794.8729744;-85.795524597167969;
2477532051.2832308;-85.809150695800781;
2477692307.6934872;-85.745079040527344;
2477852564.1037436;-85.714179992675781;
2478012820.5139999;-85.733474731445313;
2478173076.9242563;-85.733474731445313;
2478333333.3345127;-85.702613830566406;
2478493589.7447691;-85.714187622070313;
2478653846.1550255;-85.731552124023438;
2478814102.5652819;-85.735420227050781;
2478974358.9755383;-85.772209167480469;
2479134615.3857946;-85.778030395507813;
2479294871.796051;-85.785804748535156;
2479455128.2063074;-85.826705932617188;
2479615384.6165643;-85.818862915039063;
2479775641.0268207;-85.820022583007812;
2479935897.437077;-85.878913879394531;
2480096153.8473334;-85.909683227539062;
2480256410.2575898;-85.877639770507813;
2480416666.6678462;-85.881553649902344;
2480576923.0781026;-85.901237487792969;
2480737179.488359;-85.907135009765625;
2480897435.8986154;-85.913063049316406;
2481057692.3088717;-85.89532470703125;
2481217948.7191281;-85.909126281738281;
2481378205.1293845;-85.90911865234375;
2481538461.5396409;-85.905174255371094;
2481698717.9498973;-85.922920227050781;
2481858974.3601537;-85.893341064453125;
2482019230.7704101;-85.950614929199219;
2482179487.1806664;-85.922935485839844;
2482339743.5909228;-85.944679260253906;
2482500000.0011792;-85.934761047363281;
2482660256.4114356;-85.879592895507813;
2482820512.8216925;-85.913055419921875;
2482980769.2319489;-85.905166625976563;
2483141025.6422052;-85.932815551757813;
2483301282.0524616;-85.918983459472656;
2483461538.462718;-85.918693542480469;
2483621794.8729744;-85.89990234375;
2483782051.2832308;-85.914192199707031;
2483942307.6934872;-85.911094665527344;
2484102564.1037436;-85.918983459472656;
2484262820.5139999;-85.913063049316406;
