Type;ESU;
Version;4.43;
Date;03.Jun 16;
Mode;ANALYZER;
Center Freq;2434262820.514000;Hz
Freq Offset;0.000000;Hz
Span;100000000.000000;Hz
x-Axis;LIN;
Start;2384262820.514000;Hz
Stop;2484262820.514000;Hz
Ref Level;-9.000000;dBm
Level Offset;0.000000;dB
Ref Position;100.000000;%
y-Axis;LOG;
Level Range;100.000000;dB
Rf Att;5.000000;dB
RBW;2000000.000000;Hz
VBW;50.000000;Hz
SWT;2.500000;s
Trace Mode;CLR/WRITE;
Detector;RMS;
Sweep Count;0;
Trace 1:;;
x-Unit;Hz;
y-Unit;dBm;
Values;625;
2384262820.5139999;-85.729263305664063;
2384423076.9242563;-85.736885070800781;
2384583333.3345127;-85.715835571289063;
2384743589.7447691;-85.719963073730469;
2384903846.1550255;-85.714599609375;
2385064102.5652819;-85.691627502441406;
2385224358.9755383;-85.687240600585938;
2385384615.3857946;-85.687232971191406;
2385544871.796051;-85.733474731445313;
2385705128.2063074;-85.714584350585938;
2385865384.6165643;-85.708381652832031;
2386025641.0268207;-85.698768615722656;
2386185897.437077;-85.687149047851563;
2386346153.8473334;-85.696792602539063;
2386506410.2575898;-85.696800231933594;
2386666666.6678462;-85.708389282226563;
2386826923.0781026;-85.681419372558594;
2386987179.488359;-85.716102600097656;
2387147435.8986154;-85.683372497558594;
2387307692.3088717;-85.7412109375;
2387467948.7191281;-85.656524658203125;
2387628205.1293845;-85.691085815429687;
2387788461.5396409;-85.645034790039063;
2387948717.9498973;-85.698760986328125;
2388108974.3601537;-85.631690979003906;
2388269230.7704101;-85.656524658203125;
2388429487.1806664;-85.687118530273438;
2388589743.5909228;-85.677528381347656;
2388750000.0011792;-85.616416931152344;
2388910256.4114356;-85.683242797851563;
2389070512.8216925;-85.610664367675781;
2389230769.2319489;-85.618240356445313;
2389391025.6422052;-85.608749389648438;
2389551282.0524616;-85.631553649902344;
2389711538.462718;-85.625923156738281;
2389871794.8729744;-85.648612976074219;
2390032051.2832308;-85.599235534667969;
2390192307.6934872;-85.675643920898437;
2390352564.1037436;-85.549919128417969;
2390512820.5139999;-85.641242980957031;
2390673076.9242563;-85.683387756347656;
2390833333.3345127;-85.644416809082031;
2390993589.7447691;-85.525306701660156;
2391153846.1550255;-85.612602233886719;
2391314102.5652819;-85.404869079589844;
2391474358.9755383;-85.57818603515625;
2391634615.3857946;-85.483810424804688;
2391794871.796051;-85.483718872070313;
2391955128.2063074;-85.435302734375;
2392115384.6165643;-85.455635070800781;
2392275641.0268207;-85.530769348144531;
2392435897.437077;-85.084190368652344;
2392596153.8473334;-85.366683959960938;
2392756410.2575898;-85.275581359863281;
2392916666.6678462;-85.373252868652344;
2393076923.0781026;-85.21435546875;
2393237179.488359;-85.385169982910156;
2393397435.8986154;-85.260505676269531;
2393557692.3088717;-85.286590576171875;
2393717948.7191281;-85.29534912109375;
2393878205.1293845;-85.313316345214844;
2394038461.5396409;-85.365913391113281;
2394198717.9498973;-85.312858581542969;
2394358974.3601537;-85.360321044921875;
2394519230.7704101;-85.34271240234375;
2394679487.1806664;-85.455589294433594;
2394839743.5909228;-85.367027282714844;
2395000000.0011792;-85.483840942382812;
2395160256.4114356;-85.360069274902344;
2395320512.8216925;-85.53662109375;
2395480769.2319489;-85.496528625488281;
2395641025.6422052;-85.589683532714844;
2395801282.0524616;-85.511802673339844;
2395961538.462718;-85.5897216796875;
2396121794.8729744;-85.528961181640625;
2396282051.2832308;-85.654548645019531;
2396442307.6934872;-85.576202392578125;
2396602564.1037436;-85.6202392578125;
2396762820.5139999;-85.54400634765625;
2396923076.9242563;-85.578285217285156;
2397083333.3345127;-85.584014892578125;
2397243589.7447691;-85.6412353515625;
2397403846.1550255;-85.559913635253906;
2397564102.5652819;-85.552085876464844;
2397724358.9755383;-85.559852600097656;
2397884615.3857946;-85.547698974609375;
2398044871.796051;-85.593513488769531;
2398205128.2063074;-85.576400756835938;
2398365384.6165643;-85.629776000976563;
2398525641.0268207;-85.52154541015625;
2398685897.437077;-85.601165771484375;
2398846153.8473334;-85.549911499023438;
2399006410.2575898;-85.616432189941406;
2399166666.6678462;-85.538566589355469;
2399326923.0781026;-85.572662353515625;
2399487179.488359;-85.525344848632812;
2399647435.8986154;-85.582138061523438;
2399807692.3088717;-85.551856994628906;
2399967948.7191281;-85.568885803222656;
2400128205.1293845;-85.544273376464844;
2400288461.5396409;-85.587814331054687;
2400448717.9498973;-85.555648803710938;
2400608974.3601537;-85.604927062988281;
2400769230.7704101;-85.54046630859375;
2400929487.1806664;-85.574470520019531;
2401089743.5909228;-85.534835815429688;
2401250000.0011792;-85.570755004882813;
2401410256.4114356;-85.587860107421875;
2401570512.8216925;-85.563186645507812;
2401730769.2319489;-85.610679626464844;
2401891025.6422052;-85.553688049316406;
2402051282.0524616;-85.529190063476563;
2402211538.462718;-85.523483276367188;
2402371794.8729744;-85.610694885253906;
2402532051.2832308;-85.54425048828125;
2402692307.6934872;-85.565086364746094;
2402852564.1037436;-85.538604736328125;
2403012820.5139999;-85.603073120117187;
2403173076.9242563;-85.555580139160156;
2403333333.3345127;-85.591690063476563;
2403493589.7447691;-85.555648803710938;
2403653846.1550255;-85.620231628417969;
2403814102.5652819;-85.624038696289062;
2403974358.9755383;-85.612602233886719;
2404134615.3857946;-85.566978454589844;
2404294871.796051;-85.616432189941406;
2404455128.2063074;-85.608787536621094;
2404615384.6165643;-85.580276489257813;
2404775641.0268207;-85.595375061035156;
2404935897.437077;-85.572654724121094;
2405096153.8473334;-85.610649108886719;
2405256410.2575898;-85.625968933105469;
2405416666.6678462;-85.618301391601563;
2405576923.0781026;-85.631690979003906;
2405737179.488359;-85.591644287109375;
2405897435.8986154;-85.576492309570313;
2406057692.3088717;-85.574539184570312;
2406217948.7191281;-85.635490417480469;
2406378205.1293845;-85.606895446777344;
2406538461.5396409;-85.664176940917969;
2406698717.9498973;-85.616424560546875;
2406858974.3601537;-85.633575439453125;
2407019230.7704101;-85.616409301757812;
2407179487.1806664;-85.633575439453125;
2407339743.5909228;-85.589759826660156;
2407500000.0011792;-85.612556457519531;
2407660256.4114356;-85.549949645996094;
2407820512.8216925;-85.612602233886719;
2407980769.2319489;-85.574592590332031;
2408141025.6422052;-85.625968933105469;
2408301282.0524616;-85.610702514648437;
2408461538.462718;-85.602218627929688;
2408621794.8729744;-85.591087341308594;
2408782051.2832308;-85.635467529296875;
2408942307.6934872;-85.629341125488281;
2409102564.1037436;-85.643356323242188;
2409262820.5139999;-85.631637573242188;
2409423076.9242563;-85.629325866699219;
2409583333.3345127;-85.623786926269531;
2409743589.7447691;-85.635467529296875;
2409903846.1550255;-85.661651611328125;
2410064102.5652819;-85.639305114746094;
2410224358.9755383;-85.652175903320312;
2410384615.3857946;-85.647979736328125;
2410544871.796051;-85.622123718261719;
2410705128.2063074;-85.552085876464844;
2410865384.6165643;-85.610702514648437;
2411025641.0268207;-85.620216369628906;
2411185897.437077;-85.6368408203125;
2411346153.8473334;-85.627571105957031;
2411506410.2575898;-85.648880004882813;
2411666666.6678462;-85.605003356933594;
2411826923.0781026;-85.637405395507813;
2411987179.488359;-85.627861022949219;
2412147435.8986154;-85.631690979003906;
2412307692.3088717;-85.631668090820312;
2412467948.7191281;-85.641242980957031;
2412628205.1293845;-85.656547546386719;
2412788461.5396409;-85.643157958984375;
2412948717.9498973;-85.648880004882813;
2413108974.3601537;-85.654350280761719;
2413269230.7704101;-85.635490417480469;
2413429487.1806664;-85.633575439453125;
2413589743.5909228;-85.62786865234375;
2413750000.0011792;-85.675651550292969;
2413910256.4114356;-85.691085815429687;
2414070512.8216925;-85.648895263671875;
2414230769.2319489;-85.681480407714844;
2414391025.6422052;-85.679557800292969;
2414551282.0524616;-85.666114807128906;
2414711538.462718;-85.700706481933594;
2414871794.8729744;-85.666122436523438;
2415032051.2832308;-85.668052673339844;
2415192307.6934872;-85.660377502441406;
2415352564.1037436;-85.700698852539063;
2415512820.5139999;-85.713638305664063;
2415673076.9242563;-85.673782348632813;
2415833333.3345127;-85.691062927246094;
2415993589.7447691;-85.694923400878906;
2416153846.1550255;-85.73541259765625;
2416314102.5652819;-85.691070556640625;
2416474358.9755383;-85.650802612304688;
2416634615.3857946;-85.631690979003906;
2416794871.796051;-85.635513305664063;
2416955128.2063074;-85.637405395507813;
2417115384.6165643;-85.683387756347656;
2417275641.0268207;-85.635498046875;
2417435897.437077;-85.646965026855469;
2417596153.8473334;-85.62213134765625;
2417756410.2575898;-85.625938415527344;
2417916666.6678462;-85.606353759765625;
2418076923.0781026;-85.648880004882813;
2418237179.488359;-85.666122436523438;
2418397435.8986154;-85.696861267089844;
2418557692.3088717;-85.64312744140625;
2418717948.7191281;-85.616432189941406;
2418878205.1293845;-85.641220092773438;
2419038461.5396409;-85.648895263671875;
2419198717.9498973;-85.675704956054688;
2419358974.3601537;-85.700698852539063;
2419519230.7704101;-85.689170837402344;
2419679487.1806664;-85.685264587402344;
2419839743.5909228;-85.624053955078125;
2420000000.0011792;-85.671844482421875;
2420160256.4114356;-85.696022033691406;
2420320512.8216925;-85.650810241699219;
2420480769.2319489;-85.641227722167969;
2420641025.6422052;-85.683403015136719;
2420801282.0524616;-85.694900512695312;
2420961538.462718;-85.691085815429687;
2421121794.8729744;-85.654624938964844;
2421282051.2832308;-85.624061584472656;
2421442307.6934872;-85.643150329589844;
2421602564.1037436;-85.618316650390625;
2421762820.5139999;-85.519752502441406;
2421923076.9242563;-85.635421752929688;
2422083333.3345127;-85.668045043945313;
2422243589.7447691;-85.639060974121094;
2422403846.1550255;-85.654624938964844;
2422564102.5652819;-85.679557800292969;
2422724358.9755383;-85.662277221679688;
2422884615.3857946;-85.641250610351563;
2423044871.796051;-85.612617492675781;
2423205128.2063074;-85.704536437988281;
2423365384.6165643;-85.675628662109375;
2423525641.0268207;-85.635490417480469;
2423685897.437077;-85.679557800292969;
2423846153.8473334;-85.650794982910156;
2424006410.2575898;-85.6392822265625;
2424166666.6678462;-85.646965026855469;
2424326923.0781026;-85.608795166015625;
2424487179.488359;-85.612617492675781;
2424647435.8986154;-85.574569702148438;
2424807692.3088717;-85.534843444824219;
2424967948.7191281;-85.561248779296875;
2425128205.1293845;-85.512229919433594;
2425288461.5396409;-85.531494140625;
2425448717.9498973;-85.572669982910156;
2425608974.3601537;-85.563125610351563;
2425769230.7704101;-85.584091186523438;
2425929487.1806664;-85.561187744140625;
2426089743.5909228;-85.538558959960938;
2426250000.0011792;-85.5499267578125;
2426410256.4114356;-85.440788269042969;
2426570512.8216925;-85.5120849609375;
2426730769.2319489;-85.307365417480469;
2426891025.6422052;-85.416694641113281;
2427051282.0524616;-85.051971435546875;
2427211538.462718;-85.223236083984375;
2427371794.8729744;-84.614921569824219;
2427532051.2832308;-84.763175964355469;
2427692307.6934872;-83.536598205566406;
2427852564.1037436;-84.097976684570313;
2428012820.5139999;-82.614158630371094;
2428173076.9242563;-82.869338989257813;
2428333333.3345127;-80.318084716796875;
2428493589.7447691;-80.096885681152344;
2428653846.1550255;-76.827186584472656;
2428814102.5652819;-77.348182678222656;
2428974358.9755383;-73.016487121582031;
2429134615.3857946;-72.307334899902344;
2429294871.796051;-69.290390014648437;
2429455128.2063074;-68.601142883300781;
2429615384.6165643;-65.755805969238281;
2429775641.0268207;-65.343528747558594;
2429935897.437077;-60.891952514648438;
2430096153.8473334;-60.950592041015625;
2430256410.2575898;-57.592151641845703;
2430416666.6678462;-58.017322540283203;
2430576923.0781026;-54.607898712158203;
2430737179.488359;-54.031204223632812;
2430897435.8986154;-51.158115386962891;
2431057692.3088717;-50.563560485839844;
2431217948.7191281;-48.752407073974609;
2431378205.1293845;-47.893886566162109;
2431538461.5396409;-44.429454803466797;
2431698717.9498973;-44.5703125;
2431858974.3601537;-41.942165374755859;
2432019230.7704101;-41.941059112548828;
2432179487.1806664;-39.319290161132812;
2432339743.5909228;-38.496509552001953;
2432500000.0011792;-36.409446716308594;
2432660256.4114356;-35.927997589111328;
2432820512.8216925;-34.640369415283203;
2432980769.2319489;-33.463520050048828;
2433141025.6422052;-32.136039733886719;
2433301282.0524616;-31.317266464233398;
2433461538.462718;-30.627847671508789;
2433621794.8729744;-30.010919570922852;
2433782051.2832308;-29.296052932739258;
2433942307.6934872;-28.801376342773438;
2434102564.1037436;-28.56890869140625;
2434262820.5139999;-28.604263305664063;
2434423076.9242563;-28.507495880126953;
2434583333.3345127;-28.795051574707031;
2434743589.7447691;-29.126096725463867;
2434903846.1550255;-29.794651031494141;
2435064102.5652819;-30.30381965637207;
2435224358.9755383;-30.763204574584961;
2435384615.3857946;-32.163516998291016;
2435544871.796051;-33.061714172363281;
2435705128.2063074;-34.209568023681641;
2435865384.6165643;-35.058544158935547;
2436025641.0268207;-36.171127319335938;
2436185897.437077;-37.514904022216797;
2436346153.8473334;-39.202175140380859;
2436506410.2575898;-40.293880462646484;
2436666666.6678462;-41.421607971191406;
2436826923.0781026;-42.662178039550781;
2436987179.488359;-43.993534088134766;
2437147435.8986154;-45.746303558349609;
2437307692.3088717;-46.970260620117188;
2437467948.7191281;-48.063865661621094;
2437628205.1293845;-49.223602294921875;
2437788461.5396409;-50.722332000732422;
2437948717.9498973;-52.586025238037109;
2438108974.3601537;-53.653659820556641;
2438269230.7704101;-54.846931457519531;
2438429487.1806664;-56.109878540039063;
2438589743.5909228;-57.423049926757813;
2438750000.0011792;-59.456619262695313;
2438910256.4114356;-60.322792053222656;
2439070512.8216925;-61.901981353759766;
2439230769.2319489;-62.799163818359375;
2439391025.6422052;-64.725334167480469;
2439551282.0524616;-66.642066955566406;
2439711538.462718;-68.104721069335938;
2439871794.8729744;-69.359580993652344;
2440032051.2832308;-70.841255187988281;
2440192307.6934872;-72.99871826171875;
2440352564.1037436;-75.357192993164062;
2440512820.5139999;-76.709991455078125;
2440673076.9242563;-78.383155822753906;
2440833333.3345127;-79.800628662109375;
2440993589.7447691;-81.569160461425781;
2441153846.1550255;-83.2509765625;
2441314102.5652819;-83.882362365722656;
2441474358.9755383;-84.489540100097656;
2441634615.3857946;-84.8011474609375;
2441794871.796051;-85.240837097167969;
2441955128.2063074;-85.491470336914062;
2442115384.6165643;-85.532936096191406;
2442275641.0268207;-85.593315124511719;
2442435897.437077;-85.6202392578125;
2442596153.8473334;-85.635482788085937;
2442756410.2575898;-85.639335632324219;
2442916666.6678462;-85.665969848632813;
2443076923.0781026;-85.514022827148438;
2443237179.488359;-85.641220092773438;
2443397435.8986154;-85.745071411132812;
2443557692.3088717;-85.746871948242187;
2443717948.7191281;-85.700660705566406;
2443878205.1293845;-85.727684020996094;
2444038461.5396409;-85.74310302734375;
2444198717.9498973;-85.719879150390625;
2444358974.3601537;-85.685287475585937;
2444519230.7704101;-85.691055297851563;
2444679487.1806664;-85.534088134765625;
2444839743.5909228;-85.283363342285156;
2445000000.0011792;-85.116226196289063;
2445160256.4114356;-85.309013366699219;
2445320512.8216925;-85.368110656738281;
2445480769.2319489;-85.208580017089844;
2445641025.6422052;-85.25640869140625;
2445801282.0524616;-85.298179626464844;
2445961538.462718;-85.416694641113281;
2446121794.8729744;-85.444671630859375;
2446282051.2832308;-85.42041015625;
2446442307.6934872;-85.476295471191406;
2446602564.1037436;-85.555183410644531;
2446762820.5139999;-85.403526306152344;
2446923076.9242563;-85.619972229003906;
2447083333.3345127;-85.7528076171875;
2447243589.7447691;-85.739280700683594;
2447403846.1550255;-85.747001647949219;
2447564102.5652819;-85.593162536621094;
2447724358.9755383;-85.689125061035156;
2447884615.3857946;-85.706436157226562;
2448044871.796051;-85.487159729003906;
2448205128.2063074;-85.28875732421875;
2448365384.6165643;-85.414680480957031;
2448525641.0268207;-85.502761840820313;
2448685897.437077;-85.433380126953125;
2448846153.8473334;-85.579795837402344;
2449006410.2575898;-85.234123229980469;
2449166666.6678462;-85.123626708984375;
2449326923.0781026;-85.284469604492188;
2449487179.488359;-85.612419128417969;
2449647435.8986154;-85.73541259765625;
2449807692.3088717;-85.797454833984375;
2449967948.7191281;-85.774795532226563;
2450128205.1293845;-85.7733154296875;
2450288461.5396409;-85.823249816894531;
2450448717.9498973;-85.797462463378906;
2450608974.3601537;-85.687118530273438;
2450769230.7704101;-85.572677612304688;
2450929487.1806664;-85.61260986328125;
2451089743.5909228;-85.439994812011719;
2451250000.0011792;-85.279693603515625;
2451410256.4114356;-85.283065795898438;
2451570512.8216925;-85.47088623046875;
2451730769.2319489;-85.425819396972656;
2451891025.6422052;-85.476463317871094;
2452051282.0524616;-85.519760131835938;
2452211538.462718;-85.546096801757813;
2452371794.8729744;-85.527297973632813;
2452532051.2832308;-85.491424560546875;
2452692307.6934872;-85.545875549316406;
2452852564.1037436;-85.518722534179688;
2453012820.5139999;-85.462814331054688;
2453173076.9242563;-85.737297058105469;
2453333333.3345127;-85.71417236328125;
2453493589.7447691;-85.689163208007813;
2453653846.1550255;-85.663963317871094;
2453814102.5652819;-85.797439575195313;
2453974358.9755383;-85.750885009765625;
2454134615.3857946;-85.811103820800781;
2454294871.796051;-85.758598327636719;
2454455128.2063074;-85.7896728515625;
2454615384.6165643;-85.79742431640625;
2454775641.0268207;-85.553367614746094;
2454935897.437077;-85.502799987792969;
2455096153.8473334;-85.453941345214844;
2455256410.2575898;-85.322158813476563;
2455416666.6678462;-85.351722717285156;
2455576923.0781026;-85.318443298339844;
2455737179.488359;-85.394355773925781;
2455897435.8986154;-85.331405639648438;
2456057692.3088717;-85.385086059570313;
2456217948.7191281;-85.551582336425781;
2456378205.1293845;-85.64111328125;
2456538461.5396409;-85.578376770019531;
2456698717.9498973;-85.532905578613281;
2456858974.3601537;-85.61822509765625;
2457019230.7704101;-85.631355285644531;
2457179487.1806664;-85.62017822265625;
2457339743.5909228;-85.654586791992188;
2457500000.0011792;-85.492927551269531;
2457660256.4114356;-85.508842468261719;
2457820512.8216925;-85.541458129882813;
2457980769.2319489;-85.590957641601562;
2458141025.6422052;-85.523109436035156;
2458301282.0524616;-85.539146423339844;
2458461538.462718;-85.68536376953125;
2458621794.8729744;-85.787727355957031;
2458782051.2832308;-85.793571472167969;
2458942307.6934872;-85.82861328125;
2459102564.1037436;-85.834518432617188;
2459262820.5139999;-85.764419555664062;
2459423076.9242563;-85.826683044433594;
2459583333.3345127;-85.700241088867187;
2459743589.7447691;-84.89886474609375;
2459903846.1550255;-85.522918701171875;
2460064102.5652819;-85.791580200195313;
2460224358.9755383;-85.814956665039062;
2460384615.3857946;-85.8775634765625;
2460544871.796051;-85.851966857910156;
2460705128.2063074;-85.87957763671875;
2460865384.6165643;-85.703964233398437;
2461025641.0268207;-85.791542053222656;
2461185897.437077;-85.838424682617187;
2461346153.8473334;-85.889389038085938;
2461506410.2575898;-85.869743347167969;
2461666666.6678462;-85.911087036132812;
2461826923.0781026;-85.848197937011719;
2461987179.488359;-85.913063049316406;
2462147435.8986154;-85.844284057617188;
2462307692.3088717;-85.907135009765625;
2462467948.7191281;-85.846237182617187;
2462628205.1293845;-85.889404296875;
2462788461.5396409;-85.867805480957031;
2462948717.9498973;-85.911079406738281;
2463108974.3601537;-85.8658447265625;
2463269230.7704101;-85.889427185058594;
2463429487.1806664;-85.83258056640625;
2463589743.5909228;-85.883506774902344;
2463750000.0011792;-85.83447265625;
2463910256.4114356;-85.9051513671875;
2464070512.8216925;-85.881538391113281;
2464230769.2319489;-85.905174255371094;
2464391025.6422052;-85.816886901855469;
2464551282.0524616;-85.830604553222656;
2464711538.462718;-85.844284057617188;
2464871794.8729744;-85.830619812011719;
2465032051.2832308;-85.793495178222656;
2465192307.6934872;-85.899261474609375;
2465352564.1037436;-85.852066040039063;
2465512820.5139999;-85.881431579589844;
2465673076.9242563;-85.820808410644531;
2465833333.3345127;-85.830612182617188;
2465993589.7447691;-85.787643432617188;
2466153846.1550255;-85.848136901855469;
2466314102.5652819;-85.770187377929688;
2466474358.9755383;-85.854034423828125;
2466634615.3857946;-85.801239013671875;
2466794871.796051;-85.8717041015625;
2466955128.2063074;-85.789443969726563;
2467115384.6165643;-85.844223022460938;
2467275641.0268207;-85.843910217285156;
2467435897.437077;-85.824729919433594;
2467596153.8473334;-85.781562805175781;
2467756410.2575898;-85.785743713378906;
2467916666.6678462;-85.729354858398438;
2468076923.0781026;-85.828903198242188;
2468237179.488359;-85.795372009277344;
2468397435.8986154;-85.8311767578125;
2468557692.3088717;-85.762496948242188;
2468717948.7191281;-85.878128051757813;
2468878205.1293845;-85.778045654296875;
2469038461.5396409;-85.875946044921875;
2469198717.9498973;-85.731231689453125;
2469358974.3601537;-85.865859985351563;
2469519230.7704101;-85.731269836425781;
2469679487.1806664;-85.809112548828125;
2469839743.5909228;-85.706199645996094;
2470000000.0011792;-85.834266662597656;
2470160256.4114356;-85.675209045410156;
2470320512.8216925;-85.822479248046875;
2470480769.2319489;-85.65045166015625;
2470641025.6422052;-85.708877563476563;
2470801282.0524616;-85.677330017089844;
2470961538.462718;-85.76434326171875;
2471121794.8729744;-85.471794128417969;
2471282051.2832308;-85.649208068847656;
2471442307.6934872;-85.562156677246094;
2471602564.1037436;-85.729263305664063;
2471762820.5139999;-85.422088623046875;
2471923076.9242563;-85.610015869140625;
2472083333.3345127;-85.327926635742187;
2472243589.7447691;-85.576324462890625;
2472403846.1550255;-85.212127685546875;
2472564102.5652819;-85.597274780273438;
2472724358.9755383;-84.881317138671875;
2472884615.3857946;-85.545631408691406;
2473044871.796051;-84.755081176757813;
2473205128.2063074;-85.530403137207031;
2473365384.6165643;-85.71575927734375;
2473525641.0268207;-85.631240844726563;
2473685897.437077;-85.043258666992188;
2473846153.8473334;-85.516197204589844;
2474006410.2575898;-85.017974853515625;
2474166666.6678462;-85.600936889648438;
2474326923.0781026;-84.873939514160156;
2474487179.488359;-85.564651489257813;
2474647435.8986154;-85.039138793945313;
2474807692.3088717;-85.571739196777344;
2474967948.7191281;-85.306114196777344;
2475128205.1293845;-85.646720886230469;
2475288461.5396409;-85.295021057128906;
2475448717.9498973;-85.540069580078125;
2475608974.3601537;-85.440177917480469;
2475769230.7704101;-85.562713623046875;
2475929487.1806664;-85.484321594238281;
2476089743.5909228;-85.656158447265625;
2476250000.0011792;-85.571891784667969;
2476410256.4114356;-85.743110656738281;
2476570512.8216925;-85.576179504394531;
2476730769.2319489;-85.675338745117187;
2476891025.6422052;-85.568527221679687;
2477051282.0524616;-85.648269653320312;
2477211538.462718;-85.593292236328125;
2477371794.8729744;-85.648468017578125;
2477532051.2832308;-85.641036987304688;
2477692307.6934872;-85.631141662597656;
2477852564.1037436;-85.633445739746094;
2478012820.5139999;-85.662864685058594;
2478173076.9242563;-85.711143493652344;
2478333333.3345127;-85.614608764648437;
2478493589.7447691;-85.696815490722656;
2478653846.1550255;-85.661933898925781;
2478814102.5652819;-85.661964416503906;
2478974358.9755383;-85.671676635742188;
2479134615.3857946;-85.6832275390625;
2479294871.796051;-85.768081665039063;
2479455128.2063074;-85.708297729492188;
2479615384.6165643;-85.731430053710937;
2479775641.0268207;-85.745010375976563;
2479935897.437077;-85.735275268554688;
2480096153.8473334;-85.762428283691406;
2480256410.2575898;-85.80908203125;
2480416666.6678462;-85.828666687011719;
2480576923.0781026;-85.789535522460938;
2480737179.488359;-85.803298950195313;
2480897435.8986154;-85.774116516113281;
2481057692.3088717;-85.883468627929688;
2481217948.7191281;-85.86383056640625;
2481378205.1293845;-85.871742248535156;
2481538461.5396409;-85.828628540039063;
2481698717.9498973;-85.889419555664063;
2481858974.3601537;-85.856040954589844;
2482019230.7704101;-85.861907958984375;
2482179487.1806664;-85.899200439453125;
2482339743.5909228;-85.893302917480469;
2482500000.0011792;-85.8311767578125;
2482660256.4114356;-85.881553649902344;
2482820512.8216925;-85.832572937011719;
2482980769.2319489;-85.844284057617188;
2483141025.6422052;-85.81890869140625;
2483301282.0524616;-85.850173950195313;
2483461538.462718;-85.824760437011719;
2483621794.8729744;-85.858001708984375;
2483782051.2832308;-85.830589294433594;
2483942307.6934872;-85.850173950195313;
2484102564.1037436;-85.844276428222656;
2484262820.5139999;-85.881561279296875;
