Type;ESU;
Version;4.43;
Date;03.Jun 16;
Mode;ANALYZER;
Center Freq;2434262820.514000;Hz
Freq Offset;0.000000;Hz
Span;100000000.000000;Hz
x-Axis;LIN;
Start;2384262820.514000;Hz
Stop;2484262820.514000;Hz
Ref Level;-9.000000;dBm
Level Offset;0.000000;dB
Ref Position;100.000000;%
y-Axis;LOG;
Level Range;100.000000;dB
Rf Att;5.000000;dB
RBW;2000000.000000;Hz
VBW;30.000000;Hz
SWT;4.200000;s
Trace Mode;CLR/WRITE;
Detector;RMS;
Sweep Count;0;
Trace 1:;;
x-Unit;Hz;
y-Unit;dBm;
Values;625;
2384262820.5139999;-85.715476989746094;
2384423076.9242563;-85.733482360839844;
2384583333.3345127;-85.708412170410156;
2384743589.7447691;-85.708412170410156;
2384903846.1550255;-85.714187622070313;
2385064102.5652819;-85.698768615722656;
2385224358.9755383;-85.7296142578125;
2385384615.3857946;-85.718048095703125;
2385544871.796051;-85.718040466308594;
2385705128.2063074;-85.721900939941406;
2385865384.6165643;-85.700706481933594;
2386025641.0268207;-85.719757080078125;
2386185897.437077;-85.714187622070313;
2386346153.8473334;-85.712265014648437;
2386506410.2575898;-85.702621459960937;
2386666666.6678462;-85.694931030273438;
2386826923.0781026;-85.716110229492188;
2386987179.488359;-85.698768615722656;
2387147435.8986154;-85.712265014648437;
2387307692.3088717;-85.719970703125;
2387467948.7191281;-85.696846008300781;
2387628205.1293845;-85.70648193359375;
2387788461.5396409;-85.710334777832031;
2387948717.9498973;-85.702621459960937;
2388108974.3601537;-85.698776245117188;
2388269230.7704101;-85.700706481933594;
2388429487.1806664;-85.702629089355469;
2388589743.5909228;-85.710334777832031;
2388750000.0011792;-85.710334777832031;
2388910256.4114356;-85.708412170410156;
2389070512.8216925;-85.700706481933594;
2389230769.2319489;-85.710319519042969;
2389391025.6422052;-85.712265014648437;
2389551282.0524616;-85.698776245117188;
2389711538.462718;-85.673782348632813;
2389871794.8729744;-85.687240600585938;
2390032051.2832308;-85.708412170410156;
2390192307.6934872;-85.658454895019531;
2390352564.1037436;-85.702621459960937;
2390512820.5139999;-85.70648193359375;
2390673076.9242563;-85.712905883789063;
2390833333.3345127;-85.710334777832031;
2390993589.7447691;-85.689170837402344;
2391153846.1550255;-85.66229248046875;
2391314102.5652819;-85.669960021972656;
2391474358.9755383;-85.645057678222656;
2391634615.3857946;-85.668045043945313;
2391794871.796051;-85.637413024902344;
2391955128.2063074;-85.618339538574219;
2392115384.6165643;-85.629776000976563;
2392275641.0268207;-85.624061584472656;
2392435897.437077;-85.629783630371094;
2392596153.8473334;-85.587867736816406;
2392756410.2575898;-85.589775085449219;
2392916666.6678462;-85.601173400878906;
2393076923.0781026;-85.610671997070313;
2393237179.488359;-85.580215454101563;
2393397435.8986154;-85.604949951171875;
2393557692.3088717;-85.612579345703125;
2393717948.7191281;-85.599258422851562;
2393878205.1293845;-85.612533569335938;
2394038461.5396409;-85.587852478027344;
2394198717.9498973;-85.576423645019531;
2394358974.3601537;-85.574546813964844;
2394519230.7704101;-85.593582153320313;
2394679487.1806664;-85.618309020996094;
2394839743.5909228;-85.610710144042969;
2395000000.0011792;-85.580299377441406;
2395160256.4114356;-85.599258422851562;
2395320512.8216925;-85.635498046875;
2395480769.2319489;-85.631683349609375;
2395641025.6422052;-85.625961303710938;
2395801282.0524616;-85.616416931152344;
2395961538.462718;-85.622543334960938;
2396121794.8729744;-85.650802612304688;
2396282051.2832308;-85.658470153808594;
2396442307.6934872;-85.622154235839844;
2396602564.1037436;-85.625961303710938;
2396762820.5139999;-85.656547546386719;
2396923076.9242563;-85.625946044921875;
2397083333.3345127;-85.624053955078125;
2397243589.7447691;-85.620246887207031;
2397403846.1550255;-85.631690979003906;
2397564102.5652819;-85.624053955078125;
2397724358.9755383;-85.624061584472656;
2397884615.3857946;-85.622146606445313;
2398044871.796051;-85.6202392578125;
2398205128.2063074;-85.616432189941406;
2398365384.6165643;-85.633583068847656;
2398525641.0268207;-85.666130065917969;
2398685897.437077;-85.610679626464844;
2398846153.8473334;-85.637420654296875;
2399006410.2575898;-85.62786865234375;
2399166666.6678462;-85.625968933105469;
2399326923.0781026;-85.612617492675781;
2399487179.488359;-85.616432189941406;
2399647435.8986154;-85.622146606445313;
2399807692.3088717;-85.622154235839844;
2399967948.7191281;-85.612617492675781;
2400128205.1293845;-85.614524841308594;
2400288461.5396409;-85.616432189941406;
2400448717.9498973;-85.616432189941406;
2400608974.3601537;-85.620246887207031;
2400769230.7704101;-85.620246887207031;
2400929487.1806664;-85.597396850585938;
2401089743.5909228;-85.618339538574219;
2401250000.0011792;-85.614524841308594;
2401410256.4114356;-85.57269287109375;
2401570512.8216925;-85.610710144042969;
2401730769.2319489;-85.618339538574219;
2401891025.6422052;-85.618339538574219;
2402051282.0524616;-85.622146606445313;
2402211538.462718;-85.618331909179687;
2402371794.8729744;-85.614524841308594;
2402532051.2832308;-85.624061584472656;
2402692307.6934872;-85.622154235839844;
2402852564.1037436;-85.618339538574219;
2403012820.5139999;-85.619186401367188;
2403173076.9242563;-85.616432189941406;
2403333333.3345127;-85.591690063476563;
2403493589.7447691;-85.614524841308594;
2403653846.1550255;-85.631690979003906;
2403814102.5652819;-85.618339538574219;
2403974358.9755383;-85.624061584472656;
2404134615.3857946;-85.622146606445313;
2404294871.796051;-85.625961303710938;
2404455128.2063074;-85.625961303710938;
2404615384.6165643;-85.625961303710938;
2404775641.0268207;-85.662300109863281;
2404935897.437077;-85.627662658691406;
2405096153.8473334;-85.616432189941406;
2405256410.2575898;-85.618339538574219;
2405416666.6678462;-85.633590698242188;
2405576923.0781026;-85.620223999023437;
2405737179.488359;-85.620246887207031;
2405897435.8986154;-85.616432189941406;
2406057692.3088717;-85.618339538574219;
2406217948.7191281;-85.624053955078125;
2406378205.1293845;-85.622154235839844;
2406538461.5396409;-85.664169311523438;
2406698717.9498973;-85.671875;
2406858974.3601537;-85.671875;
2407019230.7704101;-85.699211120605469;
2407179487.1806664;-85.700706481933594;
2407339743.5909228;-85.702629089355469;
2407500000.0011792;-85.660369873046875;
2407660256.4114356;-85.622154235839844;
2407820512.8216925;-85.614524841308594;
2407980769.2319489;-85.629783630371094;
2408141025.6422052;-85.620246887207031;
2408301282.0524616;-85.627876281738281;
2408461538.462718;-85.650779724121094;
2408621794.8729744;-85.654632568359375;
2408782051.2832308;-85.664199829101563;
2408942307.6934872;-85.65484619140625;
2409102564.1037436;-85.622146606445313;
2409262820.5139999;-85.631690979003906;
2409423076.9242563;-85.622154235839844;
2409583333.3345127;-85.618339538574219;
2409743589.7447691;-85.622154235839844;
2409903846.1550255;-85.643150329589844;
2410064102.5652819;-85.641242980957031;
2410224358.9755383;-85.648895263671875;
2410384615.3857946;-85.639328002929688;
2410544871.796051;-85.683387756347656;
2410705128.2063074;-85.70648193359375;
2410865384.6165643;-85.698783874511719;
2411025641.0268207;-85.700706481933594;
2411185897.437077;-85.670166015625;
2411346153.8473334;-85.721900939941406;
2411506410.2575898;-85.701225280761719;
2411666666.6678462;-85.673698425292969;
2411826923.0781026;-85.504623413085938;
2411987179.488359;-85.493278503417969;
2412147435.8986154;-85.625930786132813;
2412307692.3088717;-85.683372497558594;
2412467948.7191281;-85.700698852539063;
2412628205.1293845;-85.691078186035156;
2412788461.5396409;-85.702629089355469;
2412948717.9498973;-85.683387756347656;
2413108974.3601537;-85.687232971191406;
2413269230.7704101;-85.714187622070313;
2413429487.1806664;-85.712265014648437;
2413589743.5909228;-85.687240600585938;
2413750000.0011792;-85.702629089355469;
2413910256.4114356;-85.687248229980469;
2414070512.8216925;-85.700698852539063;
2414230769.2319489;-85.702629089355469;
2414391025.6422052;-85.685317993164063;
2414551282.0524616;-85.671890258789063;
2414711538.462718;-85.668052673339844;
2414871794.8729744;-85.671844482421875;
2415032051.2832308;-85.708412170410156;
2415192307.6934872;-85.712265014648437;
2415352564.1037436;-85.677635192871094;
2415512820.5139999;-85.691085815429687;
2415673076.9242563;-85.687240600585938;
2415833333.3345127;-85.694931030273438;
2415993589.7447691;-85.704551696777344;
2416153846.1550255;-85.702629089355469;
2416314102.5652819;-85.696853637695313;
2416474358.9755383;-85.702629089355469;
2416634615.3857946;-85.72381591796875;
2416794871.796051;-85.718002319335938;
2416955128.2063074;-85.706474304199219;
2417115384.6165643;-85.700706481933594;
2417275641.0268207;-85.687248229980469;
2417435897.437077;-85.683403015136719;
2417596153.8473334;-85.685295104980469;
2417756410.2575898;-85.710334777832031;
2417916666.6678462;-85.704551696777344;
2418076923.0781026;-85.713638305664063;
2418237179.488359;-85.702621459960937;
2418397435.8986154;-85.696037292480469;
2418557692.3088717;-85.70648193359375;
2418717948.7191281;-85.704551696777344;
2418878205.1293845;-85.704551696777344;
2419038461.5396409;-85.693000793457031;
2419198717.9498973;-85.70648193359375;
2419358974.3601537;-85.687240600585938;
2419519230.7704101;-85.70648193359375;
2419679487.1806664;-85.70648193359375;
2419839743.5909228;-85.708404541015625;
2420000000.0011792;-85.704559326171875;
2420160256.4114356;-85.710334777832031;
2420320512.8216925;-85.708412170410156;
2420480769.2319489;-85.700698852539063;
2420641025.6422052;-85.704559326171875;
2420801282.0524616;-85.70263671875;
2420961538.462718;-85.712265014648437;
2421121794.8729744;-85.679557800292969;
2421282051.2832308;-85.704551696777344;
2421442307.6934872;-85.710334777832031;
2421602564.1037436;-85.708412170410156;
2421762820.5139999;-85.70263671875;
2421923076.9242563;-85.669967651367188;
2422083333.3345127;-85.700698852539063;
2422243589.7447691;-85.691078186035156;
2422403846.1550255;-85.696846008300781;
2422564102.5652819;-85.706466674804688;
2422724358.9755383;-85.656547546386719;
2422884615.3857946;-85.645065307617188;
2423044871.796051;-85.669967651367188;
2423205128.2063074;-85.694923400878906;
2423365384.6165643;-85.694931030273438;
2423525641.0268207;-85.70648193359375;
2423685897.437077;-85.677635192871094;
2423846153.8473334;-85.668045043945313;
2424006410.2575898;-85.687240600585938;
2424166666.6678462;-85.694923400878906;
2424326923.0781026;-85.696846008300781;
2424487179.488359;-85.685325622558594;
2424647435.8986154;-85.708404541015625;
2424807692.3088717;-85.694931030273438;
2424967948.7191281;-85.700698852539063;
2425128205.1293845;-85.706428527832031;
2425288461.5396409;-85.714187622070313;
2425448717.9498973;-85.692359924316406;
2425608974.3601537;-85.683387756347656;
2425769230.7704101;-85.714179992675781;
2425929487.1806664;-85.714187622070313;
2426089743.5909228;-85.708412170410156;
2426250000.0011792;-85.719970703125;
2426410256.4114356;-85.718040466308594;
2426570512.8216925;-85.714187622070313;
2426730769.2319489;-85.704551696777344;
2426891025.6422052;-85.710334777832031;
2427051282.0524616;-85.714187622070313;
2427211538.462718;-85.70648193359375;
2427371794.8729744;-85.712265014648437;
2427532051.2832308;-85.710334777832031;
2427692307.6934872;-85.714187622070313;
2427852564.1037436;-85.70648193359375;
2428012820.5139999;-85.707763671875;
2428173076.9242563;-85.710334777832031;
2428333333.3345127;-85.694931030273438;
2428493589.7447691;-85.693008422851562;
2428653846.1550255;-85.687210083007813;
2428814102.5652819;-85.599266052246094;
2428974358.9755383;-85.572616577148438;
2429134615.3857946;-85.464057922363281;
2429294871.796051;-85.268722534179688;
2429455128.2063074;-85.046417236328125;
2429615384.6165643;-84.683219909667969;
2429775641.0268207;-84.154342651367188;
2429935897.437077;-83.52691650390625;
2430096153.8473334;-82.329902648925781;
2430256410.2575898;-81.26251220703125;
2430416666.6678462;-80.122634887695313;
2430576923.0781026;-78.594871520996094;
2430737179.488359;-77.081802368164062;
2430897435.8986154;-75.743255615234375;
2431057692.3088717;-73.786819458007813;
2431217948.7191281;-72.1204833984375;
2431378205.1293845;-70.1634521484375;
2431538461.5396409;-68.218132019042969;
2431698717.9498973;-66.75421142578125;
2431858974.3601537;-65.392845153808594;
2432019230.7704101;-63.870410919189453;
2432179487.1806664;-62.550312042236328;
2432339743.5909228;-61.104454040527344;
2432500000.0011792;-59.455947875976563;
2432660256.4114356;-57.971210479736328;
2432820512.8216925;-56.624076843261719;
2432980769.2319489;-55.098114013671875;
2433141025.6422052;-54.010726928710938;
2433301282.0524616;-52.987632751464844;
2433461538.462718;-51.985263824462891;
2433621794.8729744;-51.268539428710938;
2433782051.2832308;-50.365421295166016;
2433942307.6934872;-49.508522033691406;
2434102564.1037436;-48.984100341796875;
2434262820.5139999;-48.547248840332031;
2434423076.9242563;-48.247154235839844;
2434583333.3345127;-48.114414215087891;
2434743589.7447691;-48.152080535888672;
2434903846.1550255;-48.563407897949219;
2435064102.5652819;-49.030342102050781;
2435224358.9755383;-49.608280181884766;
2435384615.3857946;-50.343673706054688;
2435544871.796051;-50.995361328125;
2435705128.2063074;-51.932754516601563;
2435865384.6165643;-52.983432769775391;
2436025641.0268207;-53.706974029541016;
2436185897.437077;-54.800483703613281;
2436346153.8473334;-56.054126739501953;
2436506410.2575898;-57.241390228271484;
2436666666.6678462;-58.788810729980469;
2436826923.0781026;-60.308017730712891;
2436987179.488359;-61.416755676269531;
2437147435.8986154;-62.792598724365234;
2437307692.3088717;-64.128326416015625;
2437467948.7191281;-65.028152465820313;
2437628205.1293845;-66.34222412109375;
2437788461.5396409;-67.854476928710938;
2437948717.9498973;-69.115959167480469;
2438108974.3601537;-70.681015014648437;
2438269230.7704101;-72.168678283691406;
2438429487.1806664;-73.126930236816406;
2438589743.5909228;-74.434921264648438;
2438750000.0011792;-75.729316711425781;
2438910256.4114356;-76.80438232421875;
2439070512.8216925;-78.287384033203125;
2439230769.2319489;-79.452766418457031;
2439391025.6422052;-80.361763000488281;
2439551282.0524616;-81.715827941894531;
2439711538.462718;-82.695388793945313;
2439871794.8729744;-83.373283386230469;
2440032051.2832308;-84.147850036621094;
2440192307.6934872;-84.619293212890625;
2440352564.1037436;-84.876373291015625;
2440512820.5139999;-85.262786865234375;
2440673076.9242563;-85.457695007324219;
2440833333.3345127;-85.538597106933594;
2440993589.7447691;-85.6910400390625;
2441153846.1550255;-85.747016906738281;
2441314102.5652819;-85.756698608398437;
2441474358.9755383;-85.764457702636719;
2441634615.3857946;-85.776092529296875;
2441794871.796051;-85.809150695800781;
2441955128.2063074;-85.809158325195313;
2442115384.6165643;-85.81890869140625;
2442275641.0268207;-85.81890869140625;
2442435897.437077;-85.82281494140625;
2442596153.8473334;-85.813056945800781;
2442756410.2575898;-85.82281494140625;
2442916666.6678462;-85.828659057617188;
2443076923.0781026;-85.816963195800781;
2443237179.488359;-85.811111450195313;
2443397435.8986154;-85.768318176269531;
2443557692.3088717;-85.758583068847656;
2443717948.7191281;-85.643104553222656;
2443878205.1293845;-85.606880187988281;
2444038461.5396409;-85.6929931640625;
2444198717.9498973;-85.704521179199219;
2444358974.3601537;-85.631622314453125;
2444519230.7704101;-85.616432189941406;
2444679487.1806664;-85.656417846679688;
2444839743.5909228;-85.758621215820313;
2445000000.0011792;-85.74505615234375;
2445160256.4114356;-85.771255493164063;
2445320512.8216925;-85.726860046386719;
2445480769.2319489;-85.70947265625;
2445641025.6422052;-85.756675720214844;
2445801282.0524616;-85.818893432617188;
2445961538.462718;-85.81890869140625;
2446121794.8729744;-85.822807312011719;
2446282051.2832308;-85.816963195800781;
2446442307.6934872;-85.834518432617188;
2446602564.1037436;-85.815010070800781;
2446762820.5139999;-85.766311645507813;
2446923076.9242563;-85.830619812011719;
2447083333.3345127;-85.797416687011719;
2447243589.7447691;-85.785797119140625;
2447403846.1550255;-85.783859252929688;
2447564102.5652819;-85.815010070800781;
2447724358.9755383;-85.81890869140625;
2447884615.3857946;-85.816963195800781;
2448044871.796051;-85.815010070800781;
2448205128.2063074;-85.824760437011719;
2448365384.6165643;-85.797225952148438;
2448525641.0268207;-85.606544494628906;
2448685897.437077;-85.719970703125;
2448846153.8473334;-85.76055908203125;
2449006410.2575898;-85.787742614746094;
2449166666.6678462;-85.81890869140625;
2449326923.0781026;-85.813056945800781;
2449487179.488359;-85.805908203125;
2449647435.8986154;-85.731536865234375;
2449807692.3088717;-85.003677368164062;
2449967948.7191281;-78.969337463378906;
2450128205.1293845;-81.854782104492188;
2450288461.5396409;-81.224693298339844;
2450448717.9498973;-78.759452819824219;
2450608974.3601537;-82.889625549316406;
2450769230.7704101;-82.817710876464844;
2450929487.1806664;-84.905601501464844;
2451089743.5909228;-85.105865478515625;
2451250000.0011792;-85.27197265625;
2451410256.4114356;-85.687080383300781;
2451570512.8216925;-85.795516967773438;
2451730769.2319489;-85.82086181640625;
2451891025.6422052;-85.14141845703125;
2452051282.0524616;-85.270729064941406;
2452211538.462718;-85.643051147460938;
2452371794.8729744;-85.719978332519531;
2452532051.2832308;-85.356285095214844;
2452692307.6934872;-83.786277770996094;
2452852564.1037436;-85.096023559570313;
2453012820.5139999;-85.631355285644531;
2453173076.9242563;-85.743782043457031;
2453333333.3345127;-85.815010070800781;
2453493589.7447691;-85.82281494140625;
2453653846.1550255;-85.82086181640625;
2453814102.5652819;-85.82476806640625;
2453974358.9755383;-85.836471557617188;
2454134615.3857946;-85.846267700195313;
2454294871.796051;-85.824760437011719;
2454455128.2063074;-85.783660888671875;
2454615384.6165643;-85.694931030273438;
2454775641.0268207;-83.479301452636719;
2454935897.437077;-81.766311645507813;
2455096153.8473334;-79.421394348144531;
2455256410.2575898;-78.823348999023438;
2455416666.6678462;-82.764846801757812;
2455576923.0781026;-84.788772583007813;
2455737179.488359;-82.373306274414063;
2455897435.8986154;-82.115432739257813;
2456057692.3088717;-84.726676940917969;
2456217948.7191281;-85.488449096679688;
2456378205.1293845;-85.489616394042969;
2456538461.5396409;-80.317138671875;
2456698717.9498973;-79.110725402832031;
2456858974.3601537;-82.731193542480469;
2457019230.7704101;-85.006103515625;
2457179487.1806664;-85.577964782714844;
2457339743.5909228;-85.741127014160156;
2457500000.0011792;-85.840377807617188;
2457660256.4114356;-85.873710632324219;
2457820512.8216925;-85.867813110351563;
2457980769.2319489;-85.895317077636719;
2458141025.6422052;-85.885498046875;
2458301282.0524616;-85.850181579589844;
2458461538.462718;-85.87762451171875;
2458621794.8729744;-85.887466430664063;
2458782051.2832308;-85.899269104003906;
2458942307.6934872;-85.879539489746094;
2459102564.1037436;-85.844070434570313;
2459262820.5139999;-85.9012451171875;
2459423076.9242563;-85.887466430664063;
2459583333.3345127;-85.893318176269531;
2459743589.7447691;-85.847602844238281;
2459903846.1550255;-85.69097900390625;
2460064102.5652819;-85.830612182617188;
2460224358.9755383;-85.836479187011719;
2460384615.3857946;-85.883514404296875;
2460544871.796051;-85.918983459472656;
2460705128.2063074;-85.901222229003906;
2460865384.6165643;-85.91107177734375;
2461025641.0268207;-85.909126281738281;
2461185897.437077;-85.909126281738281;
2461346153.8473334;-85.903419494628906;
2461506410.2575898;-85.893363952636719;
2461666666.6678462;-85.846267700195313;
2461826923.0781026;-85.840377807617188;
2461987179.488359;-85.830619812011719;
2462147435.8986154;-85.842353820800781;
2462307692.3088717;-85.89727783203125;
2462467948.7191281;-85.903205871582031;
2462628205.1293845;-85.905174255371094;
2462788461.5396409;-85.909126281738281;
2462948717.9498973;-85.893356323242187;
2463108974.3601537;-85.881561279296875;
2463269230.7704101;-85.903213500976563;
2463429487.1806664;-85.901237487792969;
2463589743.5909228;-85.92095947265625;
2463750000.0011792;-85.917449951171875;
2463910256.4114356;-85.9150390625;
2464070512.8216925;-85.905181884765625;
2464230769.2319489;-85.90911865234375;
2464391025.6422052;-85.92095947265625;
2464551282.0524616;-85.9012451171875;
2464711538.462718;-85.918983459472656;
2464871794.8729744;-85.911094665527344;
2465032051.2832308;-85.944656372070312;
2465192307.6934872;-85.918975830078125;
2465352564.1037436;-85.885475158691406;
2465512820.5139999;-85.905181884765625;
2465673076.9242563;-85.907150268554688;
2465833333.3345127;-85.909126281738281;
2465993589.7447691;-85.90911865234375;
2466153846.1550255;-85.907150268554688;
2466314102.5652819;-85.892913818359375;
2466474358.9755383;-85.913063049316406;
2466634615.3857946;-85.918983459472656;
2466794871.796051;-85.917007446289062;
2466955128.2063074;-85.9150390625;
2467115384.6165643;-85.905181884765625;
2467275641.0268207;-85.889427185058594;
2467435897.437077;-85.891365051269531;
2467596153.8473334;-85.877632141113281;
2467756410.2575898;-85.901237487792969;
2467916666.6678462;-85.913063049316406;
2468076923.0781026;-85.909126281738281;
2468237179.488359;-85.9150390625;
2468397435.8986154;-85.930839538574219;
2468557692.3088717;-85.897300720214844;
2468717948.7191281;-85.9150390625;
2468878205.1293845;-85.905174255371094;
2469038461.5396409;-85.905166625976563;
2469198717.9498973;-85.901237487792969;
2469358974.3601537;-85.905181884765625;
2469519230.7704101;-85.898170471191406;
2469679487.1806664;-85.911094665527344;
2469839743.5909228;-85.905181884765625;
2470000000.0011792;-85.911094665527344;
2470160256.4114356;-85.917015075683594;
2470320512.8216925;-85.911094665527344;
2470480769.2319489;-85.909126281738281;
2470641025.6422052;-85.917015075683594;
2470801282.0524616;-85.911094665527344;
2470961538.462718;-85.877609252929688;
2471121794.8729744;-85.871742248535156;
2471282051.2832308;-85.889434814453125;
2471442307.6934872;-85.903205871582031;
2471602564.1037436;-85.913063049316406;
2471762820.5139999;-85.9150390625;
2471923076.9242563;-85.893356323242187;
2472083333.3345127;-85.913063049316406;
2472243589.7447691;-85.917015075683594;
2472403846.1550255;-85.909126281738281;
2472564102.5652819;-85.905174255371094;
2472724358.9755383;-85.907150268554688;
2472884615.3857946;-85.908683776855469;
2473044871.796051;-85.887466430664063;
2473205128.2063074;-85.909126281738281;
2473365384.6165643;-85.905181884765625;
2473525641.0268207;-85.9031982421875;
2473685897.437077;-85.873710632324219;
2473846153.8473334;-85.848220825195313;
2474006410.2575898;-85.854103088378906;
2474166666.6678462;-85.852119445800781;
2474326923.0781026;-85.907150268554688;
2474487179.488359;-85.913063049316406;
2474647435.8986154;-85.911094665527344;
2474807692.3088717;-85.911094665527344;
2474967948.7191281;-85.911094665527344;
2475128205.1293845;-85.907150268554688;
2475288461.5396409;-85.905181884765625;
2475448717.9498973;-85.911094665527344;
2475608974.3601537;-85.907150268554688;
2475769230.7704101;-85.907150268554688;
2475929487.1806664;-85.911094665527344;
2476089743.5909228;-85.893348693847656;
2476250000.0011792;-85.834510803222656;
2476410256.4114356;-85.816963195800781;
2476570512.8216925;-85.828659057617188;
2476730769.2319489;-85.83062744140625;
2476891025.6422052;-85.813056945800781;
2477051282.0524616;-85.82476806640625;
2477211538.462718;-85.8145751953125;
2477371794.8729744;-85.807205200195313;
2477532051.2832308;-85.81304931640625;
2477692307.6934872;-85.822807312011719;
2477852564.1037436;-85.789695739746094;
2478012820.5139999;-85.758636474609375;
2478173076.9242563;-85.76251220703125;
2478333333.3345127;-85.785797119140625;
2478493589.7447691;-85.811111450195313;
2478653846.1550255;-85.815010070800781;
2478814102.5652819;-85.82086181640625;
2478974358.9755383;-85.846260070800781;
2479134615.3857946;-85.81695556640625;
2479294871.796051;-85.82086181640625;
2479455128.2063074;-85.844284057617188;
2479615384.6165643;-85.852134704589844;
2479775641.0268207;-85.83843994140625;
2479935897.437077;-85.899269104003906;
2480096153.8473334;-85.907150268554688;
2480256410.2575898;-85.913063049316406;
2480416666.6678462;-85.885490417480469;
2480576923.0781026;-85.9150390625;
2480737179.488359;-85.911094665527344;
2480897435.8986154;-85.915031433105469;
2481057692.3088717;-85.895332336425781;
2481217948.7191281;-85.913063049316406;
2481378205.1293845;-85.901237487792969;
2481538461.5396409;-85.911094665527344;
2481698717.9498973;-85.918983459472656;
2481858974.3601537;-85.901229858398438;
2482019230.7704101;-85.9150390625;
2482179487.1806664;-85.913063049316406;
2482339743.5909228;-85.901237487792969;
2482500000.0011792;-85.90911865234375;
2482660256.4114356;-85.891387939453125;
2482820512.8216925;-85.903205871582031;
2482980769.2319489;-85.899269104003906;
2483141025.6422052;-85.92095947265625;
2483301282.0524616;-85.918983459472656;
2483461538.462718;-85.909126281738281;
2483621794.8729744;-85.919204711914062;
2483782051.2832308;-85.9150390625;
2483942307.6934872;-85.9150390625;
2484102564.1037436;-85.911094665527344;
2484262820.5139999;-85.909126281738281;
