Type;ESU;
Version;4.43;
Date;02.Jun 16;
Mode;ANALYZER;
Center Freq;2440288461.540000;Hz
Freq Offset;0.000000;Hz
Span;1000000000.000000;Hz
x-Axis;LIN;
Start;1940288461.540000;Hz
Stop;2940288461.540000;Hz
Ref Level;18.500000;dBm
Level Offset;0.000000;dB
Ref Position;100.000000;%
y-Axis;LOG;
Level Range;50.000000;dB
Rf Att;70.000000;dB
RBW;3000000.000000;Hz
VBW;10000000.000000;Hz
SWT;0.002500;s
Trace Mode;CLR/WRITE;
Detector;AUTOPEAK;
Sweep Count;0;
Trace 1:;;
x-Unit;Hz;
y-Unit;dBm;
Values;625;
1940288461.54;-11.492815971374512;-43.035411834716797
1941891025.6425641;-10.485650062561035;-43.470321655273438
1943493589.7451282;-10.325419425964355;-49.406497955322266
1945096153.8476923;-11.019753456115723;-50.871463775634766
1946698717.9502563;-11.43177604675293;-42.287666320800781
1948301282.0528204;-9.3792943954467773;-48.010196685791016
1949903846.1553845;-10.058367729187012;-46.201877593994141
1951506410.2579486;-10.081257820129395;-47.651584625244141
1953108974.3605127;-12.12610912322998;-48.307769775390625
1954711538.4630768;-10.302529335021973;-45.972976684570313
1956314102.5656409;-12.194780349731445;-41.394950866699219
1957916666.668205;-10.867152214050293;-44.630088806152344
1959519230.7707691;-10.40172004699707;-45.156562805175781
1961121794.8733332;-11.248654365539551;-41.509403228759766
1962724358.9758973;-11.172354698181152;-44.35540771484375
1964326923.0784614;-11.103683471679688;-47.895748138427734
1965929487.1810255;-10.165188789367676;-44.927661895751953
1967532051.2835896;-11.851428031921387;-48.101757049560547
1969134615.3861537;-11.042643547058105;-45.713554382324219
1970737179.4887178;-10.386460304260254;-46.468929290771484
1972339743.5912821;-9.3029937744140625;-44.080726623535156
1973942307.6938462;-9.9744377136230469;-48.696903228759766
1975544871.7964103;-11.668307304382324;-44.996330261230469
1977147435.8989744;-10.355939865112305;-42.913330078125
1978750000.0015385;-10.71455192565918;-47.186153411865234
1980352564.1041026;-10.897672653198242;-44.004425048828125
1981955128.2066667;-11.935358047485352;-46.461299896240234
1983557692.3092308;-10.676401138305664;-45.446502685546875
1985160256.4117949;-11.767498016357422;-44.019687652587891
1986762820.514359;-10.264379501342773;-42.577610015869141
1988365384.6169231;-11.691197395324707;-44.752170562744141
1989967948.7194872;-11.363105773925781;-45.148933410644531
1991570512.8220513;-10.058367729187012;-44.324886322021484
1993173076.9246154;-11.164724349975586;-45.248123168945313
1994775641.0271795;-10.783222198486328;-42.043506622314453
1996378205.1297436;-11.218134880065918;-47.727886199951172
1997980769.2323077;-9.3564043045043945;-39.884204864501953
1999583333.3348718;-12.034548759460449;-45.141304016113281
2001185897.4374359;-12.728882789611816;-49.36834716796875
2002788461.54;-12.99593448638916;-43.951015472412109
2004391025.6425641;-11.103683471679688;-46.079795837402344
2005993589.7451282;-12.339750289916992;-45.683036804199219
2007596153.8476923;-11.958249092102051;-47.773666381835938
2009198717.9502563;-12.271080017089844;-47.636325836181641
2010801282.0528204;-13.468997001647949;-45.988235473632812
2012403846.1553845;-12.133739471435547;-46.713092803955078
2014006410.2579486;-12.812813758850098;-51.367416381835938
2015608974.3605127;-12.87385368347168;-50.200019836425781
2017211538.4630768;-12.316860198974609;-52.054119110107422
2018814102.5656409;-12.210040092468262;-44.240959167480469
2020416666.668205;-11.637786865234375;-46.774131774902344
2022019230.7707691;-12.507611274719238;-44.958183288574219
2023621794.8733332;-12.11847972869873;-50.665454864501953
2025224358.9758973;-12.347380638122559;-42.760730743408203
2026826923.0784614;-12.004029273986816;-45.034481048583984
2028429487.1810255;-12.095589637756348;-42.707317352294922
2030032051.2835896;-11.813278198242188;-47.92626953125
2031634615.3861537;-12.507611274719238;-45.209972381591797
2033237179.4887178;-12.080328941345215;-46.575752258300781
2034839743.5912819;-11.523336410522461;-49.589618682861328
2036442307.6938462;-12.095589637756348;-51.016433715820312
2038044871.7964103;-11.889577865600586;-45.515174865722656
2039647435.8989744;-11.019753456115723;-42.547088623046875
2041250000.0015385;-11.660676956176758;-47.041183471679688
2042852564.1041026;-12.065069198608398;-49.330196380615234
2044455128.2066667;-12.057438850402832;-44.790321350097656
2046057692.3092308;-11.378365516662598;-45.415985107421875
2047660256.4117949;-13.346916198730469;-43.447433471679688
2049262820.514359;-10.165188789367676;-44.263847351074219
2050865384.6169231;-11.477556228637695;-44.973442077636719
2052467948.7194872;-11.385995864868164;-51.848110198974609
2054070512.8220513;-12.103219032287598;-44.683498382568359
2055673076.9246154;-12.072699546813965;-47.628696441650391
2057275641.0271795;-12.568652153015137;-48.185688018798828
2058878205.1297436;-12.469461441040039;-46.507080078125
2060480769.2323077;-12.454201698303223;-47.262454986572266
2062083333.3348718;-12.271080017089844;-52.725563049316406
2063685897.4374359;-12.957783699035645;-44.065467834472656
2065288461.54;-11.698826789855957;-47.300605773925781
2066891025.6425641;-11.462295532226562;-44.721649169921875
2068493589.7451282;-13.079864501953125;-46.186618804931641
2070096153.8476923;-11.927728652954102;-49.696437835693359
2071698717.9502563;-12.080328941345215;-47.117485046386719
2073301282.0528204;-13.194315910339355;-45.614364624023438
2074903846.1553845;-11.965878486633301;-43.088821411132812
2076506410.2579486;-12.248189926147461;-45.614364624023438
2078108974.3605127;-12.538131713867188;-43.302463531494141
2079711538.4630768;-12.767033576965332;-45.232864379882813
2081314102.5656409;-11.767498016357422;-42.440265655517578
2082916666.668205;-11.790388107299805;-44.942920684814453
2084519230.7707691;-12.15662956237793;-46.781761169433594
2086121794.8733332;-12.660212516784668;-51.146144866943359
2087724358.9758973;-12.698362350463867;-44.317256927490234
2089326923.0784614;-12.484721183776855;-47.407424926757813
2090929487.1810255;-11.790388107299805;-49.215744018554688
2092532051.2835896;-12.545762062072754;-44.897140502929687
2094134615.3861537;-11.340214729309082;-45.316791534423828
2095737179.4887178;-12.316860198974609;-47.560024261474609
2097339743.5912819;-13.255355834960938;-49.467536926269531
2098942307.6938462;-13.606337547302246;-46.591011047363281
2100544871.7964103;-13.049345016479492;-44.530899047851563
2102147435.8989744;-13.339285850524902;-50.444183349609375
2103750000.0015385;-12.805183410644531;-45.484653472900391
2105352564.1041026;-12.545762062072754;-43.165122985839844
2106955128.2066667;-12.622062683105469;-46.804653167724609
2108557692.3092308;-11.370735168457031;-44.446968078613281
2110160256.4117949;-13.491887092590332;-45.225231170654297
2111762820.514359;-12.477091789245605;-44.546157836914063
2113365384.6169231;-12.881484031677246;-50.100830078125
2114967948.7194872;-11.55385684967041;-44.309627532958984
2116570512.8220513;-12.446571350097656;-45.240493774414063
2118173076.9246154;-12.553391456604004;-49.192855834960938
2119775641.0271795;-12.675472259521484;-45.446502685546875
2121378205.1297436;-13.247725486755371;-48.803722381591797
2122980769.2323077;-11.706457138061523;-47.292972564697266
2124583333.3348718;-13.522407531738281;-49.36834716796875
2126185897.4374359;-12.904374122619629;-48.216209411621094
2127788461.54;-11.729347229003906;-48.750312805175781
2129391025.6425641;-13.049345016479492;-51.642097473144531
2130993589.7451282;-12.576282501220703;-46.545230865478516
2132596153.8476923;-13.392696380615234;-54.701744079589844
2134198717.9502563;-13.255355834960938;-45.515174865722656
2135801282.0528204;-13.041714668273926;-46.606269836425781
2137403846.1553845;-12.210040092468262;-44.042575836181641
2139006410.2579486;-13.102754592895508;-46.026386260986328
2140608974.3605127;-12.103219032287598;-45.377834320068359
2142211538.4630768;-13.705528259277344;-48.826614379882813
2143814102.5656409;-13.636857986450195;-45.530433654785156
2145416666.668205;-11.675936698913574;-45.316791534423828
2147019230.7707691;-12.309230804443359;-48.948692321777344
2148621794.8733335;-12.644952774047852;-46.835170745849609
2150224358.9758973;-12.629692077636719;-41.440731048583984
2151826923.0784616;-13.697897911071777;-60.065666198730469
2153429487.1810255;-13.118015289306641;-47.643955230712891
2155032051.2835898;-12.385531425476074;-48.605342864990234
2156634615.3861537;-12.683102607727051;-44.935291290283203
2158237179.488718;-12.347380638122559;-44.553791046142578
2159839743.5912819;-12.736513137817383;-46.613899230957031
2161442307.6938462;-12.782293319702148;-45.454135894775391
2163044871.7964101;-12.690732955932617;-48.445110321044922
2164647435.8989744;-12.393160820007324;-44.935291290283203
2166250000.0015383;-11.988768577575684;-45.675403594970703
2167852564.1041026;-12.553391456604004;-43.790786743164062
2169455128.2066665;-12.774662971496582;-48.757942199707031
2171057692.3092308;-12.568652153015137;-47.788928985595703
2172660256.4117947;-13.034084320068359;-43.928127288818359
2174262820.514359;-12.171890258789063;-47.23193359375
2175865384.6169229;-11.225764274597168;-52.634002685546875
2177467948.7194872;-10.935822486877441;-46.262920379638672
2179070512.822051;-12.690732955932617;-42.028244018554687
2180673076.9246154;-12.545762062072754;-50.604412078857422
2182275641.0271792;-12.011658668518066;-46.827541351318359
2183878205.1297436;-12.866223335266113;-50.528110504150391
2185480769.2323074;-13.011194229125977;-43.569515228271484
2187083333.3348718;-12.43894100189209;-46.613899230957031
2188685897.4374356;-12.202409744262695;-46.262920379638672
2190288461.54;-11.340214729309082;-45.110782623291016
2191891025.6425638;-10.72218132019043;-52.26776123046875
2193493589.7451282;-13.011194229125977;-43.287200927734375
2195096153.8476925;-12.965414047241211;-49.543838500976563
2196698717.9502563;-12.530501365661621;-50.398403167724609
2198301282.0528207;-11.424145698547363;-45.446502685546875
2199903846.1553845;-11.43177604675293;-47.186153411865234
2201506410.2579489;-10.745072364807129;-47.498985290527344
2203108974.3605127;-11.866687774658203;-44.33251953125
2204711538.4630771;-13.255355834960938;-44.462226867675781
2206314102.5656409;-11.408885955810547;-45.698295593261719
2207916666.6682053;-11.447035789489746;-45.889045715332031
2209519230.7707691;-12.99593448638916;-45.454135894775391
2211121794.8733335;-12.690732955932617;-45.271011352539063
2212724358.9758973;-12.202409744262695;-44.157028198242188
2214326923.0784616;-11.378365516662598;-43.767894744873047
2215929487.1810255;-11.645417213439941;-46.018756866455078
2217532051.2835898;-12.927264213562012;-51.497127532958984
2219134615.3861537;-10.71455192565918;-44.683498382568359
2220737179.488718;-12.416050910949707;-42.1732177734375
2222339743.5912819;-11.950618743896484;-52.511924743652344
2223942307.6938462;-10.317789077758789;-44.187545776367188
2225544871.7964101;-12.927264213562012;-48.925804138183594
2227147435.8989744;-12.095589637756348;-44.240959167480469
2228750000.0015383;-12.973044395446777;-43.371131896972656
2230352564.1041026;-11.241024971008301;-47.086963653564453
2231955128.2066665;-11.637786865234375;-52.626373291015625
2233557692.3092308;-11.767498016357422;-46.705459594726563
2235160256.4117947;-11.027383804321289;-50.879093170166016
2236762820.514359;-12.042179107666016;-51.115627288818359
2238365384.6169229;-12.43131160736084;-44.210437774658203
2239967948.7194872;-11.40125560760498;-44.385929107666016
2241570512.822051;-12.675472259521484;-43.64581298828125
2243173076.9246154;-11.866687774658203;-44.149398803710938
2244775641.0271792;-11.782757759094238;-46.903842926025391
2246378205.1297436;-9.8294668197631836;-44.836101531982422
2247980769.2323074;-11.942988395690918;-44.897140502929687
2249583333.3348718;-11.881948471069336;-43.546623229980469
2251185897.4374356;-12.301600456237793;-46.705459594726563
2252788461.54;-11.538596153259277;-48.452739715576172
2254391025.6425638;-11.683567047119141;-46.323959350585938
2255993589.7451282;-12.667842864990234;-48.284881591796875
2257596153.8476925;-11.973508834838867;-47.23956298828125
2259198717.9502563;-11.14946460723877;-44.401187896728516
2260801282.0528207;-11.942988395690918;-47.445575714111328
2262403846.1553845;-11.965878486633301;-43.455062866210938
2264006410.2579489;-11.668307304382324;-44.935291290283203
2265608974.3605127;-11.72171688079834;-44.790321350097656
2267211538.4630771;-12.095589637756348;-41.837493896484375
2268814102.5656409;-10.424610137939453;-44.637718200683594
2270416666.6682053;-12.110849380493164;-46.980144500732422
2272019230.7707691;-12.171890258789063;-48.887653350830078
2273621794.8733335;-11.790388107299805;-44.836101531982422
2275224358.9758973;-12.599172592163086;-43.325351715087891
2276826923.0784616;-12.225299835205078;-47.567657470703125
2278429487.1810255;-11.378365516662598;-41.051601409912109
2280032051.2835898;-12.240560531616211;-49.787998199462891
2281634615.3861537;-11.065533638000488;-48.597713470458984
2283237179.488718;-11.584376335144043;-44.378299713134766
2284839743.5912819;-12.499981880187988;-42.9285888671875
2286442307.6938462;-12.393160820007324;-46.323959350585938
2288044871.7964101;-12.637322425842285;-49.429386138916016
2289647435.8989744;-11.241024971008301;-45.660144805908203
2291250000.0015383;-11.820907592773438;-46.415519714355469
2292852564.1041026;-11.790388107299805;-43.897605895996094
2294455128.2066665;-12.286340713500977;-48.429851531982422
2296057692.3092308;-11.859058380126953;-50.436550140380859
2297660256.4117947;-11.241024971008301;-47.987308502197266
2299262820.514359;-12.644952774047852;-45.736446380615234
2300865384.6169229;-12.255820274353027;-50.10845947265625
2302467948.7194872;-11.508075714111328;-42.19610595703125
2304070512.822051;-11.851428031921387;-44.294368743896484
2305673076.9246154;-10.081257820129395;-48.261989593505859
2307275641.0271792;-10.68403148651123;-43.310092926025391
2308878205.1297436;-11.851428031921387;-46.4918212890625
2310480769.2323074;-10.752701759338379;-42.295295715332031
2312083333.3348718;-11.416515350341797;-48.216209411621094
2313685897.4374356;-11.035013198852539;-44.538528442382813
2315288461.54;-10.943452835083008;-43.836566925048828
2316891025.6425638;-11.660676956176758;-45.683036804199219
2318493589.7451282;-10.691661834716797;-47.880489349365234
2320096153.8476925;-11.492815971374512;-48.765571594238281
2321698717.9502563;-12.393160820007324;-41.463623046875
2323301282.0528207;-12.225299835205078;-41.288131713867188
2324903846.1553845;-12.187150001525879;-46.774131774902344
2326506410.2579489;-11.683567047119141;-49.108924865722656
2328108974.3605127;-11.43940544128418;-42.837028503417969
2329711538.4630771;-10.775591850280762;-45.690666198730469
2331314102.5656409;-11.912467956542969;-47.483726501464844
2332916666.6682053;-11.233394622802734;-44.797950744628906
2334519230.7707691;-11.653046607971191;-44.019687652587891
2336121794.8733335;-11.324954986572266;-47.056442260742187
2337724358.9758973;-11.599637031555176;-48.979213714599609
2339326923.0784616;-10.416979789733887;-42.096916198730469
2340929487.1810255;-10.729811668395996;-47.872856140136719
2342532051.2835898;-12.232930183410645;-45.873786926269531
2344134615.3861537;-11.012123107910156;-45.026851654052734
2345737179.488718;-10.821372032165527;-48.368808746337891
2347339743.5912819;-10.905303001403809;-47.338752746582031
2348942307.6938462;-11.592006683349609;-43.317722320556641
2350544871.7964101;-10.645881652832031;-46.369739532470703
2352147435.8989744;-10.867152214050293;-42.371597290039063
2353750000.0015383;-10.653511047363281;-42.074024200439453
2355352564.1041026;-10.859522819519043;-49.231006622314453
2356955128.2066665;-10.928193092346191;-44.637718200683594
2358557692.3092308;-10.012587547302246;-46.392627716064453
2360160256.4117947;-10.989233016967773;-48.841873168945313
2361762820.514359;-11.241024971008301;-45.499916076660156
2363365384.6169229;-10.71455192565918;-44.904769897460938
2364967948.7194872;-10.958713531494141;-45.942455291748047
2366570512.822051;-11.073163986206055;-44.263847351074219
2368173076.9246154;-11.012123107910156;-46.560489654541016
2369775641.0271792;-10.233859062194824;-41.730674743652344
2371378205.1297436;-9.7913169860839844;-45.873786926269531
2372980769.2323074;-10.264379501342773;-43.951015472412109
2374583333.3348718;-11.195244789123535;-42.19610595703125
2376185897.4374356;-9.3564043045043945;-42.676799774169922
2377788461.54;-10.195709228515625;-46.354480743408203
2379391025.6425638;-10.668771743774414;-46.194248199462891
2380993589.7451282;-11.363105773925781;-45.133670806884766
2382596153.8476925;-11.355475425720215;-42.379226684570313
2384198717.9502563;-9.8752470016479492;-43.828933715820312
2385801282.0528207;-8.6697006225585938;-43.813674926757813
2387403846.1553845;-10.798481941223145;-42.661537170410156
2389006410.2579489;-11.248654365539551;-42.440265655517578
2390608974.3605127;-10.43224048614502;-41.349170684814453
2392211538.4630771;-8.822300910949707;-42.371597290039063
2393814102.5656409;-10.813742637634277;-46.156097412109375
2395416666.6682053;-10.676401138305664;-40.990558624267578
2397019230.7707691;-10.462759971618652;-42.90570068359375
2398621794.8733335;-11.309695243835449;-44.767429351806641
2400224358.9758973;-9.7073860168457031;-43.500843048095703
2401826923.0784616;-10.99686336517334;-45.118412017822266
2403429487.1810255;-10.516170501708984;-43.142230987548828
2405032051.2835898;-9.83709716796875;-43.584774017333984
2406634615.3861537;-10.424610137939453;-51.581058502197266
2408237179.488718;-9.7379064559936523;-47.2471923828125
2409839743.5912819;-11.057903289794922;-46.156097412109375
2411442307.6938462;-10.752701759338379;-45.835636138916016
2413044871.7964101;-10.394089698791504;-44.988700866699219
2414647435.8989744;-11.050273895263672;-47.552394866943359
2416250000.0015383;-9.5471553802490234;-47.92626953125
2417852564.1041026;-10.470390319824219;-42.90570068359375
2419455128.2066665;-10.27963924407959;-47.155632019042969
2421057692.3092308;-9.8065767288208008;-45.927196502685547
2422660256.4117947;-10.180448532104492;-48.399330139160156
2424262820.514359;-10.951083183288574;-46.926731109619141
2425865384.6169229;-10.493280410766602;-45.278644561767578
2427467948.7194872;-10.607730865478516;-43.493213653564453
2429070512.822051;-10.539060592651367;-45.057373046875
2430673076.9246154;-10.020217895507812;-41.555183410644531
2432275641.0271792;-5.1598811149597168;-46.797019958496094
2433878205.1297436;1.5316661596298218;-42.081653594970703
2435480769.2323074;3.9427595138549805;-43.798416137695313
2437083333.3348718;4.9117746353149414;-37.747791290283203
2438685897.4374356;4.8507347106933594;-20.732797622680664
2440288461.54;5.1330461502075195;-23.983194351196289
2441891025.6425638;4.4921226501464844;-23.052330017089844
2443493589.7451282;1.3561751842498779;-32.711963653564453
2445096153.847692;-5.7550244331359863;-35.794502258300781
2446698717.9502563;-9.8752470016479492;-43.821304321289063
2448301282.0528207;-10.668771743774414;-45.934825897216797
2449903846.1553845;-10.645881652832031;-42.394485473632813
2451506410.2579489;-11.111313819885254;-43.126972198486328
2453108974.3605127;-10.973973274230957;-44.454597473144531
2454711538.4630771;-9.4098148345947266;-42.417377471923828
2456314102.5656409;-10.790852546691895;-42.684429168701172
2457916666.6682053;-10.607730865478516;-47.598175048828125
2459519230.7707691;-10.165188789367676;-42.554718017578125
2461121794.8733335;-10.233859062194824;-46.583381652832031
2462724358.9758973;-11.088423728942871;-42.631019592285156
2464326923.0784616;-10.416979789733887;-42.287666320800781
2465929487.1810255;-10.111778259277344;-43.058300018310547
2467532051.2835898;-9.8905067443847656;-54.114231109619141
2469134615.3861537;-9.2266931533813477;-51.199554443359375
2470737179.488718;-11.424145698547363;-47.529506683349609
2472339743.5912819;-11.447035789489746;-45.126041412353516
2473942307.6938462;-10.27963924407959;-43.874713897705078
2475544871.7964101;-12.179519653320313;-49.688808441162109
2477147435.8989744;-9.2343235015869141;-41.944313049316406
2478750000.0015383;-11.729347229003906;-41.623851776123047
2480352564.1041026;-10.165188789367676;-43.249050140380859
2481955128.2066665;-9.066462516784668;-46.682571411132813
2483557692.3092308;-10.798481941223145;-46.835170745849609
2485160256.4117947;-8.5399894714355469;-44.050205230712891
2486762820.514359;-11.263915061950684;-45.194713592529297
2488365384.6169229;-11.340214729309082;-46.224769592285156
2489967948.7194872;-11.111313819885254;-42.249515533447266
2491570512.822051;-9.6387157440185547;-45.721183776855469
2493173076.9246154;-10.218599319458008;-42.722579956054687
2494775641.0271792;-11.11894416809082;-44.218067169189453
2496378205.1297436;-11.462295532226562;-43.401653289794922
2497980769.2323074;-10.058367729187012;-43.249050140380859
2499583333.3348718;-10.821372032165527;-45.309162139892578
2501185897.4374356;-9.2266931533813477;-45.332054138183594
2502788461.54;-11.87431812286377;-41.448360443115234
2504391025.6425638;-11.103683471679688;-43.294830322265625
2505993589.7451282;-10.607730865478516;-43.065929412841797
2507596153.847692;-10.83663272857666;-45.660144805908203
2509198717.9502563;-10.493280410766602;-44.218067169189453
2510801282.0528207;-10.523800849914551;-44.622459411621094
2512403846.1553845;-11.012123107910156;-44.431709289550781
2514006410.2579489;-11.050273895263672;-42.737838745117188
2515608974.3605127;-11.729347229003906;-43.912864685058594
2517211538.4630771;-11.15709400177002;-43.302463531494141
2518814102.5656409;-10.363570213317871;-42.020614624023438
2520416666.6682053;-11.088423728942871;-42.165584564208984
2522019230.7707691;-9.6081953048706055;-42.241886138916016
2523621794.8733335;-10.500910758972168;-39.929985046386719
2525224358.9758973;-11.256284713745117;-43.104080200195312
2526826923.0784616;-9.1961736679077148;-42.707317352294922
2528429487.1810255;-10.829002380371094;-44.256217956542969
2530032051.2835898;-9.9820680618286133;-41.494140625
2531634615.3861537;-11.40125560760498;-43.287200927734375
2533237179.488718;-9.3869247436523437;-49.101295471191406
2534839743.5912819;-10.767962455749512;-42.280036926269531
2536442307.6938462;-9.9896974563598633;-50.444183349609375
2538044871.7964101;-10.27963924407959;-47.911006927490234
2539647435.8989744;-10.615361213684082;-41.913795471191406
2541250000.0015383;-9.5166349411010742;-42.493679046630859
2542852564.1041026;-10.600101470947266;-43.981536865234375
2544455128.2066665;-10.233859062194824;-40.548015594482422
2546057692.3092308;-10.966342926025391;-41.799343109130859
2547660256.4117947;-10.821372032165527;-47.773666381835938
2549262820.514359;-10.462759971618652;-49.078403472900391
2550865384.6169229;-10.958713531494141;-47.277713775634766
2552467948.7194872;-10.081257820129395;-40.448825836181641
2554070512.822051;-10.958713531494141;-47.750778198242188
2555673076.9246154;-9.478485107421875;-43.111709594726562
2557275641.0271792;-9.9439172744750977;-43.676334381103516
2558878205.1297436;-9.8599872589111328;-46.362110137939453
2560480769.2323074;-10.645881652832031;-48.895282745361328
2562083333.3348718;-9.9820680618286133;-47.048812866210937
2563685897.4374356;-10.394089698791504;-44.294368743896484
2565288461.54;-8.9749021530151367;-44.141765594482422
2566891025.6425638;-10.99686336517334;-42.150325775146484
2568493589.7451282;-10.386460304260254;-45.583843231201172
2570096153.847692;-8.8680810928344727;-45.644886016845703
2571698717.9502563;-10.760332107543945;-39.922351837158203
2573301282.0528207;-9.2495832443237305;-47.521877288818359
2574903846.1553845;-10.241489410400391;-42.989631652832031
2576506410.2579489;-9.2953634262084961;-41.745933532714844
2578108974.3605127;-10.172819137573242;-44.935291290283203
2579711538.4630771;-7.9982566833496094;-44.805580139160156
2581314102.5656409;-10.478020668029785;-43.63818359375
2582916666.6682053;-9.4174442291259766;-42.508937835693359
2584519230.7707691;-10.088888168334961;-43.004890441894531
2586121794.8733335;-10.56195068359375;-44.126506805419922
2587724358.9758973;-8.4789495468139648;-47.125114440917969
2589326923.0784616;-10.752701759338379;-45.126041412353516
2590929487.1810255;-10.27963924407959;-45.957717895507812
2592532051.2835898;-9.8599872589111328;-52.084640502929687
2594134615.3861537;-10.600101470947266;-43.409282684326172
2595737179.488718;-9.6005659103393555;-44.248588562011719
2597339743.5912819;-9.7302761077880859;-48.033088684082031
2598942307.6938462;-9.8447265625;-47.018291473388672
2600544871.7964101;-10.874782562255859;-45.019222259521484
2602147435.8989744;-10.500910758972168;-44.317256927490234
2603750000.0015383;-9.783686637878418;-44.454597473144531
2605352564.1041026;-9.4174442291259766;-43.928127288818359
2606955128.2066665;-9.6692361831665039;-44.294368743896484
2608557692.3092308;-10.134668350219727;-44.843730926513672
2610160256.4117947;-9.2953634262084961;-43.210903167724609
2611762820.514359;-9.8447265625;-44.736911773681641
2613365384.6169229;-9.7760562896728516;-44.981071472167969
2614967948.7194872;-8.9596424102783203;-43.363502502441406
2616570512.822051;-10.180448532104492;-43.683963775634766
2618173076.9246154;-9.7226467132568359;-41.990093231201172
2619775641.0271792;-10.508540153503418;-41.417842864990234
2621378205.1297436;-10.249118804931641;-42.035873413085937
2622980769.2323074;-9.7150163650512695;-44.736911773681641
2624583333.3348718;-10.348309516906738;-44.385929107666016
2626185897.4374356;-10.622991561889648;-46.705459594726563
2627788461.54;-9.6768655776977539;-43.676334381103516
2629391025.6425638;-10.493280410766602;-44.485118865966797
2630993589.7451282;-10.386460304260254;-47.315864562988281
2632596153.847692;-10.71455192565918;-46.415519714355469
2634198717.9502563;-10.867152214050293;-45.751705169677734
2635801282.0528207;-9.8447265625;-46.186618804931641
2637403846.1553845;-9.8523569107055664;-43.798416137695313
2639006410.2579489;-10.27963924407959;-42.089286804199219
2640608974.3605127;-9.83709716796875;-43.828933715820312
2642211538.4630771;-9.6997556686401367;-44.218067169189453
2643814102.5656409;-10.546690940856934;-45.904308319091797
2645416666.6682053;-9.9439172744750977;-39.823162078857422
2647019230.7707691;-10.958713531494141;-44.202808380126953
2648621794.8733335;-9.5242652893066406;-46.636791229248047
2650224358.9758973;-8.5476198196411133;-42.333446502685547
2651826923.0784616;-10.882412910461426;-48.544300079345703
2653429487.1810255;-9.7531661987304687;-42.272407531738281
2655032051.2835898;-10.302529335021973;-44.019687652587891
2656634615.3861537;-10.416979789733887;-48.239101409912109
2658237179.488718;-9.9439172744750977;-41.234722137451172
2659839743.5912819;-10.462759971618652;-46.52996826171875
2661442307.6938462;-10.874782562255859;-40.502235412597656
2663044871.7964101;-10.195709228515625;-43.416912078857422
2664647435.8989744;-8.7231111526489258;-46.728351593017578
2666250000.0015383;-9.9744377136230469;-45.644886016845703
2667852564.1041026;-8.1737480163574219;-51.161407470703125
2669455128.2066665;-8.4865789413452148;-43.096450805664062
2671057692.3092308;-9.9820680618286133;-50.978282928466797
2672660256.4117947;-10.043107986450195;-44.836101531982422
2674262820.514359;-9.5776758193969727;-45.011592864990234
2675865384.6169229;-8.6620702743530273;-42.989631652832031
2677467948.7194872;-11.172354698181152;-45.606735229492188
2679070512.822051;-10.874782562255859;-41.204200744628906
2680673076.9246154;-10.867152214050293;-42.104545593261719
2682275641.0271792;-9.2266931533813477;-44.561420440673828
2683878205.1297436;-10.287269592285156;-41.738304138183594
2685480769.2323074;-10.767962455749512;-46.896213531494141
2687083333.3348718;-9.3640346527099609;-47.056442260742187
2688685897.4374356;-10.27963924407959;-47.659217834472656
2690288461.54;-10.523800849914551;-45.934825897216797
2691891025.6425638;-9.9591779708862305;-45.850894927978516
2693493589.7451282;-10.500910758972168;-45.828006744384766
2695096153.847692;-10.050738334655762;-40.174144744873047
2696698717.9502563;-10.127038955688477;-40.280963897705078
2698301282.0528207;-10.317789077758789;-42.012985229492187
2699903846.1553845;-10.088888168334961;-42.493679046630859
2701506410.2579489;-10.081257820129395;-40.639575958251953
2703108974.3605127;-10.11940860748291;-45.171821594238281
2704711538.4630771;-10.622991561889648;-51.748920440673828
2706314102.5656409;-10.081257820129395;-42.142696380615234
2707916666.6682053;-11.164724349975586;-45.026851654052734
2709519230.7707691;-10.600101470947266;-43.111709594726562
2711121794.8733335;-10.27963924407959;-41.906166076660156
2712724358.9758973;-8.8375616073608398;-41.723045349121094
2714326923.0784616;-9.7073860168457031;-44.942920684814453
2715929487.1810255;-10.882412910461426;-45.225231170654297
2717532051.2835898;-10.355939865112305;-45.675403594970703
2719134615.3861537;-10.333049774169922;-43.973907470703125
2720737179.488718;-9.1046123504638672;-41.494140625
2722339743.5912819;-10.325419425964355;-41.791713714599609
2723942307.6938462;-10.004958152770996;-45.705924987792969
2725544871.7964101;-8.5170993804931641;-42.333446502685547
2727147435.8989744;-9.6081953048706055;-42.1884765625
2728750000.0015383;-9.486114501953125;-45.507545471191406
2730352564.1041026;-9.539525032043457;-41.547554016113281
2731955128.2066665;-9.9515476226806641;-42.722579956054687
2733557692.3092308;-10.699291229248047;-43.882347106933594
2735160256.4117947;-9.7302761077880859;-46.49945068359375
2736762820.514359;-8.9977922439575195;-41.349170684814453
2738365384.6169229;-8.0821866989135742;-50.421291351318359
2739967948.7194872;-9.6768655776977539;-43.996795654296875
2741570512.822051;-9.4403343200683594;-45.347312927246094
2743173076.9246154;-9.9133968353271484;-40.433567047119141
2744775641.0271792;-9.8294668197631836;-40.219924926757813
2746378205.1297436;-10.653511047363281;-42.020614624023438
2747980769.2323074;-9.8599872589111328;-41.517032623291016
2749583333.3348718;-9.1580228805541992;-43.981536865234375
2751185897.4374356;-10.920562744140625;-42.989631652832031
2752788461.54;-10.531431198120117;-44.019687652587891
2754391025.6425638;-9.9668073654174805;-39.762123107910156
2755993589.7451282;-9.0817222595214844;-41.127899169921875
2757596153.847692;-10.226228713989258;-39.548480987548828
2759198717.9502563;-9.3487739562988281;-43.64581298828125
2760801282.0528202;-10.493280410766602;-42.806510925292969
2762403846.1553845;-8.6773300170898438;-42.669170379638672
2764006410.2579489;-10.127038955688477;-44.782691955566406
2765608974.3605127;-8.7460012435913086;-42.066394805908203
2767211538.4630771;-10.378829956054687;-43.279571533203125
2768814102.5656409;-9.3945541381835937;-43.279571533203125
2770416666.6682053;-10.035477638244629;-42.9285888671875
2772019230.7707691;-7.3344430923461914;-44.599571228027344
2773621794.8733335;-9.4327049255371094;-42.867549896240234
2775224358.9758973;-8.9977922439575195;-46.407890319824219
2776826923.0784616;-9.0359420776367187;-45.431243896484375
2778429487.1810255;-9.539525032043457;-44.393558502197266
2780032051.2835898;-10.264379501342773;-42.516567230224609
2781634615.3861537;-8.8909711837768555;-44.118877410888672
2783237179.488718;-9.2038030624389648;-45.393093109130859
2784839743.5912819;-9.0054225921630859;-48.750312805175781
2786442307.6938462;-9.3564043045043945;-45.873786926269531
2788044871.7964101;-8.2424182891845703;-43.455062866210938
2789647435.8989744;-9.3640346527099609;-41.890903472900391
2791250000.0015383;-10.523800849914551;-43.249050140380859
2792852564.1041026;-10.302529335021973;-45.637256622314453
2794455128.2066665;-10.142298698425293;-45.164192199707031
2796057692.3092308;-9.7379064559936523;-45.263381958007813
2797660256.4117947;-9.2724733352661133;-43.874713897705078
2799262820.514359;-9.6692361831665039;-49.078403472900391
2800865384.6169229;-9.2419538497924805;-40.853218078613281
2802467948.7194872;-9.4174442291259766;-45.896675109863281
2804070512.822051;-9.9286575317382812;-42.806510925292969
2805673076.9246154;-10.500910758972168;-44.843730926513672
2807275641.0271792;-10.615361213684082;-42.615756988525391
2808878205.1297436;-10.645881652832031;-41.47125244140625
2810480769.2323074;-11.050273895263672;-43.760265350341797
2812083333.3348718;-8.7917814254760742;-41.578071594238281
2813685897.4374356;-9.3029937744140625;-47.102222442626953
2815288461.54;-10.302529335021973;-49.299674987792969
2816891025.6425638;-9.9896974563598633;-42.982002258300781
2818493589.7451282;-10.470390319824219;-41.990093231201172
2820096153.847692;-10.058367729187012;-41.654373168945313
2821698717.9502563;-10.104147911071777;-45.736446380615234
2823301282.0528202;-8.8986015319824219;-42.417377471923828
2824903846.1553845;-9.539525032043457;-48.277248382568359
2826506410.2579489;-9.4479646682739258;-46.301067352294922
2828108974.3605127;-10.592471122741699;-46.384998321533203
2829711538.4630771;-10.264379501342773;-44.019687652587891
2831314102.5656409;-9.6921262741088867;-41.723045349121094
2832916666.6682053;-10.767962455749512;-43.477954864501953
2834519230.7707691;-10.142298698425293;-41.791713714599609
2836121794.8733335;-11.057903289794922;-44.019687652587891
2837724358.9758973;-9.3029937744140625;-43.729743957519531
2839326923.0784616;-10.790852546691895;-48.033088684082031
2840929487.1810255;-8.5934000015258789;-41.837493896484375
2842532051.2835898;-10.478020668029785;-44.126506805419922
2844134615.3861537;-9.7989463806152344;-48.529041290283203
2845737179.488718;-10.272008895874023;-40.815067291259766
2847339743.5912819;-11.294434547424316;-42.295295715332031
2848942307.6938462;-11.355475425720215;-43.462692260742188
2850544871.7964101;-10.516170501708984;-50.398403167724609
2852147435.8989744;-9.8294668197631836;-41.303390502929688
2853750000.0015383;-11.035013198852539;-41.043968200683594
2855352564.1041026;-10.165188789367676;-44.714019775390625
2856955128.2066665;-9.6387157440185547;-42.325817108154297
2858557692.3092308;-11.286805152893066;-42.058765411376953
2860160256.4117947;-11.653046607971191;-45.171821594238281
2861762820.514359;-8.6925907135009766;-44.988700866699219
2863365384.6169229;-8.4331693649291992;-50.497592926025391
2864967948.7194872;-10.035477638244629;-43.104080200195312
2866570512.822051;-11.385995864868164;-43.683963775634766
2868173076.9246154;-10.195709228515625;-49.108924865722656
2869775641.0271792;-10.699291229248047;-43.775524139404297
2871378205.1297436;-9.2190637588500977;-46.438407897949219
2872980769.2323074;-9.7302761077880859;-44.042575836181641
2874583333.3348718;-9.7302761077880859;-49.673545837402344
2876185897.4374356;-9.9896974563598633;-44.805580139160156
2877788461.54;-8.8528213500976563;-43.64581298828125
2879391025.6425638;-11.050273895263672;-43.180381774902344
2880993589.7451282;-9.0359420776367187;-44.736911773681641
2882596153.847692;-10.348309516906738;-42.997261047363281
2884198717.9502563;-10.72218132019043;-41.265239715576172
2885801282.0528202;-10.523800849914551;-43.203269958496094
2887403846.1553845;-11.111313819885254;-45.187084197998047
2889006410.2579489;-8.2881984710693359;-44.614830017089844
2890608974.3605127;-9.9668073654174805;-45.7669677734375
2892211538.4630771;-10.516170501708984;-48.895282745361328
2893814102.5656409;-9.9973278045654297;-42.661537170410156
2895416666.6682053;-8.4331693649291992;-45.003963470458984
2897019230.7707691;-10.539060592651367;-43.317722320556641
2898621794.8733335;-10.859522819519043;-44.942920684814453
2900224358.9758973;-10.493280410766602;-43.943386077880859
2901826923.0784616;-10.394089698791504;-43.63055419921875
2903429487.1810255;-9.8676166534423828;-48.445110321044922
2905032051.2835898;-10.500910758972168;-42.524196624755859
2906634615.3861537;-10.523800849914551;-47.338752746582031
2908237179.488718;-10.210968971252441;-48.040718078613281
2909839743.5912819;-11.187614440917969;-50.467071533203125
2911442307.6938462;-10.035477638244629;-42.280036926269531
2913044871.7964101;-10.882412910461426;-44.645351409912109
2914647435.8989744;-9.8905067443847656;-44.630088806152344
2916250000.0015383;-9.2343235015869141;-45.576213836669922
2917852564.1041026;-10.272008895874023;-44.988700866699219
2919455128.2066665;-10.71455192565918;-46.903842926025391
2921057692.3092308;-10.004958152770996;-49.162334442138672
2922660256.4117947;-9.8905067443847656;-44.561420440673828
2924262820.514359;-9.5929355621337891;-44.622459411621094
2925865384.6169229;-10.218599319458008;-49.574356079101563
2927467948.7194872;-11.103683471679688;-48.513782501220703
2929070512.822051;-10.294898986816406;-41.333911895751953
2930673076.9246154;-10.874782562255859;-42.051136016845703
2932275641.0271792;-10.233859062194824;-44.950550079345703
2933878205.1297436;-9.898137092590332;-43.668704986572266
2935480769.2323074;-10.378829956054687;-47.270084381103516
2937083333.3348718;-10.470390319824219;-42.074024200439453
2938685897.4374356;-10.661141395568848;-41.288131713867188
2940288461.54;-10.165188789367676;-45.400722503662109
