Type;ESU;
Version;4.43;
Date;02.Jun 16;
Mode;ANALYZER;
Center Freq;2450288461.540000;Hz
Freq Offset;0.000000;Hz
Span;1000000000.000000;Hz
x-Axis;LIN;
Start;1950288461.540000;Hz
Stop;2950288461.540000;Hz
Ref Level;18.000000;dBm
Level Offset;0.000000;dB
Ref Position;100.000000;%
y-Axis;LOG;
Level Range;50.000000;dB
Rf Att;70.000000;dB
RBW;10000000.000000;Hz
VBW;10000000.000000;Hz
SWT;0.002500;s
Trace Mode;MAXHOLD;
Detector;RMS;
Sweep Count;0;
Trace 1:;;
x-Unit;Hz;
y-Unit;dBm;
Values;625;
1950288461.54;-14.593670845031738;
1951891025.6425641;-14.723073959350586;
1953493589.7451282;-14.677210807800293;
1955096153.8476923;-14.668462753295898;
1956698717.9502563;-14.72083568572998;
1958301282.0528204;-14.681763648986816;
1959903846.1553845;-14.716678619384766;
1961506410.2579486;-14.774785041809082;
1963108974.3605127;-14.726576805114746;
1964711538.4630768;-14.762635231018066;
1966314102.5656409;-14.845664978027344;
1967916666.668205;-14.82121753692627;
1969519230.7707691;-14.825453758239746;
1971121794.8733332;-14.808748245239258;
1972724358.9758973;-14.813418388366699;
1974326923.0784614;-14.788908004760742;
1975929487.1810255;-14.757797241210938;
1977532051.2835896;-14.822976112365723;
1979134615.3861537;-14.764749526977539;
1980737179.4887178;-14.736274719238281;
1982339743.5912821;-14.742742538452148;
1983942307.6938462;-14.671723365783691;
1985544871.7964103;-14.734170913696289;
1987147435.8989744;-14.712127685546875;
1988750000.0015385;-14.661812782287598;
1990352564.1041026;-14.680734634399414;
1991955128.2066667;-14.694807052612305;
1993557692.3092308;-14.640151023864746;
1995160256.4117949;-14.670843124389648;
1996762820.514359;-14.659369468688965;
1998365384.6169231;-14.67192268371582;
1999967948.7194872;-16.184606552124023;
2001570512.8220513;-16.566616058349609;
2003173076.9246154;-16.574609756469727;
2004775641.0271795;-16.538864135742187;
2006378205.1297436;-16.542964935302734;
2007980769.2323077;-16.478080749511719;
2009583333.3348718;-16.55695915222168;
2011185897.4374359;-16.518033981323242;
2012788461.54;-16.48002815246582;
2014391025.6425641;-16.510887145996094;
2015993589.7451282;-16.482404708862305;
2017596153.8476923;-16.443759918212891;
2019198717.9502563;-16.443805694580078;
2020801282.0528204;-16.463678359985352;
2022403846.1553845;-16.439300537109375;
2024006410.2579486;-16.390497207641602;
2025608974.3605127;-16.395881652832031;
2027211538.4630768;-16.452852249145508;
2028814102.5656409;-16.396259307861328;
2030416666.668205;-16.365446090698242;
2032019230.7707691;-16.423229217529297;
2033621794.8733332;-16.400302886962891;
2035224358.9758973;-16.382072448730469;
2036826923.0784614;-16.35350227355957;
2038429487.1810255;-16.383232116699219;
2040032051.2835896;-16.357990264892578;
2041634615.3861537;-16.276576995849609;
2043237179.4887178;-16.285978317260742;
2044839743.5912819;-16.369150161743164;
2046442307.6938462;-16.319311141967773;
2048044871.7964103;-16.273075103759766;
2049647435.8989744;-16.234729766845703;
2051250000.0015385;-16.344612121582031;
2052852564.1041026;-16.324678421020508;
2054455128.2066667;-16.284290313720703;
2056057692.3092308;-16.282943725585937;
2057660256.4117949;-16.35908317565918;
2059262820.514359;-16.328584671020508;
2060865384.6169231;-16.305854797363281;
2062467948.7194872;-16.289638519287109;
2064070512.8220513;-16.363859176635742;
2065673076.9246154;-16.349716186523438;
2067275641.0271795;-16.326541900634766;
2068878205.1297436;-16.348484039306641;
2070480769.2323077;-16.374544143676758;
2072083333.3348718;-16.354314804077148;
2073685897.4374359;-16.35331916809082;
2075288461.54;-16.366422653198242;
2076891025.6425641;-16.439172744750977;
2078493589.7451282;-16.396381378173828;
2080096153.8476923;-16.377477645874023;
2081698717.9502563;-16.439809799194336;
2083301282.0528204;-16.489507675170898;
2084903846.1553845;-16.435541152954102;
2086506410.2579486;-16.499731063842773;
2088108974.3605127;-16.470579147338867;
2089711538.4630768;-16.503690719604492;
2091314102.5656409;-16.547952651977539;
2092916666.668205;-16.551128387451172;
2094519230.7707691;-16.518281936645508;
2096121794.8733332;-16.562644958496094;
2097724358.9758973;-16.635162353515625;
2099326923.0784614;-16.590145111083984;
2100929487.1810255;-16.598287582397461;
2102532051.2835896;-16.633224487304688;
2104134615.3861537;-16.669891357421875;
2105737179.4887178;-16.623773574829102;
2107339743.5912819;-16.624374389648438;
2108942307.6938462;-16.636226654052734;
2110544871.7964103;-16.639442443847656;
2112147435.8989744;-16.72532844543457;
2113750000.0015385;-16.692592620849609;
2115352564.1041026;-16.686399459838867;
2116955128.2066667;-16.756376266479492;
2118557692.3092308;-16.769950866699219;
2120160256.4117949;-16.854997634887695;
2121762820.514359;-16.829984664916992;
2123365384.6169231;-16.845937728881836;
2124967948.7194872;-16.81480598449707;
2126570512.8220513;-16.883584976196289;
2128173076.9246154;-16.818212509155273;
2129775641.0271795;-16.84001350402832;
2131378205.1297436;-16.819967269897461;
2132980769.2323077;-16.808893203735352;
2134583333.3348718;-16.832393646240234;
2136185897.4374359;-16.772212982177734;
2137788461.54;-16.804615020751953;
2139391025.6425641;-16.813915252685547;
2140993589.7451282;-16.775897979736328;
2142596153.8476923;-16.871509552001953;
2144198717.9502563;-16.821985244750977;
2145801282.0528204;-16.81993293762207;
2147403846.1553845;-16.814260482788086;
2149006410.2579489;-16.853935241699219;
2150608974.3605127;-16.852272033691406;
2152211538.4630771;-16.878484725952148;
2153814102.5656409;-16.79676628112793;
2155416666.6682053;-16.790143966674805;
2157019230.7707691;-16.78083610534668;
2158621794.8733335;-16.773321151733398;
2160224358.9758973;-16.826972961425781;
2161826923.0784616;-16.745973587036133;
2163429487.1810255;-16.728591918945313;
2165032051.2835898;-16.659555435180664;
2166634615.3861537;-16.631198883056641;
2168237179.488718;-16.584560394287109;
2169839743.5912819;-16.629697799682617;
2171442307.6938462;-16.442743301391602;
2173044871.7964101;-16.571409225463867;
2174647435.8989744;-16.516941070556641;
2176250000.0015383;-16.528642654418945;
2177852564.1041026;-16.53471565246582;
2179455128.2066665;-16.444442749023438;
2181057692.3092308;-16.442653656005859;
2182660256.4117947;-16.392557144165039;
2184262820.514359;-16.362773895263672;
2185865384.6169229;-16.300346374511719;
2187467948.7194872;-16.318523406982422;
2189070512.822051;-16.282951354980469;
2190673076.9246154;-16.230623245239258;
2192275641.0271792;-16.221315383911133;
2193878205.1297436;-16.194543838500977;
2195480769.2323074;-16.179052352905273;
2197083333.3348718;-16.191743850708008;
2198685897.4374356;-16.125211715698242;
2200288461.54;-16.064685821533203;
2201891025.6425638;-16.031181335449219;
2203493589.7451282;-15.985841751098633;
2205096153.8476925;-15.96642017364502;
2206698717.9502563;-15.965381622314453;
2208301282.0528207;-15.956830978393555;
2209903846.1553845;-15.936145782470703;
2211506410.2579489;-15.897503852844238;
2213108974.3605127;-15.836643218994141;
2214711538.4630771;-15.818855285644531;
2216314102.5656409;-15.793905258178711;
2217916666.6682053;-15.808682441711426;
2219519230.7707691;-15.743414878845215;
2221121794.8733335;-15.713048934936523;
2222724358.9758973;-15.718588829040527;
2224326923.0784616;-15.715885162353516;
2225929487.1810255;-15.687451362609863;
2227532051.2835898;-15.694331169128418;
2229134615.3861537;-15.761517524719238;
2230737179.488718;-15.713991165161133;
2232339743.5912819;-15.676360130310059;
2233942307.6938462;-15.646684646606445;
2235544871.7964101;-15.641866683959961;
2237147435.8989744;-15.639965057373047;
2238750000.0015383;-15.625418663024902;
2240352564.1041026;-15.581719398498535;
2241955128.2066665;-15.614030838012695;
2243557692.3092308;-15.50688648223877;
2245160256.4117947;-15.575157165527344;
2246762820.514359;-15.511065483093262;
2248365384.6169229;-15.439332008361816;
2249967948.7194872;-15.311479568481445;
2251570512.822051;-15.350790023803711;
2253173076.9246154;-15.406938552856445;
2254775641.0271792;-15.2615966796875;
2256378205.1297436;-15.172422409057617;
2257980769.2323074;-15.046899795532227;
2259583333.3348718;-14.824055671691895;
2261185897.4374356;-13.845645904541016;
2262788461.54;-12.384859085083008;
2264391025.6425638;-9.4657716751098633;
2265993589.7451282;-5.9529905319213867;
2267596153.8476925;-4.6578521728515625;
2269198717.9502563;-0.74191629886627197;
2270801282.0528207;1.2497050762176514;
2272403846.1553845;4.2797613143920898;
2274006410.2579489;5.5784711837768555;
2275608974.3605127;7.4620065689086914;
2277211538.4630771;8.3936538696289062;
2278814102.5656409;9.7541265487670898;
2280416666.6682053;10.714752197265625;
2282019230.7707691;10.662130355834961;
2283621794.8733335;11.303583145141602;
2285224358.9758973;11.313644409179687;
2286826923.0784616;11.347168922424316;
2288429487.1810255;11.368657112121582;
2290032051.2835898;11.390240669250488;
2291634615.3861537;11.388225555419922;
2293237179.488718;11.381593704223633;
2294839743.5912819;11.367724418640137;
2296442307.6938462;11.290581703186035;
2298044871.7964101;11.381232261657715;
2299647435.8989744;11.39820671081543;
2301250000.0015383;11.406148910522461;
2302852564.1041026;11.397958755493164;
2304455128.2066665;11.401305198669434;
2306057692.3092308;11.422987937927246;
2307660256.4117947;11.418996810913086;
2309262820.514359;11.434922218322754;
2310865384.6169229;11.420347213745117;
2312467948.7194872;11.435564994812012;
2314070512.822051;11.341055870056152;
2315673076.9246154;11.404894828796387;
2317275641.0271792;11.399190902709961;
2318878205.1297436;11.362178802490234;
2320480769.2323074;11.370532035827637;
2322083333.3348718;11.372247695922852;
2323685897.4374356;11.41063117980957;
2325288461.54;11.390460968017578;
2326891025.6425638;11.435118675231934;
2328493589.7451282;11.431361198425293;
2330096153.8476925;11.451703071594238;
2331698717.9502563;11.447400093078613;
2333301282.0528207;11.396117210388184;
2334903846.1553845;11.478590965270996;
2336506410.2579489;11.480425834655762;
2338108974.3605127;11.512922286987305;
2339711538.4630771;11.507034301757813;
2341314102.5656409;11.491796493530273;
2342916666.6682053;11.488704681396484;
2344519230.7707691;11.475603103637695;
2346121794.8733335;11.481645584106445;
2347724358.9758973;11.494077682495117;
2349326923.0784616;11.479849815368652;
2350929487.1810255;11.465043067932129;
2352532051.2835898;11.46137809753418;
2354134615.3861537;11.463274002075195;
2355737179.488718;11.410852432250977;
2357339743.5912819;11.455143928527832;
2358942307.6938462;11.458321571350098;
2360544871.7964101;11.470629692077637;
2362147435.8989744;11.462815284729004;
2363750000.0015383;11.453802108764648;
2365352564.1041026;11.457279205322266;
2366955128.2066665;11.431502342224121;
2368557692.3092308;11.458815574645996;
2370160256.4117947;11.429646492004395;
2371762820.514359;11.446146965026855;
2373365384.6169229;11.424631118774414;
2374967948.7194872;11.388864517211914;
2376570512.822051;11.421999931335449;
2378173076.9246154;11.41457462310791;
2379775641.0271792;11.40532398223877;
2381378205.1297436;11.397704124450684;
2382980769.2323074;11.386062622070313;
2384583333.3348718;11.345623016357422;
2386185897.4374356;11.416154861450195;
2387788461.54;11.413705825805664;
2389391025.6425638;11.414182662963867;
2390993589.7451282;11.407455444335938;
2392596153.8476925;11.436174392700195;
2394198717.9502563;11.441898345947266;
2395801282.0528207;11.427226066589355;
2397403846.1553845;11.42853832244873;
2399006410.2579489;11.450058937072754;
2400608974.3605127;11.465266227722168;
2402211538.4630771;11.460568428039551;
2403814102.5656409;11.476741790771484;
2405416666.6682053;11.444283485412598;
2407019230.7707691;11.432706832885742;
2408621794.8733335;11.467994689941406;
2410224358.9758973;11.413488388061523;
2411826923.0784616;8.5704565048217773;
2413429487.1810255;11.41780948638916;
2415032051.2835898;11.425726890563965;
2416634615.3861537;11.414557456970215;
2418237179.488718;11.450716018676758;
2419839743.5912819;11.42563533782959;
2421442307.6938462;11.45449161529541;
2423044871.7964101;11.463651657104492;
2424647435.8989744;11.403655052185059;
2426250000.0015383;11.445805549621582;
2427852564.1041026;11.444793701171875;
2429455128.2066665;11.397279739379883;
2431057692.3092308;11.409641265869141;
2432660256.4117947;11.378769874572754;
2434262820.514359;11.40373420715332;
2435865384.6169229;11.420083045959473;
2437467948.7194872;11.368552207946777;
2439070512.822051;11.390622138977051;
2440673076.9246154;11.436042785644531;
2442275641.0271792;11.373123168945313;
2443878205.1297436;11.471600532531738;
2445480769.2323074;11.400576591491699;
2447083333.3348718;11.471674919128418;
2448685897.4374356;11.450539588928223;
2450288461.54;11.460402488708496;
2451891025.6425638;11.496530532836914;
2453493589.7451282;11.484012603759766;
2455096153.847692;11.458279609680176;
2456698717.9502563;11.500858306884766;
2458301282.0528207;11.509135246276855;
2459903846.1553845;11.473369598388672;
2461506410.2579489;11.507617950439453;
2463108974.3605127;11.527370452880859;
2464711538.4630771;11.510650634765625;
2466314102.5656409;11.530000686645508;
2467916666.6682053;11.540614128112793;
2469519230.7707691;11.498371124267578;
2471121794.8733335;11.554397583007812;
2472724358.9758973;11.547123908996582;
2474326923.0784616;11.553413391113281;
2475929487.1810255;11.553262710571289;
2477532051.2835898;11.580726623535156;
2479134615.3861537;11.566154479980469;
2480737179.488718;11.566765785217285;
2482339743.5912819;11.559374809265137;
2483942307.6938462;11.573692321777344;
2485544871.7964101;11.587202072143555;
2487147435.8989744;11.599584579467773;
2488750000.0015383;11.574892044067383;
2490352564.1041026;11.548551559448242;
2491955128.2066665;11.558572769165039;
2493557692.3092308;11.580645561218262;
2495160256.4117947;11.552048683166504;
2496762820.514359;11.564777374267578;
2498365384.6169229;11.589129447937012;
2499967948.7194872;11.559527397155762;
2501570512.822051;11.571175575256348;
2503173076.9246154;11.566934585571289;
2504775641.0271792;11.586099624633789;
2506378205.1297436;11.543779373168945;
2507980769.2323074;11.564211845397949;
2509583333.3348718;11.576602935791016;
2511185897.4374356;11.57658863067627;
2512788461.54;11.584572792053223;
2514391025.6425638;11.58397388458252;
2515993589.7451282;11.607783317565918;
2517596153.847692;11.598624229431152;
2519198717.9502563;11.634145736694336;
2520801282.0528207;11.640034675598145;
2522403846.1553845;11.633706092834473;
2524006410.2579489;11.616142272949219;
2525608974.3605127;11.638678550720215;
2527211538.4630771;11.641757965087891;
2528814102.5656409;11.647038459777832;
2530416666.6682053;11.66121768951416;
2532019230.7707691;11.661218643188477;
2533621794.8733335;11.640220642089844;
2535224358.9758973;11.625736236572266;
2536826923.0784616;11.638978958129883;
2538429487.1810255;11.655200958251953;
2540032051.2835898;11.650899887084961;
2541634615.3861537;11.630533218383789;
2543237179.488718;11.592327117919922;
2544839743.5912819;11.613228797912598;
2546442307.6938462;11.600590705871582;
2548044871.7964101;11.601190567016602;
2549647435.8989744;11.594736099243164;
2551250000.0015383;11.568448066711426;
2552852564.1041026;11.557616233825684;
2554455128.2066665;11.575823783874512;
2556057692.3092308;11.56450366973877;
2557660256.4117947;11.589330673217773;
2559262820.514359;11.577693939208984;
2560865384.6169229;11.59345817565918;
2562467948.7194872;11.589136123657227;
2564070512.822051;11.581841468811035;
2565673076.9246154;11.44141674041748;
2567275641.0271792;10.608476638793945;
2568878205.1297436;9.3628292083740234;
2570480769.2323074;7.0388641357421875;
2572083333.3348718;0.48402488231658936;
2573685897.4374356;-8.0853662490844727;
2575288461.54;-10.843784332275391;
2576891025.6425638;-12.936166763305664;
2578493589.7451282;-13.290914535522461;
2580096153.847692;-13.180763244628906;
2581698717.9502563;-13.169735908508301;
2583301282.0528207;-13.087822914123535;
2584903846.1553845;-12.901540756225586;
2586506410.2579489;-13.268109321594238;
2588108974.3605127;-13.270723342895508;
2589711538.4630771;-13.415063858032227;
2591314102.5656409;-13.630393028259277;
2592916666.6682053;-13.710762977600098;
2594519230.7707691;-13.697310447692871;
2596121794.8733335;-13.728403091430664;
2597724358.9758973;-13.784225463867188;
2599326923.0784616;-13.756531715393066;
2600929487.1810255;-13.773613929748535;
2602532051.2835898;-13.837950706481934;
2604134615.3861537;-13.793700218200684;
2605737179.488718;-13.889692306518555;
2607339743.5912819;-13.891069412231445;
2608942307.6938462;-13.908839225769043;
2610544871.7964101;-13.905250549316406;
2612147435.8989744;-13.951719284057617;
2613750000.0015383;-13.904953002929688;
2615352564.1041026;-13.983607292175293;
2616955128.2066665;-13.945014953613281;
2618557692.3092308;-13.974843978881836;
2620160256.4117947;-13.947829246520996;
2621762820.514359;-13.953152656555176;
2623365384.6169229;-13.956418037414551;
2624967948.7194872;-13.978279113769531;
2626570512.822051;-14.024978637695312;
2628173076.9246154;-14.048604965209961;
2629775641.0271792;-14.046909332275391;
2631378205.1297436;-14.044734001159668;
2632980769.2323074;-14.064176559448242;
2634583333.3348718;-14.074913024902344;
2636185897.4374356;-14.084386825561523;
2637788461.54;-14.106647491455078;
2639391025.6425638;-14.065089225769043;
2640993589.7451282;-14.060014724731445;
2642596153.847692;-14.089479446411133;
2644198717.9502563;-14.05784797668457;
2645801282.0528207;-14.035185813903809;
2647403846.1553845;-14.032607078552246;
2649006410.2579489;-14.054117202758789;
2650608974.3605127;-14.069664001464844;
2652211538.4630771;-14.052130699157715;
2653814102.5656409;-14.047686576843262;
2655416666.6682053;-14.033886909484863;
2657019230.7707691;-14.018829345703125;
2658621794.8733335;-14.035831451416016;
2660224358.9758973;-14.042962074279785;
2661826923.0784616;-14.04326343536377;
2663429487.1810255;-14.01619815826416;
2665032051.2835898;-14.041718482971191;
2666634615.3861537;-13.998058319091797;
2668237179.488718;-13.986129760742188;
2669839743.5912819;-13.971023559570312;
2671442307.6938462;-13.918872833251953;
2673044871.7964101;-13.984871864318848;
2674647435.8989744;-13.965993881225586;
2676250000.0015383;-13.881564140319824;
2677852564.1041026;-13.91856861114502;
2679455128.2066665;-13.907196044921875;
2681057692.3092308;-13.92000675201416;
2682660256.4117947;-13.916110992431641;
2684262820.514359;-13.885299682617188;
2685865384.6169229;-13.908791542053223;
2687467948.7194872;-13.87485408782959;
2689070512.822051;-13.84166145324707;
2690673076.9246154;-13.80384635925293;
2692275641.0271792;-13.81787109375;
2693878205.1297436;-13.854466438293457;
2695480769.2323074;-13.848118782043457;
2697083333.3348718;-13.817606925964355;
2698685897.4374356;-13.842926025390625;
2700288461.54;-13.80418586730957;
2701891025.6425638;-13.74334716796875;
2703493589.7451282;-13.809130668640137;
2705096153.847692;-13.823380470275879;
2706698717.9502563;-13.763811111450195;
2708301282.0528207;-13.733908653259277;
2709903846.1553845;-13.743088722229004;
2711506410.2579489;-13.726527214050293;
2713108974.3605127;-13.756185531616211;
2714711538.4630771;-13.724297523498535;
2716314102.5656409;-13.756190299987793;
2717916666.6682053;-13.736419677734375;
2719519230.7707691;-13.717654228210449;
2721121794.8733335;-13.737288475036621;
2722724358.9758973;-13.705978393554688;
2724326923.0784616;-13.688663482666016;
2725929487.1810255;-13.714199066162109;
2727532051.2835898;-13.692990303039551;
2729134615.3861537;-13.728251457214355;
2730737179.488718;-13.704728126525879;
2732339743.5912819;-13.669400215148926;
2733942307.6938462;-13.710341453552246;
2735544871.7964101;-13.701271057128906;
2737147435.8989744;-13.715309143066406;
2738750000.0015383;-13.673245429992676;
2740352564.1041026;-13.704150199890137;
2741955128.2066665;-13.705661773681641;
2743557692.3092308;-13.702098846435547;
2745160256.4117947;-13.645298004150391;
2746762820.514359;-13.689391136169434;
2748365384.6169229;-13.655473709106445;
2749967948.7194872;-13.670665740966797;
2751570512.822051;-13.625211715698242;
2753173076.9246154;-13.689723014831543;
2754775641.0271792;-13.668338775634766;
2756378205.1297436;-13.678691864013672;
2757980769.2323074;-13.65028190612793;
2759583333.3348718;-13.638325691223145;
2761185897.4374356;-13.62370491027832;
2762788461.54;-13.654830932617187;
2764391025.6425638;-13.685733795166016;
2765993589.7451282;-13.63866138458252;
2767596153.847692;-13.696585655212402;
2769198717.9502563;-13.674149513244629;
2770801282.0528202;-13.71955394744873;
2772403846.1553845;-13.655245780944824;
2774006410.2579489;-13.661070823669434;
2775608974.3605127;-13.696804046630859;
2777211538.4630771;-13.695964813232422;
2778814102.5656409;-13.69495964050293;
2780416666.6682053;-13.670320510864258;
2782019230.7707691;-13.695696830749512;
2783621794.8733335;-13.728033065795898;
2785224358.9758973;-13.676202774047852;
2786826923.0784616;-13.69249153137207;
2788429487.1810255;-13.749822616577148;
2790032051.2835898;-13.746060371398926;
2791634615.3861537;-13.776948928833008;
2793237179.488718;-13.791229248046875;
2794839743.5912819;-13.798151969909668;
2796442307.6938462;-13.742388725280762;
2798044871.7964101;-13.81761646270752;
2799647435.8989744;-13.800227165222168;
2801250000.0015383;-13.846366882324219;
2802852564.1041026;-13.85649585723877;
2804455128.2066665;-13.860101699829102;
2806057692.3092308;-13.881096839904785;
2807660256.4117947;-13.86574649810791;
2809262820.514359;-13.841693878173828;
2810865384.6169229;-13.909957885742188;
2812467948.7194872;-13.866948127746582;
2814070512.822051;-13.86988639831543;
2815673076.9246154;-13.936341285705566;
2817275641.0271792;-13.914033889770508;
2818878205.1297436;-13.934720993041992;
2820480769.2323074;-13.988834381103516;
2822083333.3348718;-13.934767723083496;
2823685897.4374356;-13.946877479553223;
2825288461.54;-14.014663696289063;
2826891025.6425638;-13.933221817016602;
2828493589.7451282;-13.979707717895508;
2830096153.847692;-13.944597244262695;
2831698717.9502563;-13.952667236328125;
2833301282.0528202;-14.029629707336426;
2834903846.1553845;-14.014369010925293;
2836506410.2579489;-14.031486511230469;
2838108974.3605127;-14.035107612609863;
2839711538.4630771;-14.08781623840332;
2841314102.5656409;-14.070816040039063;
2842916666.6682053;-14.046142578125;
2844519230.7707691;-14.045759201049805;
2846121794.8733335;-14.077569961547852;
2847724358.9758973;-14.11358642578125;
2849326923.0784616;-14.116883277893066;
2850929487.1810255;-14.142255783081055;
2852532051.2835898;-14.131592750549316;
2854134615.3861537;-14.124346733093262;
2855737179.488718;-14.135374069213867;
2857339743.5912819;-14.156625747680664;
2858942307.6938462;-14.188993453979492;
2860544871.7964101;-14.174030303955078;
2862147435.8989744;-14.21171760559082;
2863750000.0015383;-14.215370178222656;
2865352564.1041026;-14.235714912414551;
2866955128.2066665;-14.220739364624023;
2868557692.3092308;-14.21007251739502;
2870160256.4117947;-14.265976905822754;
2871762820.514359;-14.235702514648438;
2873365384.6169229;-14.241129875183105;
2874967948.7194872;-14.292756080627441;
2876570512.822051;-14.292823791503906;
2878173076.9246154;-14.269792556762695;
2879775641.0271792;-14.272809028625488;
2881378205.1297436;-14.341775894165039;
2882980769.2323074;-14.347564697265625;
2884583333.3348718;-14.365475654602051;
2886185897.4374356;-14.365626335144043;
2887788461.54;-14.320770263671875;
2889391025.6425638;-14.300162315368652;
2890993589.7451282;-14.318863868713379;
2892596153.847692;-14.355056762695313;
2894198717.9502563;-14.272799491882324;
2895801282.0528202;-14.28380012512207;
2897403846.1553845;-14.276721000671387;
2899006410.2579489;-14.256924629211426;
2900608974.3605127;-14.228703498840332;
2902211538.4630771;-14.1881103515625;
2903814102.5656409;-14.164377212524414;
2905416666.6682053;-14.163029670715332;
2907019230.7707691;-14.204032897949219;
2908621794.8733335;-14.178128242492676;
2910224358.9758973;-14.132669448852539;
2911826923.0784616;-14.182024002075195;
2913429487.1810255;-14.203656196594238;
2915032051.2835898;-14.140289306640625;
2916634615.3861537;-14.185369491577148;
2918237179.488718;-14.165650367736816;
2919839743.5912819;-14.14972972869873;
2921442307.6938462;-14.199722290039063;
2923044871.7964101;-14.185237884521484;
2924647435.8989744;-14.174604415893555;
2926250000.0015383;-14.189177513122559;
2927852564.1041026;-14.133316993713379;
2929455128.2066665;-14.133111953735352;
2931057692.3092308;-14.182919502258301;
2932660256.4117947;-14.198030471801758;
2934262820.514359;-14.212889671325684;
2935865384.6169229;-14.252906799316406;
2937467948.7194872;-14.171339988708496;
2939070512.822051;-14.240988731384277;
2940673076.9246154;-14.278361320495605;
2942275641.0271792;-14.258611679077148;
2943878205.1297436;-14.17475700378418;
2945480769.2323074;-14.162785530090332;
2947083333.3348718;-14.205791473388672;
2948685897.4374356;-14.155391693115234;
2950288461.54;-14.23583984375;
