Type;ESU;
Version;4.43;
Date;03.Jun 16;
Mode;ANALYZER;
Center Freq;2434262820.514000;Hz
Freq Offset;0.000000;Hz
Span;100000000.000000;Hz
x-Axis;LIN;
Start;2384262820.514000;Hz
Stop;2484262820.514000;Hz
Ref Level;-9.000000;dBm
Level Offset;0.000000;dB
Ref Position;100.000000;%
y-Axis;LOG;
Level Range;100.000000;dB
Rf Att;5.000000;dB
RBW;2000000.000000;Hz
VBW;50.000000;Hz
SWT;2.500000;s
Trace Mode;CLR/WRITE;
Detector;RMS;
Sweep Count;0;
Trace 1:;;
x-Unit;Hz;
y-Unit;dBm;
Values;625;
2384262820.5139999;-85.75177001953125;
2384423076.9242563;-85.743141174316406;
2384583333.3345127;-85.712265014648437;
2384743589.7447691;-85.714187622070313;
2384903846.1550255;-85.708412170410156;
2385064102.5652819;-85.727684020996094;
2385224358.9755383;-85.733482360839844;
2385384615.3857946;-85.72833251953125;
2385544871.796051;-85.746726989746094;
2385705128.2063074;-85.716117858886719;
2385865384.6165643;-85.712905883789063;
2386025641.0268207;-85.713638305664063;
2386185897.437077;-85.718025207519531;
2386346153.8473334;-85.698226928710937;
2386506410.2575898;-85.708404541015625;
2386666666.6678462;-85.711189270019531;
2386826923.0781026;-85.707015991210937;
2386987179.488359;-85.716331481933594;
2387147435.8986154;-85.710334777832031;
2387307692.3088717;-85.7296142578125;
2387467948.7191281;-85.708412170410156;
2387628205.1293845;-85.708412170410156;
2387788461.5396409;-85.735404968261719;
2387948717.9498973;-85.708389282226563;
2388108974.3601537;-85.708412170410156;
2388269230.7704101;-85.712265014648437;
2388429487.1806664;-85.708412170410156;
2388589743.5909228;-85.693000793457031;
2388750000.0011792;-85.712257385253906;
2388910256.4114356;-85.716117858886719;
2389070512.8216925;-85.721900939941406;
2389230769.2319489;-85.700660705566406;
2389391025.6422052;-85.710334777832031;
2389551282.0524616;-85.698776245117188;
2389711538.462718;-85.700698852539063;
2389871794.8729744;-85.702613830566406;
2390032051.2832308;-85.716102600097656;
2390192307.6934872;-85.708412170410156;
2390352564.1037436;-85.714179992675781;
2390512820.5139999;-85.64697265625;
2390673076.9242563;-85.635513305664063;
2390833333.3345127;-85.660377502441406;
2390993589.7447691;-85.633590698242188;
2391153846.1550255;-85.646965026855469;
2391314102.5652819;-85.658454895019531;
2391474358.9755383;-85.689155578613281;
2391634615.3857946;-85.70648193359375;
2391794871.796051;-85.708412170410156;
2391955128.2063074;-85.698776245117188;
2392115384.6165643;-85.700691223144531;
2392275641.0268207;-85.683387756347656;
2392435897.437077;-85.675712585449219;
2392596153.8473334;-85.710319519042969;
2392756410.2575898;-85.677627563476562;
2392916666.6678462;-85.694915771484375;
2393076923.0781026;-85.669914245605469;
2393237179.488359;-85.606887817382812;
2393397435.8986154;-85.635482788085937;
2393557692.3088717;-85.6527099609375;
2393717948.7191281;-85.637420654296875;
2393878205.1293845;-85.677536010742187;
2394038461.5396409;-85.696846008300781;
2394198717.9498973;-85.687232971191406;
2394358974.3601537;-85.700691223144531;
2394519230.7704101;-85.708412170410156;
2394679487.1806664;-85.696830749511719;
2394839743.5909228;-85.634681701660156;
2395000000.0011792;-85.625968933105469;
2395160256.4114356;-85.625961303710938;
2395320512.8216925;-85.637420654296875;
2395480769.2319489;-85.627876281738281;
2395641025.6422052;-85.633590698242188;
2395801282.0524616;-85.624061584472656;
2395961538.462718;-85.625961303710938;
2396121794.8729744;-85.61749267578125;
2396282051.2832308;-85.623786926269531;
2396442307.6934872;-85.6395263671875;
2396602564.1037436;-85.696014404296875;
2396762820.5139999;-85.704338073730469;
2396923076.9242563;-85.671890258789063;
2397083333.3345127;-85.643150329589844;
2397243589.7447691;-85.6202392578125;
2397403846.1550255;-85.635498046875;
2397564102.5652819;-85.668045043945313;
2397724358.9755383;-85.666114807128906;
2397884615.3857946;-85.693008422851562;
2398044871.796051;-85.687217712402344;
2398205128.2063074;-85.620223999023437;
2398365384.6165643;-85.620246887207031;
2398525641.0268207;-85.585968017578125;
2398685897.437077;-85.645072937011719;
2398846153.8473334;-85.614517211914062;
2399006410.2575898;-85.627876281738281;
2399166666.6678462;-85.629776000976563;
2399326923.0781026;-85.618339538574219;
2399487179.488359;-85.629776000976563;
2399647435.8986154;-85.694900512695312;
2399807692.3088717;-85.622154235839844;
2399967948.7191281;-85.601181030273438;
2400128205.1293845;-85.631690979003906;
2400288461.5396409;-85.622138977050781;
2400448717.9498973;-85.627876281738281;
2400608974.3601537;-85.616432189941406;
2400769230.7704101;-85.637413024902344;
2400929487.1806664;-85.631668090820312;
2401089743.5909228;-85.656517028808594;
2401250000.0011792;-85.622146606445313;
2401410256.4114356;-85.610710144042969;
2401570512.8216925;-85.616432189941406;
2401730769.2319489;-85.631690979003906;
2401891025.6422052;-85.627876281738281;
2402051282.0524616;-85.639328002929688;
2402211538.462718;-85.637420654296875;
2402371794.8729744;-85.629753112792969;
2402532051.2832308;-85.625968933105469;
2402692307.6934872;-85.614524841308594;
2402852564.1037436;-85.622146606445313;
2403012820.5139999;-85.576431274414063;
2403173076.9242563;-85.57269287109375;
2403333333.3345127;-85.595451354980469;
2403493589.7447691;-85.627876281738281;
2403653846.1550255;-85.616424560546875;
2403814102.5652819;-85.646980285644531;
2403974358.9755383;-85.643150329589844;
2404134615.3857946;-85.658462524414062;
2404294871.796051;-85.675712585449219;
2404455128.2063074;-85.683387756347656;
2404615384.6165643;-85.694931030273438;
2404775641.0268207;-85.646980285644531;
2404935897.437077;-85.597381591796875;
2405096153.8473334;-85.618339538574219;
2405256410.2575898;-85.620246887207031;
2405416666.6678462;-85.616432189941406;
2405576923.0781026;-85.643142700195313;
2405737179.488359;-85.645072937011719;
2405897435.8986154;-85.648025512695313;
2406057692.3088717;-85.625961303710938;
2406217948.7191281;-85.671859741210938;
2406378205.1293845;-85.636138916015625;
2406538461.5396409;-85.6202392578125;
2406698717.9498973;-85.649925231933594;
2406858974.3601537;-85.663352966308594;
2407019230.7704101;-85.635513305664063;
2407179487.1806664;-85.677635192871094;
2407339743.5909228;-85.635513305664063;
2407500000.0011792;-85.622146606445313;
2407660256.4114356;-85.654617309570313;
2407820512.8216925;-85.700706481933594;
2407980769.2319489;-85.700698852539063;
2408141025.6422052;-85.650810241699219;
2408301282.0524616;-85.643150329589844;
2408461538.462718;-85.627861022949219;
2408621794.8729744;-85.6929931640625;
2408782051.2832308;-85.6412353515625;
2408942307.6934872;-85.643089294433594;
2409102564.1037436;-85.694931030273438;
2409262820.5139999;-85.725746154785156;
2409423076.9242563;-85.664115905761719;
2409583333.3345127;-85.622146606445313;
2409743589.7447691;-85.635498046875;
2409903846.1550255;-85.691085815429687;
2410064102.5652819;-85.282180786132813;
2410224358.9755383;-85.412277221679688;
2410384615.3857946;-85.599288940429688;
2410544871.796051;-85.639289855957031;
2410705128.2063074;-85.696861267089844;
2410865384.6165643;-84.990470886230469;
2411025641.0268207;-85.225234985351563;
2411185897.437077;-85.56878662109375;
2411346153.8473334;-85.660369873046875;
2411506410.2575898;-85.656524658203125;
2411666666.6678462;-85.69683837890625;
2411826923.0781026;-85.718017578125;
2411987179.488359;-85.677635192871094;
2412147435.8986154;-85.694931030273438;
2412307692.3088717;-85.708404541015625;
2412467948.7191281;-85.704551696777344;
2412628205.1293845;-85.668045043945313;
2412788461.5396409;-85.64697265625;
2412948717.9498973;-85.668037414550781;
2413108974.3601537;-85.68914794921875;
2413269230.7704101;-85.68914794921875;
2413429487.1806664;-85.668052673339844;
2413589743.5909228;-85.66229248046875;
2413750000.0011792;-85.649986267089844;
2413910256.4114356;-85.704544067382812;
2414070512.8216925;-85.704551696777344;
2414230769.2319489;-85.685317993164063;
2414391025.6422052;-85.710311889648438;
2414551282.0524616;-85.708412170410156;
2414711538.462718;-85.710334777832031;
2414871794.8729744;-85.714187622070313;
2415032051.2832308;-85.70648193359375;
2415192307.6934872;-85.708412170410156;
2415352564.1037436;-85.706474304199219;
2415512820.5139999;-85.712265014648437;
2415673076.9242563;-85.702613830566406;
2415833333.3345127;-85.712257385253906;
2415993589.7447691;-85.710334777832031;
2416153846.1550255;-85.702629089355469;
2416314102.5652819;-85.658462524414062;
2416474358.9755383;-85.654617309570313;
2416634615.3857946;-85.650772094726563;
2416794871.796051;-85.719970703125;
2416955128.2063074;-85.704559326171875;
2417115384.6165643;-85.694923400878906;
2417275641.0268207;-85.714187622070313;
2417435897.437077;-85.677574157714844;
2417596153.8473334;-85.656517028808594;
2417756410.2575898;-85.696853637695313;
2417916666.6678462;-85.685325622558594;
2418076923.0781026;-85.6527099609375;
2418237179.488359;-85.702629089355469;
2418397435.8986154;-85.714187622070313;
2418557692.3088717;-85.71142578125;
2418717948.7191281;-85.708404541015625;
2418878205.1293845;-85.710334777832031;
2419038461.5396409;-85.68914794921875;
2419198717.9498973;-85.7296142578125;
2419358974.3601537;-85.70648193359375;
2419519230.7704101;-85.708412170410156;
2419679487.1806664;-85.673797607421875;
2419839743.5909228;-85.658462524414062;
2420000000.0011792;-85.70648193359375;
2420160256.4114356;-85.706474304199219;
2420320512.8216925;-85.708412170410156;
2420480769.2319489;-85.708412170410156;
2420641025.6422052;-85.70703125;
2420801282.0524616;-85.702629089355469;
2420961538.462718;-85.708412170410156;
2421121794.8729744;-85.681427001953125;
2421282051.2832308;-85.673789978027344;
2421442307.6934872;-85.700698852539063;
2421602564.1037436;-85.683380126953125;
2421762820.5139999;-85.65655517578125;
2421923076.9242563;-85.681465148925781;
2422083333.3345127;-85.677635192871094;
2422243589.7447691;-85.704551696777344;
2422403846.1550255;-85.710334777832031;
2422564102.5652819;-85.674079895019531;
2422724358.9755383;-85.682113647460937;
2422884615.3857946;-85.709236145019531;
2423044871.796051;-85.694931030273438;
2423205128.2063074;-85.650764465332031;
2423365384.6165643;-85.687217712402344;
2423525641.0268207;-85.681472778320312;
2423685897.437077;-85.712265014648437;
2423846153.8473334;-85.677635192871094;
2424006410.2575898;-85.668045043945313;
2424166666.6678462;-85.675712585449219;
2424326923.0781026;-85.700706481933594;
2424487179.488359;-85.714187622070313;
2424647435.8986154;-85.702629089355469;
2424807692.3088717;-85.700691223144531;
2424967948.7191281;-85.702629089355469;
2425128205.1293845;-85.698783874511719;
2425288461.5396409;-85.702629089355469;
2425448717.9498973;-85.67572021484375;
2425608974.3601537;-85.689170837402344;
2425769230.7704101;-85.716117858886719;
2425929487.1806664;-85.70648193359375;
2426089743.5909228;-85.70648193359375;
2426250000.0011792;-85.718040466308594;
2426410256.4114356;-85.716117858886719;
2426570512.8216925;-85.718040466308594;
2426730769.2319489;-85.708412170410156;
2426891025.6422052;-85.671882629394531;
2427051282.0524616;-85.702629089355469;
2427211538.462718;-85.6929931640625;
2427371794.8729744;-85.704551696777344;
2427532051.2832308;-85.712257385253906;
2427692307.6934872;-85.689163208007813;
2427852564.1037436;-85.627799987792969;
2428012820.5139999;-85.689155578613281;
2428173076.9242563;-85.417953491210937;
2428333333.3345127;-85.572700500488281;
2428493589.7447691;-84.953536987304688;
2428653846.1550255;-85.25408935546875;
2428814102.5652819;-84.095527648925781;
2428974358.9755383;-84.515899658203125;
2429134615.3857946;-82.675018310546875;
2429294871.796051;-83.224876403808594;
2429455128.2063074;-80.662361145019531;
2429615384.6165643;-80.806282043457031;
2429775641.0268207;-76.896194458007812;
2429935897.437077;-77.083953857421875;
2430096153.8473334;-73.447898864746094;
2430256410.2575898;-73.942123413085938;
2430416666.6678462;-70.202407836914063;
2430576923.0781026;-69.846885681152344;
2430737179.488359;-66.702911376953125;
2430897435.8986154;-66.700935363769531;
2431057692.3088717;-63.859596252441406;
2431217948.7191281;-63.525283813476563;
2431378205.1293845;-59.893936157226563;
2431538461.5396409;-59.819412231445313;
2431698717.9498973;-57.210494995117188;
2431858974.3601537;-57.287521362304687;
2432019230.7704101;-54.504772186279297;
2432179487.1806664;-53.717391967773438;
2432339743.5909228;-51.401618957519531;
2432500000.0011792;-50.977272033691406;
2432660256.4114356;-48.927841186523438;
2432820512.8216925;-48.0296630859375;
2432980769.2319489;-45.919864654541016;
2433141025.6422052;-45.424995422363281;
2433301282.0524616;-43.942890167236328;
2433461538.462718;-43.359477996826172;
2433621794.8729744;-42.121536254882813;
2433782051.2832308;-41.156791687011719;
2433942307.6934872;-40.636249542236328;
2434102564.1037436;-40.073860168457031;
2434262820.5139999;-39.770702362060547;
2434423076.9242563;-39.277603149414062;
2434583333.3345127;-39.322299957275391;
2434743589.7447691;-39.235477447509766;
2434903846.1550255;-39.685508728027344;
2435064102.5652819;-39.69024658203125;
2435224358.9755383;-40.489883422851563;
2435384615.3857946;-41.200149536132813;
2435544871.796051;-41.903949737548828;
2435705128.2063074;-42.733665466308594;
2435865384.6165643;-43.386936187744141;
2436025641.0268207;-44.778297424316406;
2436185897.437077;-46.067024230957031;
2436346153.8473334;-47.069389343261719;
2436506410.2575898;-48.318450927734375;
2436666666.6678462;-49.260692596435547;
2436826923.0781026;-50.769962310791016;
2436987179.488359;-52.685264587402344;
2437147435.8986154;-53.505527496337891;
2437307692.3088717;-54.889934539794922;
2437467948.7191281;-55.719287872314453;
2437628205.1293845;-57.654552459716797;
2437788461.5396409;-59.116958618164062;
2437948717.9498973;-60.501277923583984;
2438108974.3601537;-61.46368408203125;
2438269230.7704101;-62.862274169921875;
2438429487.1806664;-64.218254089355469;
2438589743.5909228;-66.332862854003906;
2438750000.0011792;-66.876136779785156;
2438910256.4114356;-68.415458679199219;
2439070512.8216925;-69.149063110351563;
2439230769.2319489;-71.321441650390625;
2439391025.6422052;-72.697113037109375;
2439551282.0524616;-74.199874877929687;
2439711538.462718;-75.142860412597656;
2439871794.8729744;-76.691276550292969;
2440032051.2832308;-78.164321899414063;
2440192307.6934872;-80.289222717285156;
2440352564.1037436;-81.069877624511719;
2440512820.5139999;-82.363990783691406;
2440673076.9242563;-83.041084289550781;
2440833333.3345127;-84.176788330078125;
2440993589.7447691;-84.881645202636719;
2441153846.1550255;-85.161239624023438;
2441314102.5652819;-85.311004638671875;
2441474358.9755383;-85.466972351074219;
2441634615.3857946;-85.58587646484375;
2441794871.796051;-85.702621459960937;
2441955128.2063074;-85.725753784179688;
2442115384.6165643;-85.748939514160156;
2442275641.0268207;-85.7296142578125;
2442435897.437077;-85.778007507324219;
2442596153.8473334;-85.807205200195313;
2442756410.2575898;-85.863899230957031;
2442916666.6678462;-85.822769165039063;
2443076923.0781026;-85.805267333984375;
2443237179.488359;-85.786636352539062;
2443397435.8986154;-85.826713562011719;
2443557692.3088717;-85.816963195800781;
2443717948.7191281;-85.797439575195313;
2443878205.1293845;-85.816963195800781;
2444038461.5396409;-85.81890869140625;
2444198717.9498973;-85.828666687011719;
2444358974.3601537;-85.81500244140625;
2444519230.7704101;-85.82086181640625;
2444679487.1806664;-85.803314208984375;
2444839743.5909228;-85.82476806640625;
2445000000.0011792;-85.82086181640625;
2445160256.4114356;-85.799407958984375;
2445320512.8216925;-84.145050048828125;
2445480769.2319489;-84.027862548828125;
2445641025.6422052;-84.296165466308594;
2445801282.0524616;-84.347206115722656;
2445961538.462718;-84.447288513183594;
2446121794.8729744;-85.271774291992188;
2446282051.2832308;-85.671821594238281;
2446442307.6934872;-85.762168884277344;
2446602564.1037436;-85.824752807617188;
2446762820.5139999;-85.803306579589844;
2446923076.9242563;-85.81890869140625;
2447083333.3345127;-85.816963195800781;
2447243589.7447691;-85.813056945800781;
2447403846.1550255;-85.826713562011719;
2447564102.5652819;-85.824760437011719;
2447724358.9755383;-85.816963195800781;
2447884615.3857946;-85.81890869140625;
2448044871.796051;-85.81695556640625;
2448205128.2063074;-85.822799682617188;
2448365384.6165643;-85.813041687011719;
2448525641.0268207;-85.779960632324219;
2448685897.437077;-85.81890869140625;
2448846153.8473334;-85.821510314941406;
2449006410.2575898;-85.811103820800781;
2449166666.6678462;-85.833663940429687;
2449326923.0781026;-85.376106262207031;
2449487179.488359;-79.26531982421875;
2449647435.8986154;-74.836235046386719;
2449807692.3088717;-73.907081604003906;
2449967948.7191281;-73.299110412597656;
2450128205.1293845;-74.510589599609375;
2450288461.5396409;-80.798324584960938;
2450448717.9498973;-84.265480041503906;
2450608974.3601537;-85.433723449707031;
2450769230.7704101;-85.716102600097656;
2450929487.1806664;-85.816932678222656;
2451089743.5909228;-85.801368713378906;
2451250000.0011792;-85.826591491699219;
2451410256.4114356;-85.824752807617188;
2451570512.8216925;-85.82086181640625;
2451730769.2319489;-85.799400329589844;
2451891025.6422052;-85.834526062011719;
2452051282.0524616;-85.813056945800781;
2452211538.462718;-85.818901062011719;
2452371794.8729744;-85.81890869140625;
2452532051.2832308;-85.81500244140625;
2452692307.6934872;-85.81304931640625;
2452852564.1037436;-85.820854187011719;
2453012820.5139999;-85.82281494140625;
2453173076.9242563;-85.83258056640625;
2453333333.3345127;-85.84039306640625;
2453493589.7447691;-82.164703369140625;
2453653846.1550255;-74.675727844238281;
2453814102.5652819;-76.318077087402344;
2453974358.9755383;-82.317207336425781;
2454134615.3857946;-84.860237121582031;
2454294871.796051;-85.579841613769531;
2454455128.2063074;-85.774070739746094;
2454615384.6165643;-85.82672119140625;
2454775641.0268207;-85.816963195800781;
2454935897.437077;-85.824981689453125;
2455096153.8473334;-85.853523254394531;
2455256410.2575898;-85.852767944335938;
2455416666.6678462;-85.830619812011719;
2455576923.0781026;-85.852134704589844;
2455737179.488359;-85.83062744140625;
2455897435.8986154;-85.82086181640625;
2456057692.3088717;-85.81500244140625;
2456217948.7191281;-85.830619812011719;
2456378205.1293845;-85.811103820800781;
2456538461.5396409;-85.824760437011719;
2456698717.9498973;-85.822799682617188;
2456858974.3601537;-85.809158325195313;
2457019230.7704101;-85.82476806640625;
2457179487.1806664;-85.834518432617188;
2457339743.5909228;-85.822807312011719;
2457500000.0011792;-85.762474060058594;
2457660256.4114356;-85.809112548828125;
2457820512.8216925;-85.826705932617188;
2457980769.2319489;-85.844276428222656;
2458141025.6422052;-85.85015869140625;
2458301282.0524616;-85.87567138671875;
2458461538.462718;-85.87762451171875;
2458621794.8729744;-85.824752807617188;
2458782051.2832308;-85.820808410644531;
2458942307.6934872;-85.907150268554688;
2459102564.1037436;-85.869651794433594;
2459262820.5139999;-85.82476806640625;
2459423076.9242563;-85.859970092773437;
2459583333.3345127;-85.834503173828125;
2459743589.7447691;-85.832572937011719;
2459903846.1550255;-85.848213195800781;
2460064102.5652819;-85.887458801269531;
2460224358.9755383;-85.905181884765625;
2460384615.3857946;-85.899269104003906;
2460544871.796051;-85.873710632324219;
2460705128.2063074;-85.828651428222656;
2460865384.6165643;-85.82281494140625;
2461025641.0268207;-85.852134704589844;
2461185897.437077;-85.859977722167969;
2461346153.8473334;-85.893356323242187;
2461506410.2575898;-85.899269104003906;
2461666666.6678462;-85.84429931640625;
2461826923.0781026;-85.832572937011719;
2461987179.488359;-85.82672119140625;
2462147435.8986154;-85.83258056640625;
2462307692.3088717;-85.859970092773437;
2462467948.7191281;-85.881568908691406;
2462628205.1293845;-85.879600524902344;
2462788461.5396409;-85.893348693847656;
2462948717.9498973;-85.911094665527344;
2463108974.3601537;-85.918983459472656;
2463269230.7704101;-85.913063049316406;
2463429487.1806664;-85.875679016113281;
2463589743.5909228;-85.891357421875;
2463750000.0011792;-85.918983459472656;
2463910256.4114356;-85.885490417480469;
2464070512.8216925;-85.901237487792969;
2464230769.2319489;-85.905181884765625;
2464391025.6422052;-85.9150390625;
2464551282.0524616;-85.897300720214844;
2464711538.462718;-85.9031982421875;
2464871794.8729744;-85.909126281738281;
2465032051.2832308;-85.917007446289062;
2465192307.6934872;-85.913055419921875;
2465352564.1037436;-85.901237487792969;
2465512820.5139999;-85.911087036132812;
2465673076.9242563;-85.87762451171875;
2465833333.3345127;-85.917007446289062;
2465993589.7447691;-85.913055419921875;
2466153846.1550255;-85.907150268554688;
2466314102.5652819;-85.9031982421875;
2466474358.9755383;-85.928855895996094;
2466634615.3857946;-85.911087036132812;
2466794871.796051;-85.924903869628906;
2466955128.2063074;-85.913063049316406;
2467115384.6165643;-85.924911499023438;
2467275641.0268207;-85.893333435058594;
2467435897.437077;-85.913063049316406;
2467596153.8473334;-85.926872253417969;
2467756410.2575898;-85.913063049316406;
2467916666.6678462;-85.922927856445312;
2468076923.0781026;-85.922935485839844;
2468237179.488359;-85.907150268554688;
2468397435.8986154;-85.922927856445312;
2468557692.3088717;-85.917007446289062;
2468717948.7191281;-85.92291259765625;
2468878205.1293845;-85.903205871582031;
2469038461.5396409;-85.922927856445312;
2469198717.9498973;-85.901237487792969;
2469358974.3601537;-85.90911865234375;
2469519230.7704101;-85.887458801269531;
2469679487.1806664;-85.895332336425781;
2469839743.5909228;-85.909126281738281;
2470000000.0011792;-85.905166625976563;
2470160256.4114356;-85.897293090820313;
2470320512.8216925;-85.905174255371094;
2470480769.2319489;-85.895332336425781;
2470641025.6422052;-85.9150390625;
2470801282.0524616;-85.92095947265625;
2470961538.462718;-85.901679992675781;
2471121794.8729744;-85.909683227539062;
2471282051.2832308;-85.908683776855469;
2471442307.6934872;-85.893905639648438;
2471602564.1037436;-85.909126281738281;
2471762820.5139999;-85.911094665527344;
2471923076.9242563;-85.89532470703125;
2472083333.3345127;-85.9150390625;
2472243589.7447691;-85.905143737792969;
2472403846.1550255;-85.873672485351563;
2472564102.5652819;-85.909126281738281;
2472724358.9755383;-85.911094665527344;
2472884615.3857946;-85.911087036132812;
2473044871.796051;-85.897300720214844;
2473205128.2063074;-85.913063049316406;
2473365384.6165643;-85.913063049316406;
2473525641.0268207;-85.913063049316406;
2473685897.437077;-85.917015075683594;
2473846153.8473334;-85.875656127929688;
2474006410.2575898;-85.842353820800781;
2474166666.6678462;-85.842353820800781;
2474326923.0781026;-85.863883972167969;
2474487179.488359;-85.836479187011719;
2474647435.8986154;-85.84234619140625;
2474807692.3088717;-85.873710632324219;
2474967948.7191281;-85.885475158691406;
2475128205.1293845;-85.909111022949219;
2475288461.5396409;-85.901237487792969;
2475448717.9498973;-85.822769165039063;
2475608974.3601537;-85.857978820800781;
2475769230.7704101;-85.877616882324219;
2475929487.1806664;-85.826713562011719;
2476089743.5909228;-85.838432312011719;
2476250000.0011792;-85.834526062011719;
2476410256.4114356;-85.842330932617187;
2476570512.8216925;-85.787727355957031;
2476730769.2319489;-85.797454833984375;
2476891025.6422052;-85.820854187011719;
2477051282.0524616;-85.789688110351562;
2477211538.462718;-85.772117614746094;
2477371794.8729744;-85.7296142578125;
2477532051.2832308;-85.76251220703125;
2477692307.6934872;-85.809150695800781;
2477852564.1037436;-85.777740478515625;
2478012820.5139999;-85.797462463378906;
2478173076.9242563;-85.797454833984375;
2478333333.3345127;-85.739280700683594;
2478493589.7447691;-85.727684020996094;
2478653846.1550255;-85.719963073730469;
2478814102.5652819;-85.73541259765625;
2478974358.9755383;-85.748954772949219;
2479134615.3857946;-85.762504577636719;
2479294871.796051;-85.797462463378906;
2479455128.2063074;-85.772201538085938;
2479615384.6165643;-85.809135437011719;
2479775641.0268207;-85.822807312011719;
2479935897.437077;-85.82476806640625;
2480096153.8473334;-85.82281494140625;
2480256410.2575898;-85.846260070800781;
2480416666.6678462;-85.828666687011719;
2480576923.0781026;-85.861923217773438;
2480737179.488359;-85.89532470703125;
2480897435.8986154;-85.875679016113281;
2481057692.3088717;-85.903205871582031;
2481217948.7191281;-85.905166625976563;
2481378205.1293845;-85.832572937011719;
2481538461.5396409;-85.848228454589844;
2481698717.9498973;-85.865852355957031;
2481858974.3601537;-85.907424926757813;
2482019230.7704101;-85.891181945800781;
2482179487.1806664;-85.887176513671875;
2482339743.5909228;-85.909126281738281;
2482500000.0011792;-85.897300720214844;
2482660256.4114356;-85.911094665527344;
2482820512.8216925;-85.924903869628906;
2482980769.2319489;-85.909111022949219;
2483141025.6422052;-85.895332336425781;
2483301282.0524616;-85.905174255371094;
2483461538.462718;-85.901237487792969;
2483621794.8729744;-85.922927856445312;
2483782051.2832308;-85.905166625976563;
2483942307.6934872;-85.913063049316406;
2484102564.1037436;-85.913063049316406;
2484262820.5139999;-85.91107177734375;
