Type;ESU;
Version;4.43;
Date;03.Jun 16;
Mode;ANALYZER;
Center Freq;2434262820.514000;Hz
Freq Offset;0.000000;Hz
Span;100000000.000000;Hz
x-Axis;LIN;
Start;2384262820.514000;Hz
Stop;2484262820.514000;Hz
Ref Level;-9.000000;dBm
Level Offset;0.000000;dB
Ref Position;100.000000;%
y-Axis;LOG;
Level Range;100.000000;dB
Rf Att;5.000000;dB
RBW;2000000.000000;Hz
VBW;50.000000;Hz
SWT;2.500000;s
Trace Mode;CLR/WRITE;
Detector;RMS;
Sweep Count;0;
Trace 1:;;
x-Unit;Hz;
y-Unit;dBm;
Values;625;
2384262820.5139999;-85.77996826171875;
2384423076.9242563;-85.723800659179687;
2384583333.3345127;-85.7103271484375;
2384743589.7447691;-85.712265014648437;
2384903846.1550255;-85.718025207519531;
2385064102.5652819;-85.710334777832031;
2385224358.9755383;-85.712265014648437;
2385384615.3857946;-85.710334777832031;
2385544871.796051;-85.727684020996094;
2385705128.2063074;-85.721900939941406;
2385865384.6165643;-85.714187622070313;
2386025641.0268207;-85.723808288574219;
2386185897.437077;-85.698768615722656;
2386346153.8473334;-85.700706481933594;
2386506410.2575898;-85.7103271484375;
2386666666.6678462;-85.716117858886719;
2386826923.0781026;-85.708412170410156;
2386987179.488359;-85.712265014648437;
2387147435.8986154;-85.716110229492188;
2387307692.3088717;-85.704559326171875;
2387467948.7191281;-85.706466674804688;
2387628205.1293845;-85.70648193359375;
2387788461.5396409;-85.708412170410156;
2387948717.9498973;-85.723823547363281;
2388108974.3601537;-85.731544494628906;
2388269230.7704101;-85.723831176757813;
2388429487.1806664;-85.719963073730469;
2388589743.5909228;-85.704544067382812;
2388750000.0011792;-85.696853637695313;
2388910256.4114356;-85.698768615722656;
2389070512.8216925;-85.658462524414062;
2389230769.2319489;-85.683372497558594;
2389391025.6422052;-85.708412170410156;
2389551282.0524616;-85.681480407714844;
2389711538.462718;-85.668045043945313;
2389871794.8729744;-85.70648193359375;
2390032051.2832308;-85.698768615722656;
2390192307.6934872;-85.710334777832031;
2390352564.1037436;-85.687232971191406;
2390512820.5139999;-85.712257385253906;
2390673076.9242563;-85.706474304199219;
2390833333.3345127;-85.691047668457031;
2390993589.7447691;-85.679557800292969;
2391153846.1550255;-85.650802612304688;
2391314102.5652819;-85.625968933105469;
2391474358.9755383;-85.666099548339844;
2391634615.3857946;-85.675697326660156;
2391794871.796051;-85.668052673339844;
2391955128.2063074;-85.694923400878906;
2392115384.6165643;-85.719963073730469;
2392275641.0268207;-85.714187622070313;
2392435897.437077;-85.718009948730469;
2392596153.8473334;-85.704551696777344;
2392756410.2575898;-85.683403015136719;
2392916666.6678462;-85.677635192871094;
2393076923.0781026;-85.70648193359375;
2393237179.488359;-85.704551696777344;
2393397435.8986154;-85.683403015136719;
2393557692.3088717;-85.624061584472656;
2393717948.7191281;-85.658447265625;
2393878205.1293845;-85.631668090820312;
2394038461.5396409;-85.639320373535156;
2394198717.9498973;-85.62786865234375;
2394358974.3601537;-85.624061584472656;
2394519230.7704101;-85.60498046875;
2394679487.1806664;-85.637413024902344;
2394839743.5909228;-85.646980285644531;
2395000000.0011792;-85.627861022949219;
2395160256.4114356;-85.629768371582031;
2395320512.8216925;-85.639312744140625;
2395480769.2319489;-85.637405395507813;
2395641025.6422052;-85.6527099609375;
2395801282.0524616;-85.637413024902344;
2395961538.462718;-85.645065307617188;
2396121794.8729744;-85.63360595703125;
2396282051.2832308;-85.637420654296875;
2396442307.6934872;-85.624053955078125;
2396602564.1037436;-85.639320373535156;
2396762820.5139999;-85.650787353515625;
2396923076.9242563;-85.66229248046875;
2397083333.3345127;-85.612617492675781;
2397243589.7447691;-85.620246887207031;
2397403846.1550255;-85.605003356933594;
2397564102.5652819;-85.620246887207031;
2397724358.9755383;-85.620246887207031;
2397884615.3857946;-85.618339538574219;
2398044871.796051;-85.614524841308594;
2398205128.2063074;-85.622146606445313;
2398365384.6165643;-85.64697265625;
2398525641.0268207;-85.637420654296875;
2398685897.437077;-85.618339538574219;
2398846153.8473334;-85.6412353515625;
2399006410.2575898;-85.683387756347656;
2399166666.6678462;-85.633567810058594;
2399326923.0781026;-85.601181030273438;
2399487179.488359;-85.641242980957031;
2399647435.8986154;-85.635498046875;
2399807692.3088717;-85.624061584472656;
2399967948.7191281;-85.624061584472656;
2400128205.1293845;-85.606903076171875;
2400288461.5396409;-85.612617492675781;
2400448717.9498973;-85.631690979003906;
2400608974.3601537;-85.608787536621094;
2400769230.7704101;-85.582160949707031;
2400929487.1806664;-85.557540893554688;
2401089743.5909228;-85.606903076171875;
2401250000.0011792;-85.635505676269531;
2401410256.4114356;-85.618331909179687;
2401570512.8216925;-85.57269287109375;
2401730769.2319489;-85.620246887207031;
2401891025.6422052;-85.614524841308594;
2402051282.0524616;-85.623786926269531;
2402211538.462718;-85.633598327636719;
2402371794.8729744;-85.616432189941406;
2402532051.2832308;-85.648895263671875;
2402692307.6934872;-85.64312744140625;
2402852564.1037436;-85.654640197753906;
2403012820.5139999;-85.599288940429688;
2403173076.9242563;-85.624061584472656;
2403333333.3345127;-85.610710144042969;
2403493589.7447691;-85.627876281738281;
2403653846.1550255;-85.666130065917969;
2403814102.5652819;-85.666130065917969;
2403974358.9755383;-85.620880126953125;
2404134615.3857946;-85.634681701660156;
2404294871.796051;-85.650794982910156;
2404455128.2063074;-85.629348754882813;
2404615384.6165643;-85.614524841308594;
2404775641.0268207;-85.645034790039063;
2404935897.437077;-85.656532287597656;
2405096153.8473334;-85.635513305664063;
2405256410.2575898;-85.677635192871094;
2405416666.6678462;-85.625961303710938;
2405576923.0781026;-85.603096008300781;
2405737179.488359;-85.624061584472656;
2405897435.8986154;-85.650802612304688;
2406057692.3088717;-85.62213134765625;
2406217948.7191281;-85.648895263671875;
2406378205.1293845;-85.643150329589844;
2406538461.5396409;-85.601181030273438;
2406698717.9498973;-85.631675720214844;
2406858974.3601537;-85.681472778320312;
2407019230.7704101;-85.687240600585938;
2407179487.1806664;-85.67572021484375;
2407339743.5909228;-85.625961303710938;
2407500000.0011792;-85.625968933105469;
2407660256.4114356;-85.614524841308594;
2407820512.8216925;-85.63360595703125;
2407980769.2319489;-85.669944763183594;
2408141025.6422052;-85.691078186035156;
2408301282.0524616;-85.685317993164063;
2408461538.462718;-85.662284851074219;
2408621794.8729744;-85.633590698242188;
2408782051.2832308;-85.629783630371094;
2408942307.6934872;-85.616432189941406;
2409102564.1037436;-85.629776000976563;
2409262820.5139999;-85.641250610351563;
2409423076.9242563;-85.656547546386719;
2409583333.3345127;-85.627876281738281;
2409743589.7447691;-85.624061584472656;
2409903846.1550255;-85.622146606445313;
2410064102.5652819;-85.650802612304688;
2410224358.9755383;-85.694931030273438;
2410384615.3857946;-85.681465148925781;
2410544871.796051;-85.71417236328125;
2410705128.2063074;-85.70648193359375;
2410865384.6165643;-85.704559326171875;
2411025641.0268207;-85.693000793457031;
2411185897.437077;-85.700706481933594;
2411346153.8473334;-85.677635192871094;
2411506410.2575898;-85.706809997558594;
2411666666.6678462;-85.715835571289063;
2411826923.0781026;-85.695777893066406;
2411987179.488359;-85.669692993164063;
2412147435.8986154;-85.710311889648438;
2412307692.3088717;-85.70648193359375;
2412467948.7191281;-85.714187622070313;
2412628205.1293845;-85.698783874511719;
2412788461.5396409;-85.693008422851562;
2412948717.9498973;-85.700691223144531;
2413108974.3601537;-85.656524658203125;
2413269230.7704101;-85.648895263671875;
2413429487.1806664;-85.685302734375;
2413589743.5909228;-85.69683837890625;
2413750000.0011792;-85.694931030273438;
2413910256.4114356;-85.671890258789063;
2414070512.8216925;-85.694915771484375;
2414230769.2319489;-85.70648193359375;
2414391025.6422052;-85.709236145019531;
2414551282.0524616;-85.704551696777344;
2414711538.462718;-85.679557800292969;
2414871794.8729744;-85.654632568359375;
2415032051.2832308;-85.666130065917969;
2415192307.6934872;-85.627876281738281;
2415352564.1037436;-85.671882629394531;
2415512820.5139999;-85.687240600585938;
2415673076.9242563;-85.70648193359375;
2415833333.3345127;-85.700706481933594;
2415993589.7447691;-85.710334777832031;
2416153846.1550255;-85.704551696777344;
2416314102.5652819;-85.67572021484375;
2416474358.9755383;-85.704551696777344;
2416634615.3857946;-85.700706481933594;
2416794871.796051;-85.693832397460938;
2416955128.2063074;-85.671875;
2417115384.6165643;-85.658744812011719;
2417275641.0268207;-85.687232971191406;
2417435897.437077;-85.681465148925781;
2417596153.8473334;-85.712265014648437;
2417756410.2575898;-85.712265014648437;
2417916666.6678462;-85.700691223144531;
2418076923.0781026;-85.698776245117188;
2418237179.488359;-85.698768615722656;
2418397435.8986154;-85.700691223144531;
2418557692.3088717;-85.673797607421875;
2418717948.7191281;-85.716110229492188;
2418878205.1293845;-85.693008422851562;
2419038461.5396409;-85.735687255859375;
2419198717.9498973;-85.704559326171875;
2419358974.3601537;-85.710334777832031;
2419519230.7704101;-85.685302734375;
2419679487.1806664;-85.725746154785156;
2419839743.5909228;-85.708396911621094;
2420000000.0011792;-85.704551696777344;
2420160256.4114356;-85.673789978027344;
2420320512.8216925;-85.671875;
2420480769.2319489;-85.625968933105469;
2420641025.6422052;-85.620246887207031;
2420801282.0524616;-85.631675720214844;
2420961538.462718;-85.694915771484375;
2421121794.8729744;-85.673782348632813;
2421282051.2832308;-85.649986267089844;
2421442307.6934872;-85.625968933105469;
2421602564.1037436;-85.633583068847656;
2421762820.5139999;-85.693000793457031;
2421923076.9242563;-85.696853637695313;
2422083333.3345127;-85.687240600585938;
2422243589.7447691;-85.675697326660156;
2422403846.1550255;-85.681480407714844;
2422564102.5652819;-85.712265014648437;
2422724358.9755383;-85.702629089355469;
2422884615.3857946;-85.689163208007813;
2423044871.796051;-85.704551696777344;
2423205128.2063074;-85.687210083007813;
2423365384.6165643;-85.698768615722656;
2423525641.0268207;-85.708404541015625;
2423685897.437077;-85.69683837890625;
2423846153.8473334;-85.70263671875;
2424006410.2575898;-85.70648193359375;
2424166666.6678462;-85.694923400878906;
2424326923.0781026;-85.669960021972656;
2424487179.488359;-85.633598327636719;
2424647435.8986154;-85.633590698242188;
2424807692.3088717;-85.683387756347656;
2424967948.7191281;-85.704551696777344;
2425128205.1293845;-85.710334777832031;
2425288461.5396409;-85.712265014648437;
2425448717.9498973;-85.694931030273438;
2425608974.3601537;-85.683364868164062;
2425769230.7704101;-85.664215087890625;
2425929487.1806664;-85.698768615722656;
2426089743.5909228;-85.691070556640625;
2426250000.0011792;-85.698753356933594;
2426410256.4114356;-85.63360595703125;
2426570512.8216925;-85.706436157226562;
2426730769.2319489;-85.748916625976563;
2426891025.6422052;-85.714179992675781;
2427051282.0524616;-85.689155578613281;
2427211538.462718;-85.671890258789063;
2427371794.8729744;-85.6929931640625;
2427532051.2832308;-85.718040466308594;
2427692307.6934872;-85.689109802246094;
2427852564.1037436;-85.666122436523438;
2428012820.5139999;-85.658355712890625;
2428173076.9242563;-85.639328002929688;
2428333333.3345127;-85.483238220214844;
2428493589.7447691;-85.532829284667969;
2428653846.1550255;-85.012504577636719;
2428814102.5652819;-85.193756103515625;
2428974358.9755383;-84.327659606933594;
2429134615.3857946;-84.634544372558594;
2429294871.796051;-82.945556640625;
2429455128.2063074;-83.202194213867187;
2429615384.6165643;-80.510574340820313;
2429775641.0268207;-80.259735107421875;
2429935897.437077;-78.173957824707031;
2430096153.8473334;-77.555801391601563;
2430256410.2575898;-73.940628051757813;
2430416666.6678462;-73.602859497070313;
2430576923.0781026;-70.682075500488281;
2430737179.488359;-70.325065612792969;
2430897435.8986154;-67.829360961914062;
2431057692.3088717;-66.7398681640625;
2431217948.7191281;-64.079795837402344;
2431378205.1293845;-63.878219604492188;
2431538461.5396409;-61.333301544189453;
2431698717.9498973;-60.943004608154297;
2431858974.3601537;-57.727279663085938;
2432019230.7704101;-57.548774719238281;
2432179487.1806664;-55.085247039794922;
2432339743.5909228;-54.556674957275391;
2432500000.0011792;-52.643203735351563;
2432660256.4114356;-51.593288421630859;
2432820512.8216925;-49.530426025390625;
2432980769.2319489;-49.04742431640625;
2433141025.6422052;-47.608943939208984;
2433301282.0524616;-46.693462371826172;
2433461538.462718;-45.29998779296875;
2433621794.8729744;-44.679153442382813;
2433782051.2832308;-43.917224884033203;
2433942307.6934872;-43.33782958984375;
2434102564.1037436;-42.823165893554688;
2434262820.5139999;-42.200489044189453;
2434423076.9242563;-42.194465637207031;
2434583333.3345127;-41.952419281005859;
2434743589.7447691;-42.117076873779297;
2434903846.1550255;-42.192214965820313;
2435064102.5652819;-42.725902557373047;
2435224358.9755383;-43.207355499267578;
2435384615.3857946;-43.758052825927734;
2435544871.796051;-44.349941253662109;
2435705128.2063074;-45.268165588378906;
2435865384.6165643;-46.661891937255859;
2436025641.0268207;-47.515979766845703;
2436185897.437077;-48.523792266845703;
2436346153.8473334;-49.576797485351563;
2436506410.2575898;-50.788734436035156;
2436666666.6678462;-52.792999267578125;
2436826923.0781026;-53.620899200439453;
2436987179.488359;-54.995658874511719;
2437147435.8986154;-55.879276275634766;
2437307692.3088717;-57.55694580078125;
2437467948.7191281;-59.253681182861328;
2437628205.1293845;-60.574726104736328;
2437788461.5396409;-61.555126190185547;
2437948717.9498973;-63.003753662109375;
2438108974.3601537;-64.158599853515625;
2438269230.7704101;-66.294609069824219;
2438429487.1806664;-67.070510864257813;
2438589743.5909228;-68.490097045898438;
2438750000.0011792;-69.257171630859375;
2438910256.4114356;-71.013259887695313;
2439070512.8216925;-72.777336120605469;
2439230769.2319489;-73.756324768066406;
2439391025.6422052;-75.024681091308594;
2439551282.0524616;-75.957466125488281;
2439711538.462718;-77.608100891113281;
2439871794.8729744;-79.345817565917969;
2440032051.2832308;-80.508583068847656;
2440192307.6934872;-81.32244873046875;
2440352564.1037436;-82.2733154296875;
2440512820.5139999;-83.307296752929688;
2440673076.9242563;-84.365409851074219;
2440833333.3345127;-84.696464538574219;
2440993589.7447691;-85.046188354492188;
2441153846.1550255;-85.225013732910156;
2441314102.5652819;-85.448150634765625;
2441474358.9755383;-85.572700500488281;
2441634615.3857946;-85.624053955078125;
2441794871.796051;-85.704498291015625;
2441955128.2063074;-85.752830505371094;
2442115384.6165643;-85.795516967773438;
2442275641.0268207;-85.807205200195313;
2442435897.437077;-85.813056945800781;
2442596153.8473334;-85.801368713378906;
2442756410.2575898;-85.156227111816406;
2442916666.6678462;-85.015640258789063;
2443076923.0781026;-85.219612121582031;
2443237179.488359;-85.145095825195312;
2443397435.8986154;-84.973541259765625;
2443557692.3088717;-85.406143188476562;
2443717948.7191281;-85.706436157226562;
2443878205.1293845;-85.803260803222656;
2444038461.5396409;-85.824485778808594;
2444198717.9498973;-85.822807312011719;
2444358974.3601537;-85.826713562011719;
2444519230.7704101;-85.815010070800781;
2444679487.1806664;-85.811103820800781;
2444839743.5909228;-85.778022766113281;
2445000000.0011792;-85.826705932617188;
2445160256.4114356;-85.809150695800781;
2445320512.8216925;-85.81890869140625;
2445480769.2319489;-85.826705932617188;
2445641025.6422052;-85.803306579589844;
2445801282.0524616;-85.706474304199219;
2445961538.462718;-83.918914794921875;
2446121794.8729744;-83.405403137207031;
2446282051.2832308;-83.460258483886719;
2446442307.6934872;-83.393547058105469;
2446602564.1037436;-83.305389404296875;
2446762820.5139999;-84.472320556640625;
2446923076.9242563;-85.339874267578125;
2447083333.3345127;-85.114585876464844;
2447243589.7447691;-84.027763366699219;
2447403846.1550255;-84.511154174804688;
2447564102.5652819;-84.558135986328125;
2447724358.9755383;-85.08172607421875;
2447884615.3857946;-85.3065185546875;
2448044871.796051;-83.144691467285156;
2448205128.2063074;-84.830055236816406;
2448365384.6165643;-85.553268432617187;
2448525641.0268207;-85.735404968261719;
2448685897.437077;-85.805252075195313;
2448846153.8473334;-85.844306945800781;
2449006410.2575898;-85.602783203125;
2449166666.6678462;-85.719947814941406;
2449326923.0781026;-85.637298583984375;
2449487179.488359;-85.766372680664063;
2449647435.8986154;-85.834526062011719;
2449807692.3088717;-85.832565307617188;
2449967948.7191281;-85.000312805175781;
2450128205.1293845;-77.638397216796875;
2450288461.5396409;-73.695098876953125;
2450448717.9498973;-72.540428161621094;
2450608974.3601537;-71.909820556640625;
2450769230.7704101;-74.394218444824219;
2450929487.1806664;-80.647537231445313;
2451089743.5909228;-84.130119323730469;
2451250000.0011792;-85.364898681640625;
2451410256.4114356;-85.673713684082031;
2451570512.8216925;-85.781906127929688;
2451730769.2319489;-85.842330932617187;
2451891025.6422052;-85.785774230957031;
2452051282.0524616;-85.762489318847656;
2452211538.462718;-85.826713562011719;
2452371794.8729744;-85.822784423828125;
2452532051.2832308;-85.793571472167969;
2452692307.6934872;-85.818901062011719;
2452852564.1037436;-85.801338195800781;
2453012820.5139999;-85.826705932617188;
2453173076.9242563;-85.833412170410156;
2453333333.3345127;-85.830184936523438;
2453493589.7447691;-85.848213195800781;
2453653846.1550255;-85.897300720214844;
2453814102.5652819;-85.907142639160156;
2453974358.9755383;-85.773872375488281;
2454134615.3857946;-78.642936706542969;
2454294871.796051;-70.356880187988281;
2454455128.2063074;-68.54876708984375;
2454615384.6165643;-68.222770690917969;
2454775641.0268207;-68.6361083984375;
2454935897.437077;-75.197708129882812;
2455096153.8473334;-81.699440002441406;
2455256410.2575898;-84.593955993652344;
2455416666.6678462;-85.468208312988281;
2455576923.0781026;-85.737236022949219;
2455737179.488359;-85.826713562011719;
2455897435.8986154;-85.856040954589844;
2456057692.3088717;-85.856056213378906;
2456217948.7191281;-85.822799682617188;
2456378205.1293845;-85.600914001464844;
2456538461.5396409;-85.646614074707031;
2456698717.9498973;-85.805252075195313;
2456858974.3601537;-85.83648681640625;
2457019230.7704101;-85.858009338378906;
2457179487.1806664;-85.89532470703125;
2457339743.5909228;-85.863899230957031;
2457500000.0011792;-85.834526062011719;
2457660256.4114356;-85.871749877929688;
2457820512.8216925;-85.834518432617188;
2457980769.2319489;-85.883491516113281;
2458141025.6422052;-85.53607177734375;
2458301282.0524616;-81.192611694335937;
2458461538.462718;-79.733772277832031;
2458621794.8729744;-79.585617065429688;
2458782051.2832308;-79.87420654296875;
2458942307.6934872;-80.682846069335938;
2459102564.1037436;-83.678153991699219;
2459262820.5139999;-85.229721069335938;
2459423076.9242563;-85.68121337890625;
2459583333.3345127;-85.813056945800781;
2459743589.7447691;-85.81500244140625;
2459903846.1550255;-85.824760437011719;
2460064102.5652819;-85.824760437011719;
2460224358.9755383;-85.81890869140625;
2460384615.3857946;-85.83453369140625;
2460544871.796051;-85.856025695800781;
2460705128.2063074;-85.895309448242188;
2460865384.6165643;-85.9150390625;
2461025641.0268207;-85.911094665527344;
2461185897.437077;-85.887435913085937;
2461346153.8473334;-85.909126281738281;
2461506410.2575898;-85.901206970214844;
2461666666.6678462;-85.867820739746094;
2461826923.0781026;-85.913063049316406;
2461987179.488359;-85.893356323242187;
2462147435.8986154;-85.889411926269531;
2462307692.3088717;-85.7799072265625;
2462467948.7191281;-85.811050415039062;
2462628205.1293845;-85.830612182617188;
2462788461.5396409;-85.848228454589844;
2462948717.9498973;-85.881568908691406;
2463108974.3601537;-85.877639770507813;
2463269230.7704101;-85.867813110351563;
2463429487.1806664;-85.905174255371094;
2463589743.5909228;-85.911094665527344;
2463750000.0011792;-85.905181884765625;
2463910256.4114356;-85.9031982421875;
2464070512.8216925;-85.9150390625;
2464230769.2319489;-85.928840637207031;
2464391025.6422052;-85.903205871582031;
2464551282.0524616;-85.918983459472656;
2464711538.462718;-85.911094665527344;
2464871794.8729744;-85.909126281738281;
2465032051.2832308;-85.917007446289062;
2465192307.6934872;-85.907142639160156;
2465352564.1037436;-85.90911865234375;
2465512820.5139999;-85.887451171875;
2465673076.9242563;-85.887435913085937;
2465833333.3345127;-85.8658447265625;
2465993589.7447691;-85.901222229003906;
2466153846.1550255;-85.903205871582031;
2466314102.5652819;-85.917007446289062;
2466474358.9755383;-85.901237487792969;
2466634615.3857946;-85.909088134765625;
2466794871.796051;-85.913055419921875;
2466955128.2063074;-85.913063049316406;
2467115384.6165643;-85.875663757324219;
2467275641.0268207;-85.869781494140625;
2467435897.437077;-85.875640869140625;
2467596153.8473334;-85.901237487792969;
2467756410.2575898;-85.881553649902344;
2467916666.6678462;-85.911094665527344;
2468076923.0781026;-85.903205871582031;
2468237179.488359;-85.891403198242188;
2468397435.8986154;-85.913063049316406;
2468557692.3088717;-85.9150390625;
2468717948.7191281;-85.909126281738281;
2468878205.1293845;-85.9150390625;
2469038461.5396409;-85.899269104003906;
2469198717.9498973;-85.917015075683594;
2469358974.3601537;-85.918983459472656;
2469519230.7704101;-85.932815551757813;
2469679487.1806664;-85.928840637207031;
2469839743.5909228;-85.909126281738281;
2470000000.0011792;-85.873703002929687;
2470160256.4114356;-85.913063049316406;
2470320512.8216925;-85.911094665527344;
2470480769.2319489;-85.917015075683594;
2470641025.6422052;-85.918983459472656;
2470801282.0524616;-85.911087036132812;
2470961538.462718;-85.84429931640625;
2471121794.8729744;-85.869781494140625;
2471282051.2832308;-85.861923217773438;
2471442307.6934872;-85.903175354003906;
2471602564.1037436;-85.867820739746094;
2471762820.5139999;-85.879585266113281;
2471923076.9242563;-85.907142639160156;
2472083333.3345127;-85.889411926269531;
2472243589.7447691;-85.891372680664063;
2472403846.1550255;-85.859977722167969;
2472564102.5652819;-85.90911865234375;
2472724358.9755383;-85.889396667480469;
2472884615.3857946;-85.852127075195313;
2473044871.796051;-85.84625244140625;
2473205128.2063074;-85.850173950195313;
2473365384.6165643;-85.857933044433594;
2473525641.0268207;-85.871910095214844;
2473685897.437077;-85.849006652832031;
2473846153.8473334;-85.9031982421875;
2474006410.2575898;-85.895317077636719;
2474166666.6678462;-85.895332336425781;
2474326923.0781026;-85.909126281738281;
2474487179.488359;-85.907150268554688;
2474647435.8986154;-85.911094665527344;
2474807692.3088717;-85.887466430664063;
2474967948.7191281;-85.885498046875;
2475128205.1293845;-85.903205871582031;
2475288461.5396409;-85.871726989746094;
2475448717.9498973;-85.83648681640625;
2475608974.3601537;-85.838432312011719;
2475769230.7704101;-85.848220825195313;
2475929487.1806664;-85.832572937011719;
2476089743.5909228;-85.815010070800781;
2476250000.0011792;-85.815010070800781;
2476410256.4114356;-85.797462463378906;
2476570512.8216925;-85.816963195800781;
2476730769.2319489;-85.760482788085938;
2476891025.6422052;-85.7296142578125;
2477051282.0524616;-85.723831176757813;
2477211538.462718;-85.716117858886719;
2477371794.8729744;-85.716110229492188;
2477532051.2832308;-85.70648193359375;
2477692307.6934872;-85.710334777832031;
2477852564.1037436;-85.750862121582031;
2478012820.5139999;-85.803306579589844;
2478173076.9242563;-85.731536865234375;
2478333333.3345127;-85.718040466308594;
2478493589.7447691;-85.712265014648437;
2478653846.1550255;-85.714187622070313;
2478814102.5652819;-85.735420227050781;
2478974358.9755383;-85.751167297363281;
2479134615.3857946;-85.7547607421875;
2479294871.796051;-85.756683349609375;
2479455128.2063074;-85.844276428222656;
2479615384.6165643;-85.869781494140625;
2479775641.0268207;-85.828659057617188;
2479935897.437077;-85.815010070800781;
2480096153.8473334;-85.856056213378906;
2480256410.2575898;-85.832572937011719;
2480416666.6678462;-85.81890869140625;
2480576923.0781026;-85.854042053222656;
2480737179.488359;-85.889419555664063;
2480897435.8986154;-85.861923217773438;
2481057692.3088717;-85.844245910644531;
2481217948.7191281;-85.913063049316406;
2481378205.1293845;-85.891387939453125;
2481538461.5396409;-85.9150390625;
2481698717.9498973;-85.909126281738281;
2481858974.3601537;-85.944679260253906;
2482019230.7704101;-85.899261474609375;
2482179487.1806664;-85.907150268554688;
2482339743.5909228;-85.89532470703125;
2482500000.0011792;-85.899269104003906;
2482660256.4114356;-85.936759948730469;
2482820512.8216925;-85.913063049316406;
2482980769.2319489;-85.90911865234375;
2483141025.6422052;-85.918708801269531;
2483301282.0524616;-85.911094665527344;
2483461538.462718;-85.90911865234375;
2483621794.8729744;-85.918983459472656;
2483782051.2832308;-85.9268798828125;
2483942307.6934872;-85.918983459472656;
2484102564.1037436;-85.913063049316406;
2484262820.5139999;-85.889427185058594;
