Type;ESU;
Version;4.43;
Date;03.Jun 16;
Mode;ANALYZER;
Center Freq;2434262820.514000;Hz
Freq Offset;0.000000;Hz
Span;100000000.000000;Hz
x-Axis;LIN;
Start;2384262820.514000;Hz
Stop;2484262820.514000;Hz
Ref Level;-9.000000;dBm
Level Offset;0.000000;dB
Ref Position;100.000000;%
y-Axis;LOG;
Level Range;100.000000;dB
Rf Att;5.000000;dB
RBW;2000000.000000;Hz
VBW;30.000000;Hz
SWT;4.200000;s
Trace Mode;CLR/WRITE;
Detector;RMS;
Sweep Count;0;
Trace 1:;;
x-Unit;Hz;
y-Unit;dBm;
Values;625;
2384262820.5139999;-85.710334777832031;
2384423076.9242563;-85.716117858886719;
2384583333.3345127;-85.712265014648437;
2384743589.7447691;-85.725753784179688;
2384903846.1550255;-85.743148803710937;
2385064102.5652819;-85.708412170410156;
2385224358.9755383;-85.714187622070313;
2385384615.3857946;-85.719764709472656;
2385544871.796051;-85.712257385253906;
2385705128.2063074;-85.68914794921875;
2385865384.6165643;-85.696853637695313;
2386025641.0268207;-85.696853637695313;
2386185897.437077;-85.712265014648437;
2386346153.8473334;-85.710334777832031;
2386506410.2575898;-85.716117858886719;
2386666666.6678462;-85.725761413574219;
2386826923.0781026;-85.712265014648437;
2386987179.488359;-85.704551696777344;
2387147435.8986154;-85.708404541015625;
2387307692.3088717;-85.708412170410156;
2387467948.7191281;-85.716331481933594;
2387628205.1293845;-85.714187622070313;
2387788461.5396409;-85.712265014648437;
2387948717.9498973;-85.710334777832031;
2388108974.3601537;-85.685310363769531;
2388269230.7704101;-85.716117858886719;
2388429487.1806664;-85.714187622070313;
2388589743.5909228;-85.718048095703125;
2388750000.0011792;-85.710334777832031;
2388910256.4114356;-85.700698852539063;
2389070512.8216925;-85.700698852539063;
2389230769.2319489;-85.70648193359375;
2389391025.6422052;-85.70263671875;
2389551282.0524616;-85.712265014648437;
2389711538.462718;-85.710334777832031;
2389871794.8729744;-85.711189270019531;
2390032051.2832308;-85.70648193359375;
2390192307.6934872;-85.710334777832031;
2390352564.1037436;-85.712265014648437;
2390512820.5139999;-85.687240600585938;
2390673076.9242563;-85.710334777832031;
2390833333.3345127;-85.698776245117188;
2390993589.7447691;-85.710334777832031;
2391153846.1550255;-85.694923400878906;
2391314102.5652819;-85.704551696777344;
2391474358.9755383;-85.70648193359375;
2391634615.3857946;-85.710334777832031;
2391794871.796051;-85.70648193359375;
2391955128.2063074;-85.70263671875;
2392115384.6165643;-85.700920104980469;
2392275641.0268207;-85.70648193359375;
2392435897.437077;-85.712265014648437;
2392596153.8473334;-85.708412170410156;
2392756410.2575898;-85.70648193359375;
2392916666.6678462;-85.646949768066406;
2393076923.0781026;-85.648895263671875;
2393237179.488359;-85.681480407714844;
2393397435.8986154;-85.673797607421875;
2393557692.3088717;-85.664199829101563;
2393717948.7191281;-85.637420654296875;
2393878205.1293845;-85.635467529296875;
2394038461.5396409;-85.694923400878906;
2394198717.9498973;-85.691078186035156;
2394358974.3601537;-85.633583068847656;
2394519230.7704101;-85.645072937011719;
2394679487.1806664;-85.654632568359375;
2394839743.5909228;-85.664215087890625;
2395000000.0011792;-85.637809753417969;
2395160256.4114356;-85.625961303710938;
2395320512.8216925;-85.669921875;
2395480769.2319489;-85.687240600585938;
2395641025.6422052;-85.673797607421875;
2395801282.0524616;-85.63739013671875;
2395961538.462718;-85.603103637695313;
2396121794.8729744;-85.629783630371094;
2396282051.2832308;-85.614517211914062;
2396442307.6934872;-85.595474243164063;
2396602564.1037436;-85.627876281738281;
2396762820.5139999;-85.625961303710938;
2396923076.9242563;-85.641227722167969;
2397083333.3345127;-85.679557800292969;
2397243589.7447691;-85.700706481933594;
2397403846.1550255;-85.666122436523438;
2397564102.5652819;-85.635505676269531;
2397724358.9755383;-85.668037414550781;
2397884615.3857946;-85.702629089355469;
2398044871.796051;-85.659950256347656;
2398205128.2063074;-85.70648193359375;
2398365384.6165643;-85.660354614257813;
2398525641.0268207;-85.624061584472656;
2398685897.437077;-85.622146606445313;
2398846153.8473334;-85.624061584472656;
2399006410.2575898;-85.624061584472656;
2399166666.6678462;-85.620246887207031;
2399326923.0781026;-85.620246887207031;
2399487179.488359;-85.631690979003906;
2399647435.8986154;-85.618339538574219;
2399807692.3088717;-85.631690979003906;
2399967948.7191281;-85.654640197753906;
2400128205.1293845;-85.604995727539063;
2400288461.5396409;-85.616432189941406;
2400448717.9498973;-85.646980285644531;
2400608974.3601537;-85.635505676269531;
2400769230.7704101;-85.622154235839844;
2400929487.1806664;-85.618339538574219;
2401089743.5909228;-85.620246887207031;
2401250000.0011792;-85.624053955078125;
2401410256.4114356;-85.624061584472656;
2401570512.8216925;-85.619186401367188;
2401730769.2319489;-85.622154235839844;
2401891025.6422052;-85.616432189941406;
2402051282.0524616;-85.616432189941406;
2402211538.462718;-85.599296569824219;
2402371794.8729744;-85.614524841308594;
2402532051.2832308;-85.612625122070313;
2402692307.6934872;-85.618339538574219;
2402852564.1037436;-85.618339538574219;
2403012820.5139999;-85.616432189941406;
2403173076.9242563;-85.620246887207031;
2403333333.3345127;-85.620246887207031;
2403493589.7447691;-85.624061584472656;
2403653846.1550255;-85.618339538574219;
2403814102.5652819;-85.618339538574219;
2403974358.9755383;-85.63360595703125;
2404134615.3857946;-85.641250610351563;
2404294871.796051;-85.62786865234375;
2404455128.2063074;-85.610710144042969;
2404615384.6165643;-85.622154235839844;
2404775641.0268207;-85.662284851074219;
2404935897.437077;-85.681465148925781;
2405096153.8473334;-85.637428283691406;
2405256410.2575898;-85.618339538574219;
2405416666.6678462;-85.652694702148438;
2405576923.0781026;-85.637420654296875;
2405737179.488359;-85.6202392578125;
2405897435.8986154;-85.616432189941406;
2406057692.3088717;-85.614524841308594;
2406217948.7191281;-85.656539916992188;
2406378205.1293845;-85.671890258789063;
2406538461.5396409;-85.698768615722656;
2406698717.9498973;-85.646965026855469;
2406858974.3601537;-85.620246887207031;
2407019230.7704101;-85.6202392578125;
2407179487.1806664;-85.650794982910156;
2407339743.5909228;-85.641242980957031;
2407500000.0011792;-85.620246887207031;
2407660256.4114356;-85.622154235839844;
2407820512.8216925;-85.625968933105469;
2407980769.2319489;-85.687225341796875;
2408141025.6422052;-85.698776245117188;
2408301282.0524616;-85.697502136230469;
2408461538.462718;-85.696853637695313;
2408621794.8729744;-85.708412170410156;
2408782051.2832308;-85.681472778320312;
2408942307.6934872;-85.671890258789063;
2409102564.1037436;-85.645072937011719;
2409262820.5139999;-85.639320373535156;
2409423076.9242563;-85.669967651367188;
2409583333.3345127;-85.666130065917969;
2409743589.7447691;-85.673805236816406;
2409903846.1550255;-85.700706481933594;
2410064102.5652819;-85.687217712402344;
2410224358.9755383;-85.679557800292969;
2410384615.3857946;-85.651435852050781;
2410544871.796051;-85.641250610351563;
2410705128.2063074;-85.648895263671875;
2410865384.6165643;-85.652717590332031;
2411025641.0268207;-85.675712585449219;
2411185897.437077;-85.700706481933594;
2411346153.8473334;-85.698776245117188;
2411506410.2575898;-85.688629150390625;
2411666666.6678462;-85.710334777832031;
2411826923.0781026;-85.702621459960937;
2411987179.488359;-85.668052673339844;
2412147435.8986154;-85.664215087890625;
2412307692.3088717;-85.693000793457031;
2412467948.7191281;-85.708412170410156;
2412628205.1293845;-85.693000793457031;
2412788461.5396409;-85.708412170410156;
2412948717.9498973;-85.70648193359375;
2413108974.3601537;-85.710334777832031;
2413269230.7704101;-85.693000793457031;
2413429487.1806664;-85.708404541015625;
2413589743.5909228;-85.712265014648437;
2413750000.0011792;-85.708412170410156;
2413910256.4114356;-85.70263671875;
2414070512.8216925;-85.710334777832031;
2414230769.2319489;-85.698776245117188;
2414391025.6422052;-85.710334777832031;
2414551282.0524616;-85.708412170410156;
2414711538.462718;-85.70648193359375;
2414871794.8729744;-85.710334777832031;
2415032051.2832308;-85.718048095703125;
2415192307.6934872;-85.691085815429687;
2415352564.1037436;-85.70648193359375;
2415512820.5139999;-85.70648193359375;
2415673076.9242563;-85.708412170410156;
2415833333.3345127;-85.708412170410156;
2415993589.7447691;-85.702629089355469;
2416153846.1550255;-85.714187622070313;
2416314102.5652819;-85.704551696777344;
2416474358.9755383;-85.708412170410156;
2416634615.3857946;-85.698776245117188;
2416794871.796051;-85.710334777832031;
2416955128.2063074;-85.704551696777344;
2417115384.6165643;-85.710334777832031;
2417275641.0268207;-85.704559326171875;
2417435897.437077;-85.708412170410156;
2417596153.8473334;-85.710334777832031;
2417756410.2575898;-85.708412170410156;
2417916666.6678462;-85.704559326171875;
2418076923.0781026;-85.673782348632813;
2418237179.488359;-85.650810241699219;
2418397435.8986154;-85.652725219726563;
2418557692.3088717;-85.656547546386719;
2418717948.7191281;-85.6929931640625;
2418878205.1293845;-85.719970703125;
2419038461.5396409;-85.691085815429687;
2419198717.9498973;-85.696853637695313;
2419358974.3601537;-85.70648193359375;
2419519230.7704101;-85.694931030273438;
2419679487.1806664;-85.704559326171875;
2419839743.5909228;-85.710334777832031;
2420000000.0011792;-85.698768615722656;
2420160256.4114356;-85.667503356933594;
2420320512.8216925;-85.671890258789063;
2420480769.2319489;-85.663101196289063;
2420641025.6422052;-85.700698852539063;
2420801282.0524616;-85.696846008300781;
2420961538.462718;-85.645042419433594;
2421121794.8729744;-85.641250610351563;
2421282051.2832308;-85.641250610351563;
2421442307.6934872;-85.650810241699219;
2421602564.1037436;-85.627876281738281;
2421762820.5139999;-85.646965026855469;
2421923076.9242563;-85.6929931640625;
2422083333.3345127;-85.704559326171875;
2422243589.7447691;-85.68914794921875;
2422403846.1550255;-85.70263671875;
2422564102.5652819;-85.704559326171875;
2422724358.9755383;-85.6929931640625;
2422884615.3857946;-85.671890258789063;
2423044871.796051;-85.668052673339844;
2423205128.2063074;-85.650802612304688;
2423365384.6165643;-85.673797607421875;
2423525641.0268207;-85.704551696777344;
2423685897.437077;-85.708412170410156;
2423846153.8473334;-85.708412170410156;
2424006410.2575898;-85.710334777832031;
2424166666.6678462;-85.704551696777344;
2424326923.0781026;-85.708412170410156;
2424487179.488359;-85.664207458496094;
2424647435.8986154;-85.643157958984375;
2424807692.3088717;-85.691070556640625;
2424967948.7191281;-85.702629089355469;
2425128205.1293845;-85.721466064453125;
2425288461.5396409;-85.714187622070313;
2425448717.9498973;-85.712265014648437;
2425608974.3601537;-85.712265014648437;
2425769230.7704101;-85.725761413574219;
2425929487.1806664;-85.718032836914063;
2426089743.5909228;-85.67572021484375;
2426250000.0011792;-85.683395385742188;
2426410256.4114356;-85.673805236816406;
2426570512.8216925;-85.731544494628906;
2426730769.2319489;-85.716117858886719;
2426891025.6422052;-85.708412170410156;
2427051282.0524616;-85.70648193359375;
2427211538.462718;-85.70648193359375;
2427371794.8729744;-85.708412170410156;
2427532051.2832308;-85.719970703125;
2427692307.6934872;-85.721473693847656;
2427852564.1037436;-85.687240600585938;
2428012820.5139999;-85.698783874511719;
2428173076.9242563;-85.694931030273438;
2428333333.3345127;-85.70648193359375;
2428493589.7447691;-85.689163208007813;
2428653846.1550255;-85.671882629394531;
2428814102.5652819;-85.650802612304688;
2428974358.9755383;-85.61260986328125;
2429134615.3857946;-85.534858703613281;
2429294871.796051;-85.366485595703125;
2429455128.2063074;-85.05255126953125;
2429615384.6165643;-84.802314758300781;
2429775641.0268207;-84.130767822265625;
2429935897.437077;-83.347335815429687;
2430096153.8473334;-82.4942626953125;
2430256410.2575898;-80.953414916992187;
2430416666.6678462;-79.613594055175781;
2430576923.0781026;-78.189353942871094;
2430737179.488359;-76.388908386230469;
2430897435.8986154;-74.886627197265625;
2431057692.3088717;-73.374305725097656;
2431217948.7191281;-71.407920837402344;
2431378205.1293845;-69.816169738769531;
2431538461.5396409;-68.338905334472656;
2431698717.9498973;-66.481369018554688;
2431858974.3601537;-64.977432250976563;
2432019230.7704101;-63.379409790039063;
2432179487.1806664;-61.686935424804688;
2432339743.5909228;-60.289505004882813;
2432500000.0011792;-58.846874237060547;
2432660256.4114356;-57.240108489990234;
2432820512.8216925;-55.956737518310547;
2432980769.2319489;-54.633213043212891;
2433141025.6422052;-53.230007171630859;
2433301282.0524616;-52.150543212890625;
2433461538.462718;-51.035728454589844;
2433621794.8729744;-49.908145904541016;
2433782051.2832308;-49.087818145751953;
2433942307.6934872;-48.245986938476563;
2434102564.1037436;-47.535530090332031;
2434262820.5139999;-47.030914306640625;
2434423076.9242563;-46.613594055175781;
2434583333.3345127;-46.449241638183594;
2434743589.7447691;-46.367805480957031;
2434903846.1550255;-46.398262023925781;
2435064102.5652819;-46.75238037109375;
2435224358.9755383;-47.037193298339844;
2435384615.3857946;-47.570770263671875;
2435544871.796051;-48.451492309570313;
2435705128.2063074;-49.063713073730469;
2435865384.6165643;-50.103237152099609;
2436025641.0268207;-51.302864074707031;
2436185897.437077;-52.078472137451172;
2436346153.8473334;-53.300960540771484;
2436506410.2575898;-54.655643463134766;
2436666666.6678462;-55.563285827636719;
2436826923.0781026;-57.091869354248047;
2436987179.488359;-58.624866485595703;
2437147435.8986154;-59.579387664794922;
2437307692.3088717;-61.015430450439453;
2437467948.7191281;-62.547245025634766;
2437628205.1293845;-63.494712829589844;
2437788461.5396409;-64.975349426269531;
2437948717.9498973;-66.472816467285156;
2438108974.3601537;-67.470817565917969;
2438269230.7704101;-68.962631225585938;
2438429487.1806664;-70.589691162109375;
2438589743.5909228;-71.462379455566406;
2438750000.0011792;-72.908592224121094;
2438910256.4114356;-74.424240112304688;
2439070512.8216925;-75.381477355957031;
2439230769.2319489;-76.780075073242188;
2439391025.6422052;-78.19036865234375;
2439551282.0524616;-79.086326599121094;
2439711538.462718;-80.471244812011719;
2439871794.8729744;-81.740653991699219;
2440032051.2832308;-82.496192932128906;
2440192307.6934872;-83.508140563964844;
2440352564.1037436;-84.167182922363281;
2440512820.5139999;-84.524421691894531;
2440673076.9242563;-84.992042541503906;
2440833333.3345127;-85.272453308105469;
2440993589.7447691;-85.370155334472656;
2441153846.1550255;-85.574455261230469;
2441314102.5652819;-85.633598327636719;
2441474358.9755383;-85.664192199707031;
2441634615.3857946;-85.718048095703125;
2441794871.796051;-85.719970703125;
2441955128.2063074;-85.721900939941406;
2442115384.6165643;-85.752761840820313;
2442275641.0268207;-85.81109619140625;
2442435897.437077;-85.760566711425781;
2442596153.8473334;-85.776092529296875;
2442756410.2575898;-85.807212829589844;
2442916666.6678462;-85.815010070800781;
2443076923.0781026;-85.82086181640625;
2443237179.488359;-85.82086181640625;
2443397435.8986154;-85.816963195800781;
2443557692.3088717;-85.805252075195313;
2443717948.7191281;-85.768318176269531;
2443878205.1293845;-85.815010070800781;
2444038461.5396409;-85.81890869140625;
2444198717.9498973;-85.805267333984375;
2444358974.3601537;-85.824752807617188;
2444519230.7704101;-85.81890869140625;
2444679487.1806664;-85.813056945800781;
2444839743.5909228;-85.805252075195313;
2445000000.0011792;-85.84234619140625;
2445160256.4114356;-85.731491088867188;
2445320512.8216925;-85.716110229492188;
2445480769.2319489;-85.776069641113281;
2445641025.6422052;-85.815010070800781;
2445801282.0524616;-85.820854187011719;
2445961538.462718;-85.818901062011719;
2446121794.8729744;-85.816963195800781;
2446282051.2832308;-85.811103820800781;
2446442307.6934872;-85.750877380371094;
2446602564.1037436;-85.785804748535156;
2446762820.5139999;-85.805252075195313;
2446923076.9242563;-85.750885009765625;
2447083333.3345127;-85.718040466308594;
2447243589.7447691;-85.695793151855469;
2447403846.1550255;-85.709236145019531;
2447564102.5652819;-85.668319702148438;
2447724358.9755383;-85.714149475097656;
2447884615.3857946;-85.746971130371094;
2448044871.796051;-85.774147033691406;
2448205128.2063074;-85.809158325195313;
2448365384.6165643;-85.811111450195313;
2448525641.0268207;-85.816963195800781;
2448685897.437077;-85.813056945800781;
2448846153.8473334;-85.822799682617188;
2449006410.2575898;-85.803314208984375;
2449166666.6678462;-85.819778442382813;
2449326923.0781026;-85.81500244140625;
2449487179.488359;-85.830612182617188;
2449647435.8986154;-85.81695556640625;
2449807692.3088717;-85.799400329589844;
2449967948.7191281;-85.708404541015625;
2450128205.1293845;-85.7838134765625;
2450288461.5396409;-85.756675720214844;
2450448717.9498973;-85.7955322265625;
2450608974.3601537;-85.803314208984375;
2450769230.7704101;-85.797454833984375;
2450929487.1806664;-85.736900329589844;
2451089743.5909228;-85.754745483398438;
2451250000.0011792;-85.816963195800781;
2451410256.4114356;-85.844306945800781;
2451570512.8216925;-85.820854187011719;
2451730769.2319489;-85.816963195800781;
2451891025.6422052;-85.813056945800781;
2452051282.0524616;-85.82086181640625;
2452211538.462718;-85.816963195800781;
2452371794.8729744;-85.77960205078125;
2452532051.2832308;-85.660240173339844;
2452692307.6934872;-85.73345947265625;
2452852564.1037436;-85.76055908203125;
2453012820.5139999;-85.7547607421875;
2453173076.9242563;-85.772132873535156;
2453333333.3345127;-85.81890869140625;
2453493589.7447691;-85.82086181640625;
2453653846.1550255;-85.729522705078125;
2453814102.5652819;-85.729598999023438;
2453974358.9755383;-85.801307678222656;
2454134615.3857946;-85.850181579589844;
2454294871.796051;-85.891395568847656;
2454455128.2063074;-85.866729736328125;
2454615384.6165643;-85.873703002929687;
2454775641.0268207;-85.836448669433594;
2454935897.437077;-85.783859252929688;
2455096153.8473334;-85.807212829589844;
2455256410.2575898;-85.779975891113281;
2455416666.6678462;-85.743133544921875;
2455576923.0781026;-85.783828735351563;
2455737179.488359;-85.793426513671875;
2455897435.8986154;-85.295372009277344;
2456057692.3088717;-85.629463195800781;
2456217948.7191281;-85.768295288085938;
2456378205.1293845;-85.82281494140625;
2456538461.5396409;-85.821510314941406;
2456698717.9498973;-85.840385437011719;
2456858974.3601537;-85.816963195800781;
2457019230.7704101;-85.82281494140625;
2457179487.1806664;-85.83648681640625;
2457339743.5909228;-85.826713562011719;
2457500000.0011792;-85.826705932617188;
2457660256.4114356;-85.887458801269531;
2457820512.8216925;-85.881568908691406;
2457980769.2319489;-85.893348693847656;
2458141025.6422052;-85.897293090820313;
2458301282.0524616;-85.889434814453125;
2458461538.462718;-85.868476867675781;
2458621794.8729744;-85.883522033691406;
2458782051.2832308;-85.9012451171875;
2458942307.6934872;-85.913063049316406;
2459102564.1037436;-85.909126281738281;
2459262820.5139999;-85.889427185058594;
2459423076.9242563;-85.873710632324219;
2459583333.3345127;-85.877639770507813;
2459743589.7447691;-85.836471557617188;
2459903846.1550255;-85.854080200195313;
2460064102.5652819;-85.913063049316406;
2460224358.9755383;-85.905174255371094;
2460384615.3857946;-85.913063049316406;
2460544871.796051;-85.905181884765625;
2460705128.2063074;-85.905181884765625;
2460865384.6165643;-85.915695190429687;
2461025641.0268207;-85.913063049316406;
2461185897.437077;-85.899269104003906;
2461346153.8473334;-85.895332336425781;
2461506410.2575898;-85.911094665527344;
2461666666.6678462;-85.901222229003906;
2461826923.0781026;-85.89532470703125;
2461987179.488359;-85.9150390625;
2462147435.8986154;-85.887458801269531;
2462307692.3088717;-85.897300720214844;
2462467948.7191281;-85.9012451171875;
2462628205.1293845;-85.913063049316406;
2462788461.5396409;-85.9150390625;
2462948717.9498973;-85.891403198242188;
2463108974.3601537;-85.913063049316406;
2463269230.7704101;-85.912193298339844;
2463429487.1806664;-85.907150268554688;
2463589743.5909228;-85.905174255371094;
2463750000.0011792;-85.907150268554688;
2463910256.4114356;-85.911094665527344;
2464070512.8216925;-85.909126281738281;
2464230769.2319489;-85.92095947265625;
2464391025.6422052;-85.909126281738281;
2464551282.0524616;-85.909126281738281;
2464711538.462718;-85.917015075683594;
2464871794.8729744;-85.918983459472656;
2465032051.2832308;-85.901237487792969;
2465192307.6934872;-85.9150390625;
2465352564.1037436;-85.911094665527344;
2465512820.5139999;-85.901237487792969;
2465673076.9242563;-85.871955871582031;
2465833333.3345127;-85.867820739746094;
2465993589.7447691;-85.895332336425781;
2466153846.1550255;-85.920944213867188;
2466314102.5652819;-85.917015075683594;
2466474358.9755383;-85.918983459472656;
2466634615.3857946;-85.905181884765625;
2466794871.796051;-85.9012451171875;
2466955128.2063074;-85.909126281738281;
2467115384.6165643;-85.911094665527344;
2467275641.0268207;-85.9150390625;
2467435897.437077;-85.901237487792969;
2467596153.8473334;-85.90911865234375;
2467756410.2575898;-85.940696716308594;
2467916666.6678462;-85.905181884765625;
2468076923.0781026;-85.909126281738281;
2468237179.488359;-85.911094665527344;
2468397435.8986154;-85.903205871582031;
2468557692.3088717;-85.909126281738281;
2468717948.7191281;-85.910438537597656;
2468878205.1293845;-85.913063049316406;
2469038461.5396409;-85.909126281738281;
2469198717.9498973;-85.913063049316406;
2469358974.3601537;-85.911094665527344;
2469519230.7704101;-85.913063049316406;
2469679487.1806664;-85.913063049316406;
2469839743.5909228;-85.9150390625;
2470000000.0011792;-85.917007446289062;
2470160256.4114356;-85.911094665527344;
2470320512.8216925;-85.905166625976563;
2470480769.2319489;-85.922935485839844;
2470641025.6422052;-85.87957763671875;
2470801282.0524616;-85.873710632324219;
2470961538.462718;-85.885498046875;
2471121794.8729744;-85.907150268554688;
2471282051.2832308;-85.934776306152344;
2471442307.6934872;-85.917015075683594;
2471602564.1037436;-85.911094665527344;
2471762820.5139999;-85.891380310058594;
2471923076.9242563;-85.905174255371094;
2472083333.3345127;-85.909126281738281;
2472243589.7447691;-85.917015075683594;
2472403846.1550255;-85.907150268554688;
2472564102.5652819;-85.909126281738281;
2472724358.9755383;-85.920951843261719;
2472884615.3857946;-85.9169921875;
2473044871.796051;-85.907142639160156;
2473205128.2063074;-85.911087036132812;
2473365384.6165643;-85.871749877929688;
2473525641.0268207;-85.856056213378906;
2473685897.437077;-85.82281494140625;
2473846153.8473334;-85.85015869140625;
2474006410.2575898;-85.895332336425781;
2474166666.6678462;-85.90911865234375;
2474326923.0781026;-85.905174255371094;
2474487179.488359;-85.909126281738281;
2474647435.8986154;-85.901237487792969;
2474807692.3088717;-85.903213500976563;
2474967948.7191281;-85.907150268554688;
2475128205.1293845;-85.905181884765625;
2475288461.5396409;-85.901229858398438;
2475448717.9498973;-85.901237487792969;
2475608974.3601537;-85.897300720214844;
2475769230.7704101;-85.897293090820313;
2475929487.1806664;-85.858001708984375;
2476089743.5909228;-85.82281494140625;
2476250000.0011792;-85.807212829589844;
2476410256.4114356;-85.81890869140625;
2476570512.8216925;-85.815010070800781;
2476730769.2319489;-85.811111450195313;
2476891025.6422052;-85.815010070800781;
2477051282.0524616;-85.803306579589844;
2477211538.462718;-85.779983520507813;
2477371794.8729744;-85.758636474609375;
2477532051.2832308;-85.712265014648437;
2477692307.6934872;-85.708412170410156;
2477852564.1037436;-85.710334777832031;
2478012820.5139999;-85.704551696777344;
2478173076.9242563;-85.721893310546875;
2478333333.3345127;-85.718040466308594;
2478493589.7447691;-85.718048095703125;
2478653846.1550255;-85.76055908203125;
2478814102.5652819;-85.74896240234375;
2478974358.9755383;-85.80328369140625;
2479134615.3857946;-85.82086181640625;
2479294871.796051;-85.816963195800781;
2479455128.2063074;-85.801361083984375;
2479615384.6165643;-85.82476806640625;
2479775641.0268207;-85.834526062011719;
2479935897.437077;-85.856056213378906;
2480096153.8473334;-85.87567138671875;
2480256410.2575898;-85.887466430664063;
2480416666.6678462;-85.867820739746094;
2480576923.0781026;-85.877639770507813;
2480737179.488359;-85.861923217773438;
2480897435.8986154;-85.863868713378906;
2481057692.3088717;-85.911094665527344;
2481217948.7191281;-85.885482788085938;
2481378205.1293845;-85.87762451171875;
2481538461.5396409;-85.897300720214844;
2481698717.9498973;-85.905181884765625;
2481858974.3601537;-85.903190612792969;
2482019230.7704101;-85.917007446289062;
2482179487.1806664;-85.917015075683594;
2482339743.5909228;-85.907150268554688;
2482500000.0011792;-85.899269104003906;
2482660256.4114356;-85.909126281738281;
2482820512.8216925;-85.909126281738281;
2482980769.2319489;-85.897285461425781;
2483141025.6422052;-85.907150268554688;
2483301282.0524616;-85.911087036132812;
2483461538.462718;-85.911094665527344;
2483621794.8729744;-85.913063049316406;
2483782051.2832308;-85.909126281738281;
2483942307.6934872;-85.911094665527344;
2484102564.1037436;-85.930839538574219;
2484262820.5139999;-85.932815551757813;
