Type;ESU;
Version;4.43;
Date;03.Jun 16;
Mode;ANALYZER;
Center Freq;2434262820.514000;Hz
Freq Offset;0.000000;Hz
Span;100000000.000000;Hz
x-Axis;LIN;
Start;2384262820.514000;Hz
Stop;2484262820.514000;Hz
Ref Level;-9.000000;dBm
Level Offset;0.000000;dB
Ref Position;100.000000;%
y-Axis;LOG;
Level Range;100.000000;dB
Rf Att;5.000000;dB
RBW;2000000.000000;Hz
VBW;30.000000;Hz
SWT;4.200000;s
Trace Mode;CLR/WRITE;
Detector;RMS;
Sweep Count;0;
Trace 1:;;
x-Unit;Hz;
y-Unit;dBm;
Values;625;
2384262820.5139999;-85.720611572265625;
2384423076.9242563;-85.7412109375;
2384583333.3345127;-85.719963073730469;
2384743589.7447691;-85.731544494628906;
2384903846.1550255;-85.718040466308594;
2385064102.5652819;-85.733489990234375;
2385224358.9755383;-85.718048095703125;
2385384615.3857946;-85.712257385253906;
2385544871.796051;-85.718040466308594;
2385705128.2063074;-85.7103271484375;
2385865384.6165643;-85.725753784179688;
2386025641.0268207;-85.712249755859375;
2386185897.437077;-85.714187622070313;
2386346153.8473334;-85.719970703125;
2386506410.2575898;-85.714622497558594;
2386666666.6678462;-85.710334777832031;
2386826923.0781026;-85.714187622070313;
2386987179.488359;-85.70648193359375;
2387147435.8986154;-85.714187622070313;
2387307692.3088717;-85.708412170410156;
2387467948.7191281;-85.710334777832031;
2387628205.1293845;-85.714179992675781;
2387788461.5396409;-85.708412170410156;
2387948717.9498973;-85.710334777832031;
2388108974.3601537;-85.712265014648437;
2388269230.7704101;-85.70648193359375;
2388429487.1806664;-85.709480285644531;
2388589743.5909228;-85.702629089355469;
2388750000.0011792;-85.716110229492188;
2388910256.4114356;-85.704551696777344;
2389070512.8216925;-85.702621459960937;
2389230769.2319489;-85.714187622070313;
2389391025.6422052;-85.708412170410156;
2389551282.0524616;-85.714179992675781;
2389711538.462718;-85.708412170410156;
2389871794.8729744;-85.70648193359375;
2390032051.2832308;-85.683372497558594;
2390192307.6934872;-85.704559326171875;
2390352564.1037436;-85.716110229492188;
2390512820.5139999;-85.673782348632813;
2390673076.9242563;-85.683395385742188;
2390833333.3345127;-85.67529296875;
2390993589.7447691;-85.664215087890625;
2391153846.1550255;-85.70648193359375;
2391314102.5652819;-85.70648193359375;
2391474358.9755383;-85.693008422851562;
2391634615.3857946;-85.698776245117188;
2391794871.796051;-85.704551696777344;
2391955128.2063074;-85.689163208007813;
2392115384.6165643;-85.70648193359375;
2392275641.0268207;-85.681472778320312;
2392435897.437077;-85.6412353515625;
2392596153.8473334;-85.618324279785156;
2392756410.2575898;-85.627876281738281;
2392916666.6678462;-85.620246887207031;
2393076923.0781026;-85.633598327636719;
2393237179.488359;-85.66229248046875;
2393397435.8986154;-85.682121276855469;
2393557692.3088717;-85.6527099609375;
2393717948.7191281;-85.629776000976563;
2393878205.1293845;-85.664192199707031;
2394038461.5396409;-85.668022155761719;
2394198717.9498973;-85.645057678222656;
2394358974.3601537;-85.633598327636719;
2394519230.7704101;-85.664215087890625;
2394679487.1806664;-85.6527099609375;
2394839743.5909228;-85.625968933105469;
2395000000.0011792;-85.624061584472656;
2395160256.4114356;-85.631683349609375;
2395320512.8216925;-85.625968933105469;
2395480769.2319489;-85.618339538574219;
2395641025.6422052;-85.620246887207031;
2395801282.0524616;-85.614524841308594;
2395961538.462718;-85.624053955078125;
2396121794.8729744;-85.624061584472656;
2396282051.2832308;-85.627876281738281;
2396442307.6934872;-85.648025512695313;
2396602564.1037436;-85.654632568359375;
2396762820.5139999;-85.637397766113281;
2396923076.9242563;-85.643150329589844;
2397083333.3345127;-85.620246887207031;
2397243589.7447691;-85.639328002929688;
2397403846.1550255;-85.629783630371094;
2397564102.5652819;-85.639320373535156;
2397724358.9755383;-85.635498046875;
2397884615.3857946;-85.622154235839844;
2398044871.796051;-85.63360595703125;
2398205128.2063074;-85.62786865234375;
2398365384.6165643;-85.624053955078125;
2398525641.0268207;-85.608802795410156;
2398685897.437077;-85.654617309570313;
2398846153.8473334;-85.633583068847656;
2399006410.2575898;-85.6107177734375;
2399166666.6678462;-85.624053955078125;
2399326923.0781026;-85.622146606445313;
2399487179.488359;-85.631690979003906;
2399647435.8986154;-85.63275146484375;
2399807692.3088717;-85.6412353515625;
2399967948.7191281;-85.625968933105469;
2400128205.1293845;-85.618339538574219;
2400288461.5396409;-85.633598327636719;
2400448717.9498973;-85.622154235839844;
2400608974.3601537;-85.622154235839844;
2400769230.7704101;-85.618339538574219;
2400929487.1806664;-85.614524841308594;
2401089743.5909228;-85.629783630371094;
2401250000.0011792;-85.6107177734375;
2401410256.4114356;-85.625968933105469;
2401570512.8216925;-85.625968933105469;
2401730769.2319489;-85.627876281738281;
2401891025.6422052;-85.624053955078125;
2402051282.0524616;-85.645065307617188;
2402211538.462718;-85.616432189941406;
2402371794.8729744;-85.616432189941406;
2402532051.2832308;-85.618339538574219;
2402692307.6934872;-85.606903076171875;
2402852564.1037436;-85.608802795410156;
2403012820.5139999;-85.625961303710938;
2403173076.9242563;-85.620246887207031;
2403333333.3345127;-85.61749267578125;
2403493589.7447691;-85.622146606445313;
2403653846.1550255;-85.6202392578125;
2403814102.5652819;-85.618339538574219;
2403974358.9755383;-85.629776000976563;
2404134615.3857946;-85.618339538574219;
2404294871.796051;-85.622154235839844;
2404455128.2063074;-85.625961303710938;
2404615384.6165643;-85.618339538574219;
2404775641.0268207;-85.620246887207031;
2404935897.437077;-85.614524841308594;
2405096153.8473334;-85.624061584472656;
2405256410.2575898;-85.629356384277344;
2405416666.6678462;-85.625953674316406;
2405576923.0781026;-85.618331909179687;
2405737179.488359;-85.624061584472656;
2405897435.8986154;-85.618339538574219;
2406057692.3088717;-85.622146606445313;
2406217948.7191281;-85.624061584472656;
2406378205.1293845;-85.616432189941406;
2406538461.5396409;-85.645065307617188;
2406698717.9498973;-85.635505676269531;
2406858974.3601537;-85.648895263671875;
2407019230.7704101;-85.62786865234375;
2407179487.1806664;-85.610710144042969;
2407339743.5909228;-85.624061584472656;
2407500000.0011792;-85.639320373535156;
2407660256.4114356;-85.618339538574219;
2407820512.8216925;-85.618339538574219;
2407980769.2319489;-85.622154235839844;
2408141025.6422052;-85.671859741210938;
2408301282.0524616;-85.660369873046875;
2408461538.462718;-85.641242980957031;
2408621794.8729744;-85.64697265625;
2408782051.2832308;-85.685325622558594;
2408942307.6934872;-85.658447265625;
2409102564.1037436;-85.639328002929688;
2409262820.5139999;-85.649703979492187;
2409423076.9242563;-85.691085815429687;
2409583333.3345127;-85.710334777832031;
2409743589.7447691;-85.70263671875;
2409903846.1550255;-85.698776245117188;
2410064102.5652819;-85.681465148925781;
2410224358.9755383;-85.702621459960937;
2410384615.3857946;-85.652702331542969;
2410544871.796051;-85.635513305664063;
2410705128.2063074;-85.664215087890625;
2410865384.6165643;-85.673805236816406;
2411025641.0268207;-85.68914794921875;
2411185897.437077;-85.696861267089844;
2411346153.8473334;-85.710334777832031;
2411506410.2575898;-85.690315246582031;
2411666666.6678462;-85.704551696777344;
2411826923.0781026;-85.683395385742188;
2411987179.488359;-85.696861267089844;
2412147435.8986154;-85.673797607421875;
2412307692.3088717;-85.668052673339844;
2412467948.7191281;-85.685302734375;
2412628205.1293845;-85.694931030273438;
2412788461.5396409;-85.650802612304688;
2412948717.9498973;-85.712265014648437;
2413108974.3601537;-85.689155578613281;
2413269230.7704101;-85.70648193359375;
2413429487.1806664;-85.704544067382812;
2413589743.5909228;-85.702629089355469;
2413750000.0011792;-85.710334777832031;
2413910256.4114356;-85.675689697265625;
2414070512.8216925;-85.66229248046875;
2414230769.2319489;-85.666130065917969;
2414391025.6422052;-85.668052673339844;
2414551282.0524616;-85.650794982910156;
2414711538.462718;-85.631690979003906;
2414871794.8729744;-85.624061584472656;
2415032051.2832308;-85.646980285644531;
2415192307.6934872;-85.671859741210938;
2415352564.1037436;-85.704559326171875;
2415512820.5139999;-85.694923400878906;
2415673076.9242563;-85.704559326171875;
2415833333.3345127;-85.691085815429687;
2415993589.7447691;-85.696853637695313;
2416153846.1550255;-85.696853637695313;
2416314102.5652819;-85.704559326171875;
2416474358.9755383;-85.691078186035156;
2416634615.3857946;-85.658470153808594;
2416794871.796051;-85.671890258789063;
2416955128.2063074;-85.681480407714844;
2417115384.6165643;-85.646980285644531;
2417275641.0268207;-85.62786865234375;
2417435897.437077;-85.641250610351563;
2417596153.8473334;-85.660354614257813;
2417756410.2575898;-85.70648193359375;
2417916666.6678462;-85.704551696777344;
2418076923.0781026;-85.710334777832031;
2418237179.488359;-85.704559326171875;
2418397435.8986154;-85.70648193359375;
2418557692.3088717;-85.70648193359375;
2418717948.7191281;-85.700706481933594;
2418878205.1293845;-85.687248229980469;
2419038461.5396409;-85.700706481933594;
2419198717.9498973;-85.70648193359375;
2419358974.3601537;-85.708412170410156;
2419519230.7704101;-85.704559326171875;
2419679487.1806664;-85.698768615722656;
2419839743.5909228;-85.691078186035156;
2420000000.0011792;-85.694931030273438;
2420160256.4114356;-85.696853637695313;
2420320512.8216925;-85.704551696777344;
2420480769.2319489;-85.6929931640625;
2420641025.6422052;-85.702629089355469;
2420801282.0524616;-85.708412170410156;
2420961538.462718;-85.693008422851562;
2421121794.8729744;-85.662300109863281;
2421282051.2832308;-85.64697265625;
2421442307.6934872;-85.658470153808594;
2421602564.1037436;-85.639328002929688;
2421762820.5139999;-85.673736572265625;
2421923076.9242563;-85.679542541503906;
2422083333.3345127;-85.696846008300781;
2422243589.7447691;-85.677619934082031;
2422403846.1550255;-85.658744812011719;
2422564102.5652819;-85.666130065917969;
2422724358.9755383;-85.693000793457031;
2422884615.3857946;-85.702629089355469;
2423044871.796051;-85.702629089355469;
2423205128.2063074;-85.704551696777344;
2423365384.6165643;-85.700706481933594;
2423525641.0268207;-85.70648193359375;
2423685897.437077;-85.681465148925781;
2423846153.8473334;-85.652717590332031;
2424006410.2575898;-85.654632568359375;
2424166666.6678462;-85.702621459960937;
2424326923.0781026;-85.708412170410156;
2424487179.488359;-85.7060546875;
2424647435.8986154;-85.708404541015625;
2424807692.3088717;-85.694931030273438;
2424967948.7191281;-85.710334777832031;
2425128205.1293845;-85.702629089355469;
2425288461.5396409;-85.710334777832031;
2425448717.9498973;-85.698776245117188;
2425608974.3601537;-85.70648193359375;
2425769230.7704101;-85.710334777832031;
2425929487.1806664;-85.710334777832031;
2426089743.5909228;-85.706474304199219;
2426250000.0011792;-85.70648193359375;
2426410256.4114356;-85.689155578613281;
2426570512.8216925;-85.710334777832031;
2426730769.2319489;-85.716110229492188;
2426891025.6422052;-85.702629089355469;
2427051282.0524616;-85.707763671875;
2427211538.462718;-85.710334777832031;
2427371794.8729744;-85.710334777832031;
2427532051.2832308;-85.70648193359375;
2427692307.6934872;-85.698783874511719;
2427852564.1037436;-85.712265014648437;
2428012820.5139999;-85.700706481933594;
2428173076.9242563;-85.691085815429687;
2428333333.3345127;-85.694931030273438;
2428493589.7447691;-85.667976379394531;
2428653846.1550255;-85.595268249511719;
2428814102.5652819;-85.528984069824219;
2428974358.9755383;-85.443984985351562;
2429134615.3857946;-85.371871948242188;
2429294871.796051;-85.277694702148438;
2429455128.2063074;-84.95513916015625;
2429615384.6165643;-84.574310302734375;
2429775641.0268207;-84.213592529296875;
2429935897.437077;-83.431671142578125;
2430096153.8473334;-82.446151733398438;
2430256410.2575898;-81.604560852050781;
2430416666.6678462;-80.417610168457031;
2430576923.0781026;-78.74603271484375;
2430737179.488359;-77.552581787109375;
2430897435.8986154;-75.123039245605469;
2431057692.3088717;-73.893943786621094;
2431217948.7191281;-72.634002685546875;
2431378205.1293845;-70.763618469238281;
2431538461.5396409;-69.260444641113281;
2431698717.9498973;-67.894935607910156;
2431858974.3601537;-66.170417785644531;
2432019230.7704101;-65.063072204589844;
2432179487.1806664;-63.789710998535156;
2432339743.5909228;-61.803936004638672;
2432500000.0011792;-60.353912353515625;
2432660256.4114356;-58.996597290039062;
2432820512.8216925;-57.306713104248047;
2432980769.2319489;-55.93304443359375;
2433141025.6422052;-54.99554443359375;
2433301282.0524616;-53.515335083007813;
2433461538.462718;-52.69085693359375;
2433621794.8729744;-51.711299896240234;
2433782051.2832308;-50.714336395263672;
2433942307.6934872;-50.128673553466797;
2434102564.1037436;-49.53997802734375;
2434262820.5139999;-48.952705383300781;
2434423076.9242563;-48.624889373779297;
2434583333.3345127;-48.207626342773437;
2434743589.7447691;-47.871353149414062;
2434903846.1550255;-47.895133972167969;
2435064102.5652819;-48.139804840087891;
2435224358.9755383;-48.755722045898438;
2435384615.3857946;-49.392108917236328;
2435544871.796051;-50.112251281738281;
2435705128.2063074;-51.137142181396484;
2435865384.6165643;-52.004535675048828;
2436025641.0268207;-53.066909790039063;
2436185897.437077;-54.420585632324219;
2436346153.8473334;-55.461601257324219;
2436506410.2575898;-56.599899291992188;
2436666666.6678462;-57.907588958740234;
2436826923.0781026;-58.78509521484375;
2436987179.488359;-60.018913269042969;
2437147435.8986154;-61.597892761230469;
2437307692.3088717;-62.691864013671875;
2437467948.7191281;-64.206085205078125;
2437628205.1293845;-65.695220947265625;
2437788461.5396409;-66.783790588378906;
2437948717.9498973;-68.1495361328125;
2438108974.3601537;-69.728965759277344;
2438269230.7704101;-70.8935546875;
2438429487.1806664;-72.370323181152344;
2438589743.5909228;-73.76727294921875;
2438750000.0011792;-74.664649963378906;
2438910256.4114356;-75.908294677734375;
2439070512.8216925;-77.312721252441406;
2439230769.2319489;-78.41217041015625;
2439391025.6422052;-79.800697326660156;
2439551282.0524616;-81.118095397949219;
2439711538.462718;-81.982452392578125;
2439871794.8729744;-82.993354797363281;
2440032051.2832308;-83.844970703125;
2440192307.6934872;-84.329719543457031;
2440352564.1037436;-84.83697509765625;
2440512820.5139999;-85.183128356933594;
2440673076.9242563;-85.320167541503906;
2440833333.3345127;-85.508377075195313;
2440993589.7447691;-85.616432189941406;
2441153846.1550255;-85.656539916992188;
2441314102.5652819;-85.758598327636719;
2441474358.9755383;-85.7547607421875;
2441634615.3857946;-85.785774230957031;
2441794871.796051;-85.813056945800781;
2441955128.2063074;-85.82086181640625;
2442115384.6165643;-85.813056945800781;
2442275641.0268207;-85.815010070800781;
2442435897.437077;-85.81304931640625;
2442596153.8473334;-85.818038940429687;
2442756410.2575898;-85.809158325195313;
2442916666.6678462;-85.815010070800781;
2443076923.0781026;-85.81500244140625;
2443237179.488359;-85.811111450195313;
2443397435.8986154;-85.805267333984375;
2443557692.3088717;-85.78192138671875;
2443717948.7191281;-85.7547607421875;
2443878205.1293845;-85.772209167480469;
2444038461.5396409;-85.803306579589844;
2444198717.9498973;-85.852134704589844;
2444358974.3601537;-85.832565307617188;
2444519230.7704101;-85.815010070800781;
2444679487.1806664;-85.83648681640625;
2444839743.5909228;-85.811103820800781;
2445000000.0011792;-85.81695556640625;
2445160256.4114356;-85.787727355957031;
2445320512.8216925;-85.772209167480469;
2445480769.2319489;-85.822799682617188;
2445641025.6422052;-85.809158325195313;
2445801282.0524616;-85.797462463378906;
2445961538.462718;-85.723747253417969;
2446121794.8729744;-85.714179992675781;
2446282051.2832308;-85.507675170898438;
2446442307.6934872;-85.690986633300781;
2446602564.1037436;-85.791603088378906;
2446762820.5139999;-85.824737548828125;
2446923076.9242563;-85.854072570800781;
2447083333.3345127;-85.81890869140625;
2447243589.7447691;-85.575401306152344;
2447403846.1550255;-85.704429626464844;
2447564102.5652819;-85.776077270507813;
2447724358.9755383;-85.820846557617188;
2447884615.3857946;-85.82476806640625;
2448044871.796051;-85.82281494140625;
2448205128.2063074;-85.776359558105469;
2448365384.6165643;-85.718032836914063;
2448525641.0268207;-85.766372680664063;
2448685897.437077;-85.805267333984375;
2448846153.8473334;-85.811103820800781;
2449006410.2575898;-85.81890869140625;
2449166666.6678462;-85.826713562011719;
2449326923.0781026;-85.657508850097656;
2449487179.488359;-85.461372375488281;
2449647435.8986154;-85.486648559570313;
2449807692.3088717;-85.440788269042969;
2449967948.7191281;-85.514732360839844;
2450128205.1293845;-85.63348388671875;
2450288461.5396409;-85.718048095703125;
2450448717.9498973;-85.785774230957031;
2450608974.3601537;-85.693977355957031;
2450769230.7704101;-85.629753112792969;
2450929487.1806664;-85.77008056640625;
2451089743.5909228;-85.816947937011719;
2451250000.0011792;-85.811103820800781;
2451410256.4114356;-85.836463928222656;
2451570512.8216925;-85.7503662109375;
2451730769.2319489;-85.729598999023438;
2451891025.6422052;-85.7916259765625;
2452051282.0524616;-85.813056945800781;
2452211538.462718;-85.81890869140625;
2452371794.8729744;-85.81890869140625;
2452532051.2832308;-85.81890869140625;
2452692307.6934872;-85.608428955078125;
2452852564.1037436;-85.237747192382813;
2453012820.5139999;-85.572113037109375;
2453173076.9242563;-85.708335876464844;
2453333333.3345127;-85.714469909667969;
2453493589.7447691;-85.826705932617188;
2453653846.1550255;-85.81890869140625;
2453814102.5652819;-85.550918579101563;
2453974358.9755383;-85.63134765625;
2454134615.3857946;-85.719978332519531;
2454294871.796051;-85.779953002929688;
2454455128.2063074;-85.82281494140625;
2454615384.6165643;-85.815010070800781;
2454775641.0268207;-85.781562805175781;
2454935897.437077;-85.683326721191406;
2455096153.8473334;-85.716094970703125;
2455256410.2575898;-85.777992248535156;
2455416666.6678462;-85.8544921875;
2455576923.0781026;-85.795478820800781;
2455737179.488359;-85.828636169433594;
2455897435.8986154;-85.74969482421875;
2456057692.3088717;-85.427825927734375;
2456217948.7191281;-85.63531494140625;
2456378205.1293845;-85.610595703125;
2456538461.5396409;-85.745033264160156;
2456698717.9498973;-85.82476806640625;
2456858974.3601537;-85.869743347167969;
2457019230.7704101;-85.909126281738281;
2457179487.1806664;-85.871742248535156;
2457339743.5909228;-85.719223022460938;
2457500000.0011792;-85.781875610351562;
2457660256.4114356;-85.869766235351563;
2457820512.8216925;-85.907150268554688;
2457980769.2319489;-85.891403198242188;
2458141025.6422052;-85.84234619140625;
2458301282.0524616;-85.848220825195313;
2458461538.462718;-85.81890869140625;
2458621794.8729744;-85.8638916015625;
2458782051.2832308;-85.930824279785156;
2458942307.6934872;-85.885475158691406;
2459102564.1037436;-85.846267700195313;
2459262820.5139999;-85.846267700195313;
2459423076.9242563;-85.824981689453125;
2459583333.3345127;-85.850173950195313;
2459743589.7447691;-85.879600524902344;
2459903846.1550255;-85.869781494140625;
2460064102.5652819;-85.89532470703125;
2460224358.9755383;-85.907150268554688;
2460384615.3857946;-85.907150268554688;
2460544871.796051;-85.887451171875;
2460705128.2063074;-85.854103088378906;
2460865384.6165643;-85.850181579589844;
2461025641.0268207;-85.850173950195313;
2461185897.437077;-85.857963562011719;
2461346153.8473334;-85.899261474609375;
2461506410.2575898;-85.907150268554688;
2461666666.6678462;-85.9139404296875;
2461826923.0781026;-85.891387939453125;
2461987179.488359;-85.9150390625;
2462147435.8986154;-85.909126281738281;
2462307692.3088717;-85.9150390625;
2462467948.7191281;-85.905174255371094;
2462628205.1293845;-85.9150390625;
2462788461.5396409;-85.9150390625;
2462948717.9498973;-85.907150268554688;
2463108974.3601537;-85.924896240234375;
2463269230.7704101;-85.897293090820313;
2463429487.1806664;-85.881561279296875;
2463589743.5909228;-85.889427185058594;
2463750000.0011792;-85.897293090820313;
2463910256.4114356;-85.9031982421875;
2464070512.8216925;-85.903205871582031;
2464230769.2319489;-85.9139404296875;
2464391025.6422052;-85.89532470703125;
2464551282.0524616;-85.875656127929688;
2464711538.462718;-85.913063049316406;
2464871794.8729744;-85.911094665527344;
2465032051.2832308;-85.889434814453125;
2465192307.6934872;-85.901237487792969;
2465352564.1037436;-85.909126281738281;
2465512820.5139999;-85.911094665527344;
2465673076.9242563;-85.905181884765625;
2465833333.3345127;-85.917015075683594;
2465993589.7447691;-85.903205871582031;
2466153846.1550255;-85.903205871582031;
2466314102.5652819;-85.899269104003906;
2466474358.9755383;-85.903205871582031;
2466634615.3857946;-85.911094665527344;
2466794871.796051;-85.909126281738281;
2466955128.2063074;-85.901679992675781;
2467115384.6165643;-85.893363952636719;
2467275641.0268207;-85.889427185058594;
2467435897.437077;-85.913063049316406;
2467596153.8473334;-85.9012451171875;
2467756410.2575898;-85.9150390625;
2467916666.6678462;-85.918983459472656;
2468076923.0781026;-85.9150390625;
2468237179.488359;-85.891387939453125;
2468397435.8986154;-85.905181884765625;
2468557692.3088717;-85.891403198242188;
2468717948.7191281;-85.913063049316406;
2468878205.1293845;-85.913063049316406;
2469038461.5396409;-85.9150390625;
2469198717.9498973;-85.905174255371094;
2469358974.3601537;-85.903205871582031;
2469519230.7704101;-85.911094665527344;
2469679487.1806664;-85.905174255371094;
2469839743.5909228;-85.917015075683594;
2470000000.0011792;-85.909126281738281;
2470160256.4114356;-85.910438537597656;
2470320512.8216925;-85.9150390625;
2470480769.2319489;-85.903205871582031;
2470641025.6422052;-85.9150390625;
2470801282.0524616;-85.913063049316406;
2470961538.462718;-85.905181884765625;
2471121794.8729744;-85.869781494140625;
2471282051.2832308;-85.875663757324219;
2471442307.6934872;-85.901222229003906;
2471602564.1037436;-85.852142333984375;
2471762820.5139999;-85.863899230957031;
2471923076.9242563;-85.899261474609375;
2472083333.3345127;-85.909126281738281;
2472243589.7447691;-85.897300720214844;
2472403846.1550255;-85.903205871582031;
2472564102.5652819;-85.893363952636719;
2472724358.9755383;-85.899261474609375;
2472884615.3857946;-85.869773864746094;
2473044871.796051;-85.861923217773438;
2473205128.2063074;-85.846260070800781;
2473365384.6165643;-85.858016967773438;
2473525641.0268207;-85.866722106933594;
2473685897.437077;-85.834518432617188;
2473846153.8473334;-85.844314575195313;
2474006410.2575898;-85.828651428222656;
2474166666.6678462;-85.79937744140625;
2474326923.0781026;-85.854080200195313;
2474487179.488359;-85.899261474609375;
2474647435.8986154;-85.881546020507813;
2474807692.3088717;-85.828659057617188;
2474967948.7191281;-85.84429931640625;
2475128205.1293845;-85.83648681640625;
2475288461.5396409;-85.840385437011719;
2475448717.9498973;-85.82086181640625;
2475608974.3601537;-85.82476806640625;
2475769230.7704101;-85.82476806640625;
2475929487.1806664;-85.813056945800781;
2476089743.5909228;-85.809158325195313;
2476250000.0011792;-85.82281494140625;
2476410256.4114356;-85.813056945800781;
2476570512.8216925;-85.803314208984375;
2476730769.2319489;-85.816963195800781;
2476891025.6422052;-85.805244445800781;
2477051282.0524616;-85.805259704589844;
2477211538.462718;-85.7547607421875;
2477371794.8729744;-85.766380310058594;
2477532051.2832308;-85.787727355957031;
2477692307.6934872;-85.789680480957031;
2477852564.1037436;-85.807212829589844;
2478012820.5139999;-85.816963195800781;
2478173076.9242563;-85.811111450195313;
2478333333.3345127;-85.803314208984375;
2478493589.7447691;-85.805267333984375;
2478653846.1550255;-85.82086181640625;
2478814102.5652819;-85.826713562011719;
2478974358.9755383;-85.82086181640625;
2479134615.3857946;-85.82476806640625;
2479294871.796051;-85.815010070800781;
2479455128.2063074;-85.82476806640625;
2479615384.6165643;-85.81695556640625;
2479775641.0268207;-85.82867431640625;
2479935897.437077;-85.82672119140625;
2480096153.8473334;-85.82867431640625;
2480256410.2575898;-85.82281494140625;
2480416666.6678462;-85.824760437011719;
2480576923.0781026;-85.828666687011719;
2480737179.488359;-85.82281494140625;
2480897435.8986154;-85.856010437011719;
2481057692.3088717;-85.918983459472656;
2481217948.7191281;-85.909111022949219;
2481378205.1293845;-85.920951843261719;
2481538461.5396409;-85.913063049316406;
2481698717.9498973;-85.889411926269531;
2481858974.3601537;-85.915023803710938;
2482019230.7704101;-85.887466430664063;
2482179487.1806664;-85.909126281738281;
2482339743.5909228;-85.899261474609375;
2482500000.0011792;-85.90911865234375;
2482660256.4114356;-85.917015075683594;
2482820512.8216925;-85.911094665527344;
2482980769.2319489;-85.917007446289062;
2483141025.6422052;-85.911094665527344;
2483301282.0524616;-85.911094665527344;
2483461538.462718;-85.907150268554688;
2483621794.8729744;-85.915031433105469;
2483782051.2832308;-85.930831909179687;
2483942307.6934872;-85.92095947265625;
2484102564.1037436;-85.9150390625;
2484262820.5139999;-85.9150390625;
