Type;ESU;
Version;4.43;
Date;03.Jun 16;
Mode;ANALYZER;
Center Freq;2434262820.514000;Hz
Freq Offset;0.000000;Hz
Span;100000000.000000;Hz
x-Axis;LIN;
Start;2384262820.514000;Hz
Stop;2484262820.514000;Hz
Ref Level;-9.000000;dBm
Level Offset;0.000000;dB
Ref Position;100.000000;%
y-Axis;LOG;
Level Range;100.000000;dB
Rf Att;5.000000;dB
RBW;2000000.000000;Hz
VBW;30.000000;Hz
SWT;4.200000;s
Trace Mode;CLR/WRITE;
Detector;RMS;
Sweep Count;0;
Trace 1:;;
x-Unit;Hz;
y-Unit;dBm;
Values;625;
2384262820.5139999;-85.712440490722656;
2384423076.9242563;-85.716110229492188;
2384583333.3345127;-85.718048095703125;
2384743589.7447691;-85.709480285644531;
2384903846.1550255;-85.718040466308594;
2385064102.5652819;-85.714187622070313;
2385224358.9755383;-85.712265014648437;
2385384615.3857946;-85.712265014648437;
2385544871.796051;-85.710334777832031;
2385705128.2063074;-85.723831176757813;
2385865384.6165643;-85.729621887207031;
2386025641.0268207;-85.718040466308594;
2386185897.437077;-85.714187622070313;
2386346153.8473334;-85.710334777832031;
2386506410.2575898;-85.719970703125;
2386666666.6678462;-85.730056762695313;
2386826923.0781026;-85.710334777832031;
2386987179.488359;-85.714187622070313;
2387147435.8986154;-85.67572021484375;
2387307692.3088717;-85.706474304199219;
2387467948.7191281;-85.716110229492188;
2387628205.1293845;-85.691085815429687;
2387788461.5396409;-85.708412170410156;
2387948717.9498973;-85.710334777832031;
2388108974.3601537;-85.704559326171875;
2388269230.7704101;-85.700706481933594;
2388429487.1806664;-85.689163208007813;
2388589743.5909228;-85.712265014648437;
2388750000.0011792;-85.710334777832031;
2388910256.4114356;-85.694931030273438;
2389070512.8216925;-85.699203491210937;
2389230769.2319489;-85.691070556640625;
2389391025.6422052;-85.708404541015625;
2389551282.0524616;-85.719970703125;
2389711538.462718;-85.704559326171875;
2389871794.8729744;-85.681465148925781;
2390032051.2832308;-85.708404541015625;
2390192307.6934872;-85.70648193359375;
2390352564.1037436;-85.710334777832031;
2390512820.5139999;-85.708412170410156;
2390673076.9242563;-85.708412170410156;
2390833333.3345127;-85.708412170410156;
2390993589.7447691;-85.689170837402344;
2391153846.1550255;-85.687248229980469;
2391314102.5652819;-85.692367553710938;
2391474358.9755383;-85.70648193359375;
2391634615.3857946;-85.687217712402344;
2391794871.796051;-85.681480407714844;
2391955128.2063074;-85.718048095703125;
2392115384.6165643;-85.714179992675781;
2392275641.0268207;-85.68914794921875;
2392435897.437077;-85.629783630371094;
2392596153.8473334;-85.64312744140625;
2392756410.2575898;-85.6527099609375;
2392916666.6678462;-85.624053955078125;
2393076923.0781026;-85.635490417480469;
2393237179.488359;-85.620246887207031;
2393397435.8986154;-85.635513305664063;
2393557692.3088717;-85.64697265625;
2393717948.7191281;-85.633598327636719;
2393878205.1293845;-85.618331909179687;
2394038461.5396409;-85.642936706542969;
2394198717.9498973;-85.618331909179687;
2394358974.3601537;-85.660377502441406;
2394519230.7704101;-85.633598327636719;
2394679487.1806664;-85.629783630371094;
2394839743.5909228;-85.624061584472656;
2395000000.0011792;-85.633590698242188;
2395160256.4114356;-85.616416931152344;
2395320512.8216925;-85.624061584472656;
2395480769.2319489;-85.620246887207031;
2395641025.6422052;-85.625961303710938;
2395801282.0524616;-85.622154235839844;
2395961538.462718;-85.624061584472656;
2396121794.8729744;-85.629783630371094;
2396282051.2832308;-85.62786865234375;
2396442307.6934872;-85.629776000976563;
2396602564.1037436;-85.616432189941406;
2396762820.5139999;-85.631690979003906;
2396923076.9242563;-85.622581481933594;
2397083333.3345127;-85.618339538574219;
2397243589.7447691;-85.625961303710938;
2397403846.1550255;-85.618339538574219;
2397564102.5652819;-85.616432189941406;
2397724358.9755383;-85.618339538574219;
2397884615.3857946;-85.622146606445313;
2398044871.796051;-85.635498046875;
2398205128.2063074;-85.622154235839844;
2398365384.6165643;-85.614524841308594;
2398525641.0268207;-85.624061584472656;
2398685897.437077;-85.625961303710938;
2398846153.8473334;-85.635505676269531;
2399006410.2575898;-85.62786865234375;
2399166666.6678462;-85.616432189941406;
2399326923.0781026;-85.622146606445313;
2399487179.488359;-85.633590698242188;
2399647435.8986154;-85.625961303710938;
2399807692.3088717;-85.624053955078125;
2399967948.7191281;-85.625961303710938;
2400128205.1293845;-85.616432189941406;
2400288461.5396409;-85.639328002929688;
2400448717.9498973;-85.63275146484375;
2400608974.3601537;-85.612625122070313;
2400769230.7704101;-85.631683349609375;
2400929487.1806664;-85.637413024902344;
2401089743.5909228;-85.625968933105469;
2401250000.0011792;-85.6011962890625;
2401410256.4114356;-85.606903076171875;
2401570512.8216925;-85.614524841308594;
2401730769.2319489;-85.614524841308594;
2401891025.6422052;-85.620246887207031;
2402051282.0524616;-85.616432189941406;
2402211538.462718;-85.624053955078125;
2402371794.8729744;-85.6202392578125;
2402532051.2832308;-85.624053955078125;
2402692307.6934872;-85.612625122070313;
2402852564.1037436;-85.622154235839844;
2403012820.5139999;-85.618339538574219;
2403173076.9242563;-85.620246887207031;
2403333333.3345127;-85.622154235839844;
2403493589.7447691;-85.622154235839844;
2403653846.1550255;-85.612411499023437;
2403814102.5652819;-85.608802795410156;
2403974358.9755383;-85.618339538574219;
2404134615.3857946;-85.620231628417969;
2404294871.796051;-85.620246887207031;
2404455128.2063074;-85.625968933105469;
2404615384.6165643;-85.608810424804688;
2404775641.0268207;-85.618339538574219;
2404935897.437077;-85.624053955078125;
2405096153.8473334;-85.633598327636719;
2405256410.2575898;-85.620246887207031;
2405416666.6678462;-85.620246887207031;
2405576923.0781026;-85.61749267578125;
2405737179.488359;-85.614524841308594;
2405897435.8986154;-85.631690979003906;
2406057692.3088717;-85.625961303710938;
2406217948.7191281;-85.664215087890625;
2406378205.1293845;-85.648895263671875;
2406538461.5396409;-85.620246887207031;
2406698717.9498973;-85.622154235839844;
2406858974.3601537;-85.618339538574219;
2407019230.7704101;-85.631690979003906;
2407179487.1806664;-85.622154235839844;
2407339743.5909228;-85.624061584472656;
2407500000.0011792;-85.648025512695313;
2407660256.4114356;-85.662300109863281;
2407820512.8216925;-85.694923400878906;
2407980769.2319489;-85.691070556640625;
2408141025.6422052;-85.664215087890625;
2408301282.0524616;-85.673797607421875;
2408461538.462718;-85.666107177734375;
2408621794.8729744;-85.66229248046875;
2408782051.2832308;-85.691078186035156;
2408942307.6934872;-85.666130065917969;
2409102564.1037436;-85.624053955078125;
2409262820.5139999;-85.620246887207031;
2409423076.9242563;-85.6202392578125;
2409583333.3345127;-85.687232971191406;
2409743589.7447691;-85.706474304199219;
2409903846.1550255;-85.648872375488281;
2410064102.5652819;-85.631683349609375;
2410224358.9755383;-85.654617309570313;
2410384615.3857946;-85.689155578613281;
2410544871.796051;-85.679557800292969;
2410705128.2063074;-85.639328002929688;
2410865384.6165643;-85.620246887207031;
2411025641.0268207;-85.631690979003906;
2411185897.437077;-85.677635192871094;
2411346153.8473334;-85.702621459960937;
2411506410.2575898;-85.681083679199219;
2411666666.6678462;-85.668045043945313;
2411826923.0781026;-85.668052673339844;
2411987179.488359;-85.654632568359375;
2412147435.8986154;-85.671867370605469;
2412307692.3088717;-85.691085815429687;
2412467948.7191281;-85.673805236816406;
2412628205.1293845;-85.671890258789063;
2412788461.5396409;-85.702629089355469;
2412948717.9498973;-85.704559326171875;
2413108974.3601537;-85.673797607421875;
2413269230.7704101;-85.70648193359375;
2413429487.1806664;-85.702621459960937;
2413589743.5909228;-85.624061584472656;
2413750000.0011792;-85.641250610351563;
2413910256.4114356;-85.673744201660156;
2414070512.8216925;-85.708404541015625;
2414230769.2319489;-85.681480407714844;
2414391025.6422052;-85.681472778320312;
2414551282.0524616;-85.679550170898437;
2414711538.462718;-85.698783874511719;
2414871794.8729744;-85.700698852539063;
2415032051.2832308;-85.689170837402344;
2415192307.6934872;-85.708412170410156;
2415352564.1037436;-85.70648193359375;
2415512820.5139999;-85.70648193359375;
2415673076.9242563;-85.708412170410156;
2415833333.3345127;-85.714187622070313;
2415993589.7447691;-85.691085815429687;
2416153846.1550255;-85.712265014648437;
2416314102.5652819;-85.710334777832031;
2416474358.9755383;-85.72381591796875;
2416634615.3857946;-85.666114807128906;
2416794871.796051;-85.681472778320312;
2416955128.2063074;-85.704551696777344;
2417115384.6165643;-85.689163208007813;
2417275641.0268207;-85.706474304199219;
2417435897.437077;-85.708412170410156;
2417596153.8473334;-85.685310363769531;
2417756410.2575898;-85.702606201171875;
2417916666.6678462;-85.689155578613281;
2418076923.0781026;-85.689163208007813;
2418237179.488359;-85.704551696777344;
2418397435.8986154;-85.694931030273438;
2418557692.3088717;-85.691078186035156;
2418717948.7191281;-85.683395385742188;
2418878205.1293845;-85.698776245117188;
2419038461.5396409;-85.708412170410156;
2419198717.9498973;-85.70648193359375;
2419358974.3601537;-85.702629089355469;
2419519230.7704101;-85.710334777832031;
2419679487.1806664;-85.708412170410156;
2419839743.5909228;-85.70263671875;
2420000000.0011792;-85.708412170410156;
2420160256.4114356;-85.70648193359375;
2420320512.8216925;-85.710334777832031;
2420480769.2319489;-85.694931030273438;
2420641025.6422052;-85.694931030273438;
2420801282.0524616;-85.70648193359375;
2420961538.462718;-85.671875;
2421121794.8729744;-85.669960021972656;
2421282051.2832308;-85.702629089355469;
2421442307.6934872;-85.6929931640625;
2421602564.1037436;-85.639328002929688;
2421762820.5139999;-85.650802612304688;
2421923076.9242563;-85.641242980957031;
2422083333.3345127;-85.66229248046875;
2422243589.7447691;-85.65655517578125;
2422403846.1550255;-85.65655517578125;
2422564102.5652819;-85.652725219726563;
2422724358.9755383;-85.666122436523438;
2422884615.3857946;-85.687240600585938;
2423044871.796051;-85.702629089355469;
2423205128.2063074;-85.694931030273438;
2423365384.6165643;-85.673805236816406;
2423525641.0268207;-85.691085815429687;
2423685897.437077;-85.696861267089844;
2423846153.8473334;-85.712265014648437;
2424006410.2575898;-85.660369873046875;
2424166666.6678462;-85.698776245117188;
2424326923.0781026;-85.704559326171875;
2424487179.488359;-85.70648193359375;
2424647435.8986154;-85.70263671875;
2424807692.3088717;-85.704551696777344;
2424967948.7191281;-85.690650939941406;
2425128205.1293845;-85.694923400878906;
2425288461.5396409;-85.712265014648437;
2425448717.9498973;-85.696853637695313;
2425608974.3601537;-85.689155578613281;
2425769230.7704101;-85.704559326171875;
2425929487.1806664;-85.712265014648437;
2426089743.5909228;-85.698768615722656;
2426250000.0011792;-85.698776245117188;
2426410256.4114356;-85.708412170410156;
2426570512.8216925;-85.714187622070313;
2426730769.2319489;-85.710334777832031;
2426891025.6422052;-85.714187622070313;
2427051282.0524616;-85.708412170410156;
2427211538.462718;-85.70648193359375;
2427371794.8729744;-85.716117858886719;
2427532051.2832308;-85.708412170410156;
2427692307.6934872;-85.700920104980469;
2427852564.1037436;-85.704551696777344;
2428012820.5139999;-85.698768615722656;
2428173076.9242563;-85.685302734375;
2428333333.3345127;-85.646957397460938;
2428493589.7447691;-85.616424560546875;
2428653846.1550255;-85.525276184082031;
2428814102.5652819;-85.481941223144531;
2428974358.9755383;-85.182083129882813;
2429134615.3857946;-84.908302307128906;
2429294871.796051;-84.565498352050781;
2429455128.2063074;-84.13336181640625;
2429615384.6165643;-83.533195495605469;
2429775641.0268207;-82.758049011230469;
2429935897.437077;-81.417304992675781;
2430096153.8473334;-79.930587768554688;
2430256410.2575898;-78.690528869628906;
2430416666.6678462;-76.638343811035156;
2430576923.0781026;-75.017738342285156;
2430737179.488359;-73.400680541992188;
2430897435.8986154;-71.490371704101563;
2431057692.3088717;-70.010177612304688;
2431217948.7191281;-68.519424438476562;
2431378205.1293845;-66.415672302246094;
2431538461.5396409;-64.947822570800781;
2431698717.9498973;-63.534915924072266;
2431858974.3601537;-61.708206176757813;
2432019230.7704101;-60.322711944580078;
2432179487.1806664;-59.092304229736328;
2432339743.5909228;-57.490291595458984;
2432500000.0011792;-56.169269561767578;
2432660256.4114356;-55.032386779785156;
2432820512.8216925;-53.513114929199219;
2432980769.2319489;-52.430912017822266;
2433141025.6422052;-51.422061920166016;
2433301282.0524616;-50.077999114990234;
2433461538.462718;-49.166027069091797;
2433621794.8729744;-48.225021362304688;
2433782051.2832308;-47.198844909667969;
2433942307.6934872;-46.536525726318359;
2434102564.1037436;-45.975643157958984;
2434262820.5139999;-45.506267547607422;
2434423076.9242563;-45.326648712158203;
2434583333.3345127;-45.205558776855469;
2434743589.7447691;-45.284938812255859;
2434903846.1550255;-45.480636596679688;
2435064102.5652819;-45.853923797607422;
2435224358.9755383;-46.515972137451172;
2435384615.3857946;-47.165340423583984;
2435544871.796051;-47.9420166015625;
2435705128.2063074;-49.117687225341797;
2435865384.6165643;-50.037120819091797;
2436025641.0268207;-51.085826873779297;
2436185897.437077;-52.5714111328125;
2436346153.8473334;-53.573009490966797;
2436506410.2575898;-54.799373626708984;
2436666666.6678462;-56.341217041015625;
2436826923.0781026;-57.476917266845703;
2436987179.488359;-58.635696411132813;
2437147435.8986154;-60.273303985595703;
2437307692.3088717;-61.244564056396484;
2437467948.7191281;-62.497222900390625;
2437628205.1293845;-64.147102355957031;
2437788461.5396409;-65.248054504394531;
2437948717.9498973;-66.591964721679688;
2438108974.3601537;-68.236961364746094;
2438269230.7704101;-69.316085815429688;
2438429487.1806664;-70.701400756835938;
2438589743.5909228;-72.156425476074219;
2438750000.0011792;-73.203956604003906;
2438910256.4114356;-74.521774291992188;
2439070512.8216925;-75.973983764648438;
2439230769.2319489;-77.052467346191406;
2439391025.6422052;-78.52496337890625;
2439551282.0524616;-80.004898071289062;
2439711538.462718;-80.958656311035156;
2439871794.8729744;-82.1351318359375;
2440032051.2832308;-83.198982238769531;
2440192307.6934872;-83.798446655273437;
2440352564.1037436;-84.45550537109375;
2440512820.5139999;-84.909881591796875;
2440673076.9242563;-85.134361267089844;
2440833333.3345127;-85.394050598144531;
2440993589.7447691;-85.549934387207031;
2441153846.1550255;-85.633583068847656;
2441314102.5652819;-85.719932556152344;
2441474358.9755383;-85.712242126464844;
2441634615.3857946;-85.716117858886719;
2441794871.796051;-85.723831176757813;
2441955128.2063074;-85.735420227050781;
2442115384.6165643;-85.776092529296875;
2442275641.0268207;-85.768325805664062;
2442435897.437077;-85.785804748535156;
2442596153.8473334;-85.82086181640625;
2442756410.2575898;-85.801361083984375;
2442916666.6678462;-85.779983520507813;
2443076923.0781026;-85.813056945800781;
2443237179.488359;-85.739242553710937;
2443397435.8986154;-85.70648193359375;
2443557692.3088717;-85.670173645019531;
2443717948.7191281;-85.634681701660156;
2443878205.1293845;-85.704261779785156;
2444038461.5396409;-85.766357421875;
2444198717.9498973;-85.815010070800781;
2444358974.3601537;-85.816963195800781;
2444519230.7704101;-85.815010070800781;
2444679487.1806664;-85.778022766113281;
2444839743.5909228;-85.768287658691406;
2445000000.0011792;-85.77020263671875;
2445160256.4114356;-85.812995910644531;
2445320512.8216925;-85.799400329589844;
2445480769.2319489;-85.543983459472656;
2445641025.6422052;-85.599288940429688;
2445801282.0524616;-85.639320373535156;
2445961538.462718;-85.758552551269531;
2446121794.8729744;-85.813056945800781;
2446282051.2832308;-85.816963195800781;
2446442307.6934872;-85.822807312011719;
2446602564.1037436;-85.840400695800781;
2446762820.5139999;-85.82086181640625;
2446923076.9242563;-85.816963195800781;
2447083333.3345127;-85.815010070800781;
2447243589.7447691;-85.811103820800781;
2447403846.1550255;-85.725753784179688;
2447564102.5652819;-85.715660095214844;
2447724358.9755383;-84.218231201171875;
2447884615.3857946;-84.544227600097656;
2448044871.796051;-85.466163635253906;
2448205128.2063074;-85.723785400390625;
2448365384.6165643;-85.805259704589844;
2448525641.0268207;-85.81109619140625;
2448685897.437077;-85.81890869140625;
2448846153.8473334;-85.82086181640625;
2449006410.2575898;-85.82086181640625;
2449166666.6678462;-85.828666687011719;
2449326923.0781026;-85.81890869140625;
2449487179.488359;-85.82476806640625;
2449647435.8986154;-85.82476806640625;
2449807692.3088717;-85.805259704589844;
2449967948.7191281;-85.830619812011719;
2450128205.1293845;-85.826713562011719;
2450288461.5396409;-85.828445434570313;
2450448717.9498973;-85.820854187011719;
2450608974.3601537;-85.793586730957031;
2450769230.7704101;-85.78192138671875;
2450929487.1806664;-85.811103820800781;
2451089743.5909228;-85.805259704589844;
2451250000.0011792;-85.785804748535156;
2451410256.4114356;-85.766395568847656;
2451570512.8216925;-85.7528076171875;
2451730769.2319489;-85.704551696777344;
2451891025.6422052;-85.762710571289062;
2452051282.0524616;-85.803306579589844;
2452211538.462718;-85.758468627929688;
2452371794.8729744;-85.750885009765625;
2452532051.2832308;-85.7896728515625;
2452692307.6934872;-85.813056945800781;
2452852564.1037436;-85.816963195800781;
2453012820.5139999;-85.82281494140625;
2453173076.9242563;-85.815010070800781;
2453333333.3345127;-85.81890869140625;
2453493589.7447691;-85.832550048828125;
2453653846.1550255;-85.824760437011719;
2453814102.5652819;-85.837135314941406;
2453974358.9755383;-85.82281494140625;
2454134615.3857946;-85.81890869140625;
2454294871.796051;-85.815010070800781;
2454455128.2063074;-85.816963195800781;
2454615384.6165643;-85.807205200195313;
2454775641.0268207;-85.793571472167969;
2454935897.437077;-85.82086181640625;
2455096153.8473334;-85.811111450195313;
2455256410.2575898;-85.820854187011719;
2455416666.6678462;-85.842353820800781;
2455576923.0781026;-85.844093322753906;
2455737179.488359;-85.887466430664063;
2455897435.8986154;-85.885498046875;
2456057692.3088717;-85.867820739746094;
2456217948.7191281;-85.877639770507813;
2456378205.1293845;-85.887443542480469;
2456538461.5396409;-85.875679016113281;
2456698717.9498973;-85.897300720214844;
2456858974.3601537;-85.905181884765625;
2457019230.7704101;-85.893348693847656;
2457179487.1806664;-85.417091369628906;
2457339743.5909228;-84.696380615234375;
2457500000.0011792;-84.58935546875;
2457660256.4114356;-85.068862915039063;
2457820512.8216925;-85.654373168945313;
2457980769.2319489;-85.797447204589844;
2458141025.6422052;-85.82086181640625;
2458301282.0524616;-85.838432312011719;
2458461538.462718;-85.82281494140625;
2458621794.8729744;-85.82086181640625;
2458782051.2832308;-85.8677978515625;
2458942307.6934872;-85.891380310058594;
2459102564.1037436;-85.840370178222656;
2459262820.5139999;-85.807205200195313;
2459423076.9242563;-85.807212829589844;
2459583333.3345127;-85.392974853515625;
2459743589.7447691;-85.160018920898438;
2459903846.1550255;-85.708045959472656;
2460064102.5652819;-85.856040954589844;
2460224358.9755383;-85.8658447265625;
2460384615.3857946;-85.889427185058594;
2460544871.796051;-85.885490417480469;
2460705128.2063074;-85.873710632324219;
2460865384.6165643;-85.903205871582031;
2461025641.0268207;-85.897300720214844;
2461185897.437077;-85.897300720214844;
2461346153.8473334;-85.901237487792969;
2461506410.2575898;-85.897300720214844;
2461666666.6678462;-85.905181884765625;
2461826923.0781026;-85.905181884765625;
2461987179.488359;-85.913063049316406;
2462147435.8986154;-85.917449951171875;
2462307692.3088717;-85.9012451171875;
2462467948.7191281;-85.9150390625;
2462628205.1293845;-85.918983459472656;
2462788461.5396409;-85.911094665527344;
2462948717.9498973;-85.917007446289062;
2463108974.3601537;-85.913063049316406;
2463269230.7704101;-85.913063049316406;
2463429487.1806664;-85.9150390625;
2463589743.5909228;-85.93280029296875;
2463750000.0011792;-85.915031433105469;
2463910256.4114356;-85.873710632324219;
2464070512.8216925;-85.889419555664063;
2464230769.2319489;-85.911094665527344;
2464391025.6422052;-85.905166625976563;
2464551282.0524616;-85.909111022949219;
2464711538.462718;-85.910438537597656;
2464871794.8729744;-85.911094665527344;
2465032051.2832308;-85.9150390625;
2465192307.6934872;-85.9150390625;
2465352564.1037436;-85.9150390625;
2465512820.5139999;-85.897300720214844;
2465673076.9242563;-85.838424682617187;
2465833333.3345127;-85.840385437011719;
2465993589.7447691;-85.887443542480469;
2466153846.1550255;-85.9268798828125;
2466314102.5652819;-85.918983459472656;
2466474358.9755383;-85.913063049316406;
2466634615.3857946;-85.9150390625;
2466794871.796051;-85.903205871582031;
2466955128.2063074;-85.913063049316406;
2467115384.6165643;-85.895332336425781;
2467275641.0268207;-85.9012451171875;
2467435897.437077;-85.908676147460938;
2467596153.8473334;-85.907150268554688;
2467756410.2575898;-85.9150390625;
2467916666.6678462;-85.917015075683594;
2468076923.0781026;-85.913063049316406;
2468237179.488359;-85.911087036132812;
2468397435.8986154;-85.901237487792969;
2468557692.3088717;-85.917015075683594;
2468717948.7191281;-85.903205871582031;
2468878205.1293845;-85.885490417480469;
2469038461.5396409;-85.9150390625;
2469198717.9498973;-85.924911499023438;
2469358974.3601537;-85.909126281738281;
2469519230.7704101;-85.911094665527344;
2469679487.1806664;-85.909126281738281;
2469839743.5909228;-85.899269104003906;
2470000000.0011792;-85.911094665527344;
2470160256.4114356;-85.911094665527344;
2470320512.8216925;-85.905174255371094;
2470480769.2319489;-85.912193298339844;
2470641025.6422052;-85.917007446289062;
2470801282.0524616;-85.911094665527344;
2470961538.462718;-85.90911865234375;
2471121794.8729744;-85.972419738769531;
2471282051.2832308;-85.936729431152344;
2471442307.6934872;-85.9169921875;
2471602564.1037436;-85.911094665527344;
2471762820.5139999;-85.893356323242187;
2471923076.9242563;-85.891387939453125;
2472083333.3345127;-85.907150268554688;
2472243589.7447691;-85.905166625976563;
2472403846.1550255;-85.905166625976563;
2472564102.5652819;-85.909126281738281;
2472724358.9755383;-85.905174255371094;
2472884615.3857946;-85.905174255371094;
2473044871.796051;-85.903205871582031;
2473205128.2063074;-85.913063049316406;
2473365384.6165643;-85.887420654296875;
2473525641.0268207;-85.879585266113281;
2473685897.437077;-85.891395568847656;
2473846153.8473334;-85.899261474609375;
2474006410.2575898;-85.885490417480469;
2474166666.6678462;-85.919197082519531;
2474326923.0781026;-85.9031982421875;
2474487179.488359;-85.907150268554688;
2474647435.8986154;-85.903205871582031;
2474807692.3088717;-85.889434814453125;
2474967948.7191281;-85.844276428222656;
2475128205.1293845;-85.848220825195313;
2475288461.5396409;-85.83453369140625;
2475448717.9498973;-85.82281494140625;
2475608974.3601537;-85.82476806640625;
2475769230.7704101;-85.832572937011719;
2475929487.1806664;-85.828651428222656;
2476089743.5909228;-85.816963195800781;
2476250000.0011792;-85.815010070800781;
2476410256.4114356;-85.81890869140625;
2476570512.8216925;-85.815010070800781;
2476730769.2319489;-85.768318176269531;
2476891025.6422052;-85.783859252929688;
2477051282.0524616;-85.762481689453125;
2477211538.462718;-85.752815246582031;
2477371794.8729744;-85.739265441894531;
2477532051.2832308;-85.712265014648437;
2477692307.6934872;-85.712265014648437;
2477852564.1037436;-85.721893310546875;
2478012820.5139999;-85.733474731445313;
2478173076.9242563;-85.714187622070313;
2478333333.3345127;-85.725761413574219;
2478493589.7447691;-85.712249755859375;
2478653846.1550255;-85.743148803710937;
2478814102.5652819;-85.781883239746094;
2478974358.9755383;-85.795516967773438;
2479134615.3857946;-85.779983520507813;
2479294871.796051;-85.799407958984375;
2479455128.2063074;-85.82476806640625;
2479615384.6165643;-85.82476806640625;
2479775641.0268207;-85.82086181640625;
2479935897.437077;-85.867820739746094;
2480096153.8473334;-85.883529663085937;
2480256410.2575898;-85.879600524902344;
2480416666.6678462;-85.883499145507813;
2480576923.0781026;-85.832572937011719;
2480737179.488359;-85.824760437011719;
2480897435.8986154;-85.885482788085938;
2481057692.3088717;-85.907150268554688;
2481217948.7191281;-85.911094665527344;
2481378205.1293845;-85.903205871582031;
2481538461.5396409;-85.911094665527344;
2481698717.9498973;-85.907150268554688;
2481858974.3601537;-85.907150268554688;
2482019230.7704101;-85.903205871582031;
2482179487.1806664;-85.89532470703125;
2482339743.5909228;-85.907150268554688;
2482500000.0011792;-85.9031982421875;
2482660256.4114356;-85.911094665527344;
2482820512.8216925;-85.90911865234375;
2482980769.2319489;-85.909126281738281;
2483141025.6422052;-85.899261474609375;
2483301282.0524616;-85.903205871582031;
2483461538.462718;-85.916999816894531;
2483621794.8729744;-85.907150268554688;
2483782051.2832308;-85.9150390625;
2483942307.6934872;-85.917007446289062;
2484102564.1037436;-85.917015075683594;
2484262820.5139999;-85.9150390625;
