Type;ESU;
Version;4.43;
Date;03.Jun 16;
Mode;ANALYZER;
Center Freq;2434262820.514000;Hz
Freq Offset;0.000000;Hz
Span;100000000.000000;Hz
x-Axis;LIN;
Start;2384262820.514000;Hz
Stop;2484262820.514000;Hz
Ref Level;-9.000000;dBm
Level Offset;0.000000;dB
Ref Position;100.000000;%
y-Axis;LOG;
Level Range;100.000000;dB
Rf Att;5.000000;dB
RBW;2000000.000000;Hz
VBW;30.000000;Hz
SWT;4.200000;s
Trace Mode;CLR/WRITE;
Detector;RMS;
Sweep Count;0;
Trace 1:;;
x-Unit;Hz;
y-Unit;dBm;
Values;625;
2384262820.5139999;-85.703910827636719;
2384423076.9242563;-85.716102600097656;
2384583333.3345127;-85.719978332519531;
2384743589.7447691;-85.716117858886719;
2384903846.1550255;-85.716117858886719;
2385064102.5652819;-85.708404541015625;
2385224358.9755383;-85.712265014648437;
2385384615.3857946;-85.702629089355469;
2385544871.796051;-85.721893310546875;
2385705128.2063074;-85.7296142578125;
2385865384.6165643;-85.707763671875;
2386025641.0268207;-85.712265014648437;
2386185897.437077;-85.710334777832031;
2386346153.8473334;-85.725761413574219;
2386506410.2575898;-85.719970703125;
2386666666.6678462;-85.714187622070313;
2386826923.0781026;-85.714187622070313;
2386987179.488359;-85.714187622070313;
2387147435.8986154;-85.719978332519531;
2387307692.3088717;-85.72186279296875;
2387467948.7191281;-85.7103271484375;
2387628205.1293845;-85.702629089355469;
2387788461.5396409;-85.710334777832031;
2387948717.9498973;-85.73345947265625;
2388108974.3601537;-85.710334777832031;
2388269230.7704101;-85.712265014648437;
2388429487.1806664;-85.704551696777344;
2388589743.5909228;-85.698776245117188;
2388750000.0011792;-85.710334777832031;
2388910256.4114356;-85.700691223144531;
2389070512.8216925;-85.698783874511719;
2389230769.2319489;-85.702629089355469;
2389391025.6422052;-85.694931030273438;
2389551282.0524616;-85.677635192871094;
2389711538.462718;-85.687240600585938;
2389871794.8729744;-85.687248229980469;
2390032051.2832308;-85.694931030273438;
2390192307.6934872;-85.688949584960938;
2390352564.1037436;-85.704559326171875;
2390512820.5139999;-85.712265014648437;
2390673076.9242563;-85.689155578613281;
2390833333.3345127;-85.689170837402344;
2390993589.7447691;-85.712265014648437;
2391153846.1550255;-85.70263671875;
2391314102.5652819;-85.710334777832031;
2391474358.9755383;-85.704551696777344;
2391634615.3857946;-85.702621459960937;
2391794871.796051;-85.671890258789063;
2391955128.2063074;-85.694931030273438;
2392115384.6165643;-85.683395385742188;
2392275641.0268207;-85.708412170410156;
2392435897.437077;-85.687240600585938;
2392596153.8473334;-85.710334777832031;
2392756410.2575898;-85.710334777832031;
2392916666.6678462;-85.711181640625;
2393076923.0781026;-85.652717590332031;
2393237179.488359;-85.681480407714844;
2393397435.8986154;-85.712265014648437;
2393557692.3088717;-85.677642822265625;
2393717948.7191281;-85.669960021972656;
2393878205.1293845;-85.641242980957031;
2394038461.5396409;-85.635513305664063;
2394198717.9498973;-85.624061584472656;
2394358974.3601537;-85.660369873046875;
2394519230.7704101;-85.669960021972656;
2394679487.1806664;-85.671882629394531;
2394839743.5909228;-85.689155578613281;
2395000000.0011792;-85.687232971191406;
2395160256.4114356;-85.637428283691406;
2395320512.8216925;-85.608810424804688;
2395480769.2319489;-85.637840270996094;
2395641025.6422052;-85.646980285644531;
2395801282.0524616;-85.679557800292969;
2395961538.462718;-85.687240600585938;
2396121794.8729744;-85.693008422851562;
2396282051.2832308;-85.698776245117188;
2396442307.6934872;-85.693000793457031;
2396602564.1037436;-85.691085815429687;
2396762820.5139999;-85.693008422851562;
2396923076.9242563;-85.704551696777344;
2397083333.3345127;-85.664192199707031;
2397243589.7447691;-85.650802612304688;
2397403846.1550255;-85.683403015136719;
2397564102.5652819;-85.689155578613281;
2397724358.9755383;-85.633583068847656;
2397884615.3857946;-85.625961303710938;
2398044871.796051;-85.618339538574219;
2398205128.2063074;-85.618339538574219;
2398365384.6165643;-85.624061584472656;
2398525641.0268207;-85.620246887207031;
2398685897.437077;-85.631050109863281;
2398846153.8473334;-85.614524841308594;
2399006410.2575898;-85.624061584472656;
2399166666.6678462;-85.614517211914062;
2399326923.0781026;-85.6107177734375;
2399487179.488359;-85.6202392578125;
2399647435.8986154;-85.6412353515625;
2399807692.3088717;-85.612617492675781;
2399967948.7191281;-85.624061584472656;
2400128205.1293845;-85.629783630371094;
2400288461.5396409;-85.616432189941406;
2400448717.9498973;-85.614524841308594;
2400608974.3601537;-85.618339538574219;
2400769230.7704101;-85.620246887207031;
2400929487.1806664;-85.622154235839844;
2401089743.5909228;-85.618339538574219;
2401250000.0011792;-85.612625122070313;
2401410256.4114356;-85.616432189941406;
2401570512.8216925;-85.643150329589844;
2401730769.2319489;-85.612617492675781;
2401891025.6422052;-85.622154235839844;
2402051282.0524616;-85.614524841308594;
2402211538.462718;-85.629783630371094;
2402371794.8729744;-85.622146606445313;
2402532051.2832308;-85.620880126953125;
2402692307.6934872;-85.618339538574219;
2402852564.1037436;-85.624061584472656;
2403012820.5139999;-85.618339538574219;
2403173076.9242563;-85.645065307617188;
2403333333.3345127;-85.618339538574219;
2403493589.7447691;-85.616432189941406;
2403653846.1550255;-85.614524841308594;
2403814102.5652819;-85.624053955078125;
2403974358.9755383;-85.620246887207031;
2404134615.3857946;-85.620246887207031;
2404294871.796051;-85.625961303710938;
2404455128.2063074;-85.618339538574219;
2404615384.6165643;-85.624275207519531;
2404775641.0268207;-85.622146606445313;
2404935897.437077;-85.643157958984375;
2405096153.8473334;-85.620246887207031;
2405256410.2575898;-85.618339538574219;
2405416666.6678462;-85.618339538574219;
2405576923.0781026;-85.608802795410156;
2405737179.488359;-85.643157958984375;
2405897435.8986154;-85.625968933105469;
2406057692.3088717;-85.641250610351563;
2406217948.7191281;-85.618339538574219;
2406378205.1293845;-85.622154235839844;
2406538461.5396409;-85.624275207519531;
2406698717.9498973;-85.624053955078125;
2406858974.3601537;-85.629783630371094;
2407019230.7704101;-85.631675720214844;
2407179487.1806664;-85.639328002929688;
2407339743.5909228;-85.641250610351563;
2407500000.0011792;-85.677597045898438;
2407660256.4114356;-85.681480407714844;
2407820512.8216925;-85.646980285644531;
2407980769.2319489;-85.648895263671875;
2408141025.6422052;-85.618339538574219;
2408301282.0524616;-85.622154235839844;
2408461538.462718;-85.624061584472656;
2408621794.8729744;-85.624061584472656;
2408782051.2832308;-85.624275207519531;
2408942307.6934872;-85.618339538574219;
2409102564.1037436;-85.629783630371094;
2409262820.5139999;-85.645057678222656;
2409423076.9242563;-85.650794982910156;
2409583333.3345127;-85.673759460449219;
2409743589.7447691;-85.693008422851562;
2409903846.1550255;-85.700706481933594;
2410064102.5652819;-85.700698852539063;
2410224358.9755383;-85.683395385742188;
2410384615.3857946;-85.687240600585938;
2410544871.796051;-85.635505676269531;
2410705128.2063074;-85.637428283691406;
2410865384.6165643;-85.670181274414063;
2411025641.0268207;-85.671890258789063;
2411185897.437077;-85.660369873046875;
2411346153.8473334;-85.658447265625;
2411506410.2575898;-85.671791076660156;
2411666666.6678462;-85.696846008300781;
2411826923.0781026;-85.689170837402344;
2411987179.488359;-85.719963073730469;
2412147435.8986154;-85.696846008300781;
2412307692.3088717;-85.658470153808594;
2412467948.7191281;-85.683364868164062;
2412628205.1293845;-85.70648193359375;
2412788461.5396409;-85.704551696777344;
2412948717.9498973;-85.710334777832031;
2413108974.3601537;-85.700706481933594;
2413269230.7704101;-85.664215087890625;
2413429487.1806664;-85.700698852539063;
2413589743.5909228;-85.700706481933594;
2413750000.0011792;-85.704559326171875;
2413910256.4114356;-85.708412170410156;
2414070512.8216925;-85.704559326171875;
2414230769.2319489;-85.6929931640625;
2414391025.6422052;-85.671890258789063;
2414551282.0524616;-85.668045043945313;
2414711538.462718;-85.664215087890625;
2414871794.8729744;-85.710334777832031;
2415032051.2832308;-85.702629089355469;
2415192307.6934872;-85.700691223144531;
2415352564.1037436;-85.669960021972656;
2415512820.5139999;-85.693008422851562;
2415673076.9242563;-85.708412170410156;
2415833333.3345127;-85.679550170898437;
2415993589.7447691;-85.702629089355469;
2416153846.1550255;-85.70263671875;
2416314102.5652819;-85.714187622070313;
2416474358.9755383;-85.693008422851562;
2416634615.3857946;-85.691085815429687;
2416794871.796051;-85.687240600585938;
2416955128.2063074;-85.708404541015625;
2417115384.6165643;-85.654609680175781;
2417275641.0268207;-85.677642822265625;
2417435897.437077;-85.700698852539063;
2417596153.8473334;-85.654624938964844;
2417756410.2575898;-85.648895263671875;
2417916666.6678462;-85.691070556640625;
2418076923.0781026;-85.700698852539063;
2418237179.488359;-85.698776245117188;
2418397435.8986154;-85.693008422851562;
2418557692.3088717;-85.70648193359375;
2418717948.7191281;-85.669960021972656;
2418878205.1293845;-85.675697326660156;
2419038461.5396409;-85.712265014648437;
2419198717.9498973;-85.698776245117188;
2419358974.3601537;-85.710334777832031;
2419519230.7704101;-85.712265014648437;
2419679487.1806664;-85.721900939941406;
2419839743.5909228;-85.683364868164062;
2420000000.0011792;-85.666130065917969;
2420160256.4114356;-85.643150329589844;
2420320512.8216925;-85.662261962890625;
2420480769.2319489;-85.641220092773438;
2420641025.6422052;-85.671875;
2420801282.0524616;-85.677642822265625;
2420961538.462718;-85.685317993164063;
2421121794.8729744;-85.687217712402344;
2421282051.2832308;-85.635505676269531;
2421442307.6934872;-85.62786865234375;
2421602564.1037436;-85.658462524414062;
2421762820.5139999;-85.633598327636719;
2421923076.9242563;-85.624061584472656;
2422083333.3345127;-85.654632568359375;
2422243589.7447691;-85.643150329589844;
2422403846.1550255;-85.681465148925781;
2422564102.5652819;-85.694931030273438;
2422724358.9755383;-85.704559326171875;
2422884615.3857946;-85.710334777832031;
2423044871.796051;-85.681465148925781;
2423205128.2063074;-85.66229248046875;
2423365384.6165643;-85.704551696777344;
2423525641.0268207;-85.683403015136719;
2423685897.437077;-85.714187622070313;
2423846153.8473334;-85.691078186035156;
2424006410.2575898;-85.708412170410156;
2424166666.6678462;-85.700698852539063;
2424326923.0781026;-85.70648193359375;
2424487179.488359;-85.70648193359375;
2424647435.8986154;-85.710334777832031;
2424807692.3088717;-85.708412170410156;
2424967948.7191281;-85.691078186035156;
2425128205.1293845;-85.704551696777344;
2425288461.5396409;-85.708412170410156;
2425448717.9498973;-85.700698852539063;
2425608974.3601537;-85.708404541015625;
2425769230.7704101;-85.700698852539063;
2425929487.1806664;-85.687225341796875;
2426089743.5909228;-85.710334777832031;
2426250000.0011792;-85.700691223144531;
2426410256.4114356;-85.711189270019531;
2426570512.8216925;-85.694923400878906;
2426730769.2319489;-85.714187622070313;
2426891025.6422052;-85.710334777832031;
2427051282.0524616;-85.704544067382812;
2427211538.462718;-85.702613830566406;
2427371794.8729744;-85.727691650390625;
2427532051.2832308;-85.700706481933594;
2427692307.6934872;-85.700691223144531;
2427852564.1037436;-85.666130065917969;
2428012820.5139999;-85.652725219726563;
2428173076.9242563;-85.656539916992188;
2428333333.3345127;-85.608779907226562;
2428493589.7447691;-85.528976440429687;
2428653846.1550255;-85.411880493164063;
2428814102.5652819;-85.252090454101563;
2428974358.9755383;-85.032981872558594;
2429134615.3857946;-84.746955871582031;
2429294871.796051;-84.06500244140625;
2429455128.2063074;-83.193107604980469;
2429615384.6165643;-82.101036071777344;
2429775641.0268207;-80.757904052734375;
2429935897.437077;-79.423797607421875;
2430096153.8473334;-77.67547607421875;
2430256410.2575898;-75.722084045410156;
2430416666.6678462;-74.128799438476563;
2430576923.0781026;-72.139572143554687;
2430737179.488359;-70.115249633789063;
2430897435.8986154;-68.771774291992188;
2431057692.3088717;-66.760581970214844;
2431217948.7191281;-65.071067810058594;
2431378205.1293845;-63.750022888183594;
2431538461.5396409;-61.782611846923828;
2431698717.9498973;-60.241359710693359;
2431858974.3601537;-58.613311767578125;
2432019230.7704101;-56.791709899902344;
2432179487.1806664;-55.254745483398438;
2432339743.5909228;-53.917526245117187;
2432500000.0011792;-52.181632995605469;
2432660256.4114356;-50.839405059814453;
2432820512.8216925;-49.622596740722656;
2432980769.2319489;-48.06805419921875;
2433141025.6422052;-46.897254943847656;
2433301282.0524616;-45.913494110107422;
2433461538.462718;-44.629013061523438;
2433621794.8729744;-43.734706878662109;
2433782051.2832308;-42.990993499755859;
2433942307.6934872;-42.120716094970703;
2434102564.1037436;-41.574520111083984;
2434262820.5139999;-41.133998870849609;
2434423076.9242563;-40.7198486328125;
2434583333.3345127;-40.582294464111328;
2434743589.7447691;-40.575794219970703;
2434903846.1550255;-40.748641967773438;
2435064102.5652819;-41.103126525878906;
2435224358.9755383;-41.471332550048828;
2435384615.3857946;-42.207588195800781;
2435544871.796051;-42.843589782714844;
2435705128.2063074;-43.555816650390625;
2435865384.6165643;-44.773410797119141;
2436025641.0268207;-45.717464447021484;
2436185897.437077;-46.646476745605469;
2436346153.8473334;-48.148025512695313;
2436506410.2575898;-49.245349884033203;
2436666666.6678462;-50.246082305908203;
2436826923.0781026;-51.952045440673828;
2436987179.488359;-53.110565185546875;
2437147435.8986154;-54.128582000732422;
2437307692.3088717;-55.941368103027344;
2437467948.7191281;-56.994407653808594;
2437628205.1293845;-58.094768524169922;
2437788461.5396409;-59.7960205078125;
2437948717.9498973;-60.895351409912109;
2438108974.3601537;-61.973075866699219;
2438269230.7704101;-63.732566833496094;
2438429487.1806664;-64.872688293457031;
2438589743.5909228;-65.915634155273438;
2438750000.0011792;-67.597923278808594;
2438910256.4114356;-68.67547607421875;
2439070512.8216925;-69.703155517578125;
2439230769.2319489;-71.511398315429687;
2439391025.6422052;-72.6923828125;
2439551282.0524616;-73.845237731933594;
2439711538.462718;-75.633491516113281;
2439871794.8729744;-76.868217468261719;
2440032051.2832308;-78.004035949707031;
2440192307.6934872;-79.870880126953125;
2440352564.1037436;-80.978530883789063;
2440512820.5139999;-81.952545166015625;
2440673076.9242563;-83.346099853515625;
2440833333.3345127;-83.994529724121094;
2440993589.7447691;-84.520889282226563;
2441153846.1550255;-85.108985900878906;
2441314102.5652819;-85.276214599609375;
2441474358.9755383;-85.442512512207031;
2441634615.3857946;-85.625961303710938;
2441794871.796051;-85.650802612304688;
2441955128.2063074;-85.694908142089844;
2442115384.6165643;-85.708412170410156;
2442275641.0268207;-85.700698852539063;
2442435897.437077;-85.694931030273438;
2442596153.8473334;-85.675697326660156;
2442756410.2575898;-85.696807861328125;
2442916666.6678462;-85.779937744140625;
2443076923.0781026;-85.815010070800781;
2443237179.488359;-85.830619812011719;
2443397435.8986154;-85.81890869140625;
2443557692.3088717;-85.820854187011719;
2443717948.7191281;-85.820854187011719;
2443878205.1293845;-85.803314208984375;
2444038461.5396409;-85.816963195800781;
2444198717.9498973;-85.815010070800781;
2444358974.3601537;-85.815010070800781;
2444519230.7704101;-85.81890869140625;
2444679487.1806664;-85.81890869140625;
2444839743.5909228;-85.81890869140625;
2445000000.0011792;-85.82086181640625;
2445160256.4114356;-85.816963195800781;
2445320512.8216925;-85.82281494140625;
2445480769.2319489;-85.826713562011719;
2445641025.6422052;-85.816963195800781;
2445801282.0524616;-85.82281494140625;
2445961538.462718;-85.828659057617188;
2446121794.8729744;-85.805267333984375;
2446282051.2832308;-85.820854187011719;
2446442307.6934872;-85.816932678222656;
2446602564.1037436;-85.813056945800781;
2446762820.5139999;-85.813056945800781;
2446923076.9242563;-85.791641235351563;
2447083333.3345127;-85.772209167480469;
2447243589.7447691;-85.723808288574219;
2447403846.1550255;-85.737342834472656;
2447564102.5652819;-85.793571472167969;
2447724358.9755383;-85.811103820800781;
2447884615.3857946;-85.807640075683594;
2448044871.796051;-85.813056945800781;
2448205128.2063074;-85.81890869140625;
2448365384.6165643;-85.813056945800781;
2448525641.0268207;-85.826713562011719;
2448685897.437077;-85.82086181640625;
2448846153.8473334;-85.816963195800781;
2449006410.2575898;-85.83062744140625;
2449166666.6678462;-85.81890869140625;
2449326923.0781026;-85.82086181640625;
2449487179.488359;-85.823234558105469;
2449647435.8986154;-85.7916259765625;
2449807692.3088717;-85.81695556640625;
2449967948.7191281;-85.82086181640625;
2450128205.1293845;-85.830619812011719;
2450288461.5396409;-85.826713562011719;
2450448717.9498973;-85.816963195800781;
2450608974.3601537;-85.816963195800781;
2450769230.7704101;-85.813056945800781;
2450929487.1806664;-85.82281494140625;
2451089743.5909228;-85.812843322753906;
2451250000.0011792;-85.858001708984375;
2451410256.4114356;-85.84234619140625;
2451570512.8216925;-85.824760437011719;
2451730769.2319489;-83.699600219726563;
2451891025.6422052;-84.767936706542969;
2452051282.0524616;-85.502288818359375;
2452211538.462718;-85.723724365234375;
2452371794.8729744;-85.758636474609375;
2452532051.2832308;-85.745071411132812;
2452692307.6934872;-85.805252075195313;
2452852564.1037436;-85.821510314941406;
2453012820.5139999;-85.834526062011719;
2453173076.9242563;-85.830619812011719;
2453333333.3345127;-85.840385437011719;
2453493589.7447691;-85.815010070800781;
2453653846.1550255;-85.826713562011719;
2453814102.5652819;-85.81890869140625;
2453974358.9755383;-85.832572937011719;
2454134615.3857946;-85.828666687011719;
2454294871.796051;-85.846267700195313;
2454455128.2063074;-85.840377807617188;
2454615384.6165643;-85.834526062011719;
2454775641.0268207;-85.828453063964844;
2454935897.437077;-85.830619812011719;
2455096153.8473334;-85.877632141113281;
2455256410.2575898;-85.887451171875;
2455416666.6678462;-85.9150390625;
2455576923.0781026;-85.897293090820313;
2455737179.488359;-85.889434814453125;
2455897435.8986154;-85.873703002929687;
2456057692.3088717;-85.81695556640625;
2456217948.7191281;-85.826713562011719;
2456378205.1293845;-85.875656127929688;
2456538461.5396409;-85.889419555664063;
2456698717.9498973;-85.870223999023438;
2456858974.3601537;-85.830604553222656;
2457019230.7704101;-85.859947204589844;
2457179487.1806664;-85.893348693847656;
2457339743.5909228;-85.887458801269531;
2457500000.0011792;-85.858024597167969;
2457660256.4114356;-85.822807312011719;
2457820512.8216925;-85.854080200195313;
2457980769.2319489;-85.891387939453125;
2458141025.6422052;-85.891395568847656;
2458301282.0524616;-85.891403198242188;
2458461538.462718;-85.911094665527344;
2458621794.8729744;-85.859977722167969;
2458782051.2832308;-85.83258056640625;
2458942307.6934872;-85.828445434570313;
2459102564.1037436;-85.867820739746094;
2459262820.5139999;-85.901237487792969;
2459423076.9242563;-85.901237487792969;
2459583333.3345127;-85.90911865234375;
2459743589.7447691;-85.899246215820313;
2459903846.1550255;-85.858009338378906;
2460064102.5652819;-85.9150390625;
2460224358.9755383;-85.887466430664063;
2460384615.3857946;-85.840385437011719;
2460544871.796051;-85.861915588378906;
2460705128.2063074;-85.883529663085937;
2460865384.6165643;-85.865859985351563;
2461025641.0268207;-85.892913818359375;
2461185897.437077;-85.895332336425781;
2461346153.8473334;-85.903205871582031;
2461506410.2575898;-85.873710632324219;
2461666666.6678462;-85.873710632324219;
2461826923.0781026;-85.905181884765625;
2461987179.488359;-85.885490417480469;
2462147435.8986154;-85.907150268554688;
2462307692.3088717;-85.922935485839844;
2462467948.7191281;-85.922935485839844;
2462628205.1293845;-85.9150390625;
2462788461.5396409;-85.917015075683594;
2462948717.9498973;-85.905174255371094;
2463108974.3601537;-85.911094665527344;
2463269230.7704101;-85.89727783203125;
2463429487.1806664;-85.90911865234375;
2463589743.5909228;-85.896400451660156;
2463750000.0011792;-85.893348693847656;
2463910256.4114356;-85.903205871582031;
2464070512.8216925;-85.895332336425781;
2464230769.2319489;-85.90911865234375;
2464391025.6422052;-85.915031433105469;
2464551282.0524616;-85.909126281738281;
2464711538.462718;-85.89727783203125;
2464871794.8729744;-85.852134704589844;
2465032051.2832308;-85.879600524902344;
2465192307.6934872;-85.911094665527344;
2465352564.1037436;-85.913063049316406;
2465512820.5139999;-85.9268798828125;
2465673076.9242563;-85.905181884765625;
2465833333.3345127;-85.917015075683594;
2465993589.7447691;-85.907150268554688;
2466153846.1550255;-85.912193298339844;
2466314102.5652819;-85.917015075683594;
2466474358.9755383;-85.911094665527344;
2466634615.3857946;-85.907150268554688;
2466794871.796051;-85.911094665527344;
2466955128.2063074;-85.917007446289062;
2467115384.6165643;-85.917015075683594;
2467275641.0268207;-85.899269104003906;
2467435897.437077;-85.9012451171875;
2467596153.8473334;-85.909126281738281;
2467756410.2575898;-85.911094665527344;
2467916666.6678462;-85.9012451171875;
2468076923.0781026;-85.920951843261719;
2468237179.488359;-85.92095947265625;
2468397435.8986154;-85.897285461425781;
2468557692.3088717;-85.932807922363281;
2468717948.7191281;-85.9150390625;
2468878205.1293845;-85.909126281738281;
2469038461.5396409;-85.905174255371094;
2469198717.9498973;-85.917007446289062;
2469358974.3601537;-85.913063049316406;
2469519230.7704101;-85.918983459472656;
2469679487.1806664;-85.9150390625;
2469839743.5909228;-85.9150390625;
2470000000.0011792;-85.918983459472656;
2470160256.4114356;-85.905174255371094;
2470320512.8216925;-85.899261474609375;
2470480769.2319489;-85.899261474609375;
2470641025.6422052;-85.913063049316406;
2470801282.0524616;-85.907150268554688;
2470961538.462718;-85.909126281738281;
2471121794.8729744;-85.911094665527344;
2471282051.2832308;-85.911094665527344;
2471442307.6934872;-85.9150390625;
2471602564.1037436;-85.899269104003906;
2471762820.5139999;-85.909126281738281;
2471923076.9242563;-85.911094665527344;
2472083333.3345127;-85.911087036132812;
2472243589.7447691;-85.909126281738281;
2472403846.1550255;-85.907150268554688;
2472564102.5652819;-85.892921447753906;
2472724358.9755383;-85.915031433105469;
2472884615.3857946;-85.899246215820313;
2473044871.796051;-85.848228454589844;
2473205128.2063074;-85.87957763671875;
2473365384.6165643;-85.909126281738281;
2473525641.0268207;-85.869773864746094;
2473685897.437077;-85.844306945800781;
2473846153.8473334;-85.828666687011719;
2474006410.2575898;-85.87762451171875;
2474166666.6678462;-85.895332336425781;
2474326923.0781026;-85.905174255371094;
2474487179.488359;-85.881568908691406;
2474647435.8986154;-85.867820739746094;
2474807692.3088717;-85.865859985351563;
2474967948.7191281;-85.877639770507813;
2475128205.1293845;-85.881561279296875;
2475288461.5396409;-85.824760437011719;
2475448717.9498973;-85.832565307617188;
2475608974.3601537;-85.863899230957031;
2475769230.7704101;-85.830596923828125;
2475929487.1806664;-85.815010070800781;
2476089743.5909228;-85.826713562011719;
2476250000.0011792;-85.816963195800781;
2476410256.4114356;-85.809158325195313;
2476570512.8216925;-85.81890869140625;
2476730769.2319489;-85.804176330566406;
2476891025.6422052;-85.766395568847656;
2477051282.0524616;-85.7547607421875;
2477211538.462718;-85.719963073730469;
2477371794.8729744;-85.714187622070313;
2477532051.2832308;-85.710334777832031;
2477692307.6934872;-85.708412170410156;
2477852564.1037436;-85.714187622070313;
2478012820.5139999;-85.694923400878906;
2478173076.9242563;-85.710334777832031;
2478333333.3345127;-85.716117858886719;
2478493589.7447691;-85.710319519042969;
2478653846.1550255;-85.708404541015625;
2478814102.5652819;-85.712257385253906;
2478974358.9755383;-85.743148803710937;
2479134615.3857946;-85.766387939453125;
2479294871.796051;-85.824752807617188;
2479455128.2063074;-85.820854187011719;
2479615384.6165643;-85.82281494140625;
2479775641.0268207;-85.82476806640625;
2479935897.437077;-85.81890869140625;
2480096153.8473334;-85.82281494140625;
2480256410.2575898;-85.826713562011719;
2480416666.6678462;-85.828666687011719;
2480576923.0781026;-85.850173950195313;
2480737179.488359;-85.911094665527344;
2480897435.8986154;-85.907150268554688;
2481057692.3088717;-85.9150390625;
2481217948.7191281;-85.907150268554688;
2481378205.1293845;-85.90911865234375;
2481538461.5396409;-85.911094665527344;
2481698717.9498973;-85.909126281738281;
2481858974.3601537;-85.909126281738281;
2482019230.7704101;-85.9150390625;
2482179487.1806664;-85.895294189453125;
2482339743.5909228;-85.887458801269531;
2482500000.0011792;-85.911094665527344;
2482660256.4114356;-85.911094665527344;
2482820512.8216925;-85.910430908203125;
2482980769.2319489;-85.911094665527344;
2483141025.6422052;-85.924903869628906;
2483301282.0524616;-85.907150268554688;
2483461538.462718;-85.913063049316406;
2483621794.8729744;-85.899269104003906;
2483782051.2832308;-85.913063049316406;
2483942307.6934872;-85.889427185058594;
2484102564.1037436;-85.897285461425781;
2484262820.5139999;-85.90911865234375;
