Type;ESU;
Version;4.43;
Date;03.Jun 16;
Mode;ANALYZER;
Center Freq;2434262820.514000;Hz
Freq Offset;0.000000;Hz
Span;100000000.000000;Hz
x-Axis;LIN;
Start;2384262820.514000;Hz
Stop;2484262820.514000;Hz
Ref Level;-9.000000;dBm
Level Offset;0.000000;dB
Ref Position;100.000000;%
y-Axis;LOG;
Level Range;100.000000;dB
Rf Att;5.000000;dB
RBW;2000000.000000;Hz
VBW;30.000000;Hz
SWT;4.200000;s
Trace Mode;CLR/WRITE;
Detector;RMS;
Sweep Count;0;
Trace 1:;;
x-Unit;Hz;
y-Unit;dBm;
Values;625;
2384262820.5139999;-85.711616516113281;
2384423076.9242563;-85.725761413574219;
2384583333.3345127;-85.7296142578125;
2384743589.7447691;-85.714187622070313;
2384903846.1550255;-85.712249755859375;
2385064102.5652819;-85.710334777832031;
2385224358.9755383;-85.719970703125;
2385384615.3857946;-85.710334777832031;
2385544871.796051;-85.712265014648437;
2385705128.2063074;-85.733489990234375;
2385865384.6165643;-85.718040466308594;
2386025641.0268207;-85.718048095703125;
2386185897.437077;-85.712265014648437;
2386346153.8473334;-85.704559326171875;
2386506410.2575898;-85.702629089355469;
2386666666.6678462;-85.7276611328125;
2386826923.0781026;-85.721893310546875;
2386987179.488359;-85.702629089355469;
2387147435.8986154;-85.696853637695313;
2387307692.3088717;-85.710334777832031;
2387467948.7191281;-85.714187622070313;
2387628205.1293845;-85.716117858886719;
2387788461.5396409;-85.719970703125;
2387948717.9498973;-85.7412109375;
2388108974.3601537;-85.712898254394531;
2388269230.7704101;-85.700698852539063;
2388429487.1806664;-85.679550170898437;
2388589743.5909228;-85.708389282226563;
2388750000.0011792;-85.710334777832031;
2388910256.4114356;-85.712265014648437;
2389070512.8216925;-85.712265014648437;
2389230769.2319489;-85.708412170410156;
2389391025.6422052;-85.712265014648437;
2389551282.0524616;-85.710334777832031;
2389711538.462718;-85.708412170410156;
2389871794.8729744;-85.708404541015625;
2390032051.2832308;-85.714187622070313;
2390192307.6934872;-85.704559326171875;
2390352564.1037436;-85.712905883789063;
2390512820.5139999;-85.714187622070313;
2390673076.9242563;-85.70648193359375;
2390833333.3345127;-85.687210083007813;
2390993589.7447691;-85.645072937011719;
2391153846.1550255;-85.683364868164062;
2391314102.5652819;-85.704559326171875;
2391474358.9755383;-85.716117858886719;
2391634615.3857946;-85.689163208007813;
2391794871.796051;-85.671890258789063;
2391955128.2063074;-85.694931030273438;
2392115384.6165643;-85.704559326171875;
2392275641.0268207;-85.710334777832031;
2392435897.437077;-85.704559326171875;
2392596153.8473334;-85.70263671875;
2392756410.2575898;-85.679557800292969;
2392916666.6678462;-85.696861267089844;
2393076923.0781026;-85.704338073730469;
2393237179.488359;-85.708412170410156;
2393397435.8986154;-85.70263671875;
2393557692.3088717;-85.693008422851562;
2393717948.7191281;-85.689155578613281;
2393878205.1293845;-85.685317993164063;
2394038461.5396409;-85.650802612304688;
2394198717.9498973;-85.633590698242188;
2394358974.3601537;-85.669967651367188;
2394519230.7704101;-85.683395385742188;
2394679487.1806664;-85.662284851074219;
2394839743.5909228;-85.625968933105469;
2395000000.0011792;-85.639335632324219;
2395160256.4114356;-85.631683349609375;
2395320512.8216925;-85.641242980957031;
2395480769.2319489;-85.631690979003906;
2395641025.6422052;-85.619186401367188;
2395801282.0524616;-85.629783630371094;
2395961538.462718;-85.624061584472656;
2396121794.8729744;-85.625968933105469;
2396282051.2832308;-85.6527099609375;
2396442307.6934872;-85.625961303710938;
2396602564.1037436;-85.652725219726563;
2396762820.5139999;-85.624061584472656;
2396923076.9242563;-85.629783630371094;
2397083333.3345127;-85.652717590332031;
2397243589.7447691;-85.629776000976563;
2397403846.1550255;-85.6202392578125;
2397564102.5652819;-85.675712585449219;
2397724358.9755383;-85.620246887207031;
2397884615.3857946;-85.625968933105469;
2398044871.796051;-85.635513305664063;
2398205128.2063074;-85.627876281738281;
2398365384.6165643;-85.625961303710938;
2398525641.0268207;-85.625961303710938;
2398685897.437077;-85.616432189941406;
2398846153.8473334;-85.622581481933594;
2399006410.2575898;-85.622146606445313;
2399166666.6678462;-85.616432189941406;
2399326923.0781026;-85.633590698242188;
2399487179.488359;-85.624061584472656;
2399647435.8986154;-85.618339538574219;
2399807692.3088717;-85.624053955078125;
2399967948.7191281;-85.631690979003906;
2400128205.1293845;-85.625961303710938;
2400288461.5396409;-85.639335632324219;
2400448717.9498973;-85.595481872558594;
2400608974.3601537;-85.624061584472656;
2400769230.7704101;-85.624061584472656;
2400929487.1806664;-85.616432189941406;
2401089743.5909228;-85.618339538574219;
2401250000.0011792;-85.620246887207031;
2401410256.4114356;-85.610710144042969;
2401570512.8216925;-85.624061584472656;
2401730769.2319489;-85.658462524414062;
2401891025.6422052;-85.669967651367188;
2402051282.0524616;-85.625968933105469;
2402211538.462718;-85.616432189941406;
2402371794.8729744;-85.620246887207031;
2402532051.2832308;-85.6202392578125;
2402692307.6934872;-85.620880126953125;
2402852564.1037436;-85.612617492675781;
2403012820.5139999;-85.620246887207031;
2403173076.9242563;-85.631690979003906;
2403333333.3345127;-85.625961303710938;
2403493589.7447691;-85.624061584472656;
2403653846.1550255;-85.627845764160156;
2403814102.5652819;-85.622154235839844;
2403974358.9755383;-85.624053955078125;
2404134615.3857946;-85.622154235839844;
2404294871.796051;-85.625968933105469;
2404455128.2063074;-85.618339538574219;
2404615384.6165643;-85.625968933105469;
2404775641.0268207;-85.612403869628906;
2404935897.437077;-85.625961303710938;
2405096153.8473334;-85.639320373535156;
2405256410.2575898;-85.629783630371094;
2405416666.6678462;-85.622154235839844;
2405576923.0781026;-85.616432189941406;
2405737179.488359;-85.624061584472656;
2405897435.8986154;-85.660377502441406;
2406057692.3088717;-85.625968933105469;
2406217948.7191281;-85.633598327636719;
2406378205.1293845;-85.618339538574219;
2406538461.5396409;-85.645034790039063;
2406698717.9498973;-85.654632568359375;
2406858974.3601537;-85.644645690917969;
2407019230.7704101;-85.679557800292969;
2407179487.1806664;-85.704559326171875;
2407339743.5909228;-85.689155578613281;
2407500000.0011792;-85.664215087890625;
2407660256.4114356;-85.68145751953125;
2407820512.8216925;-85.622154235839844;
2407980769.2319489;-85.618339538574219;
2408141025.6422052;-85.6412353515625;
2408301282.0524616;-85.673797607421875;
2408461538.462718;-85.643150329589844;
2408621794.8729744;-85.62786865234375;
2408782051.2832308;-85.639533996582031;
2408942307.6934872;-85.65655517578125;
2409102564.1037436;-85.643150329589844;
2409262820.5139999;-85.635513305664063;
2409423076.9242563;-85.637413024902344;
2409583333.3345127;-85.622154235839844;
2409743589.7447691;-85.624061584472656;
2409903846.1550255;-85.614524841308594;
2410064102.5652819;-85.631690979003906;
2410224358.9755383;-85.671859741210938;
2410384615.3857946;-85.696861267089844;
2410544871.796051;-85.702629089355469;
2410705128.2063074;-85.691085815429687;
2410865384.6165643;-85.694931030273438;
2411025641.0268207;-85.699211120605469;
2411185897.437077;-85.671875;
2411346153.8473334;-85.67572021484375;
2411506410.2575898;-85.677436828613281;
2411666666.6678462;-85.70648193359375;
2411826923.0781026;-85.70263671875;
2411987179.488359;-85.700706481933594;
2412147435.8986154;-85.708412170410156;
2412307692.3088717;-85.714187622070313;
2412467948.7191281;-85.696861267089844;
2412628205.1293845;-85.687240600585938;
2412788461.5396409;-85.702621459960937;
2412948717.9498973;-85.67572021484375;
2413108974.3601537;-85.65655517578125;
2413269230.7704101;-85.671882629394531;
2413429487.1806664;-85.67572021484375;
2413589743.5909228;-85.673797607421875;
2413750000.0011792;-85.691078186035156;
2413910256.4114356;-85.698776245117188;
2414070512.8216925;-85.700691223144531;
2414230769.2319489;-85.708412170410156;
2414391025.6422052;-85.685317993164063;
2414551282.0524616;-85.702621459960937;
2414711538.462718;-85.704551696777344;
2414871794.8729744;-85.702629089355469;
2415032051.2832308;-85.654632568359375;
2415192307.6934872;-85.658462524414062;
2415352564.1037436;-85.664215087890625;
2415512820.5139999;-85.681472778320312;
2415673076.9242563;-85.694915771484375;
2415833333.3345127;-85.70648193359375;
2415993589.7447691;-85.677642822265625;
2416153846.1550255;-85.6527099609375;
2416314102.5652819;-85.639320373535156;
2416474358.9755383;-85.641220092773438;
2416634615.3857946;-85.633598327636719;
2416794871.796051;-85.641250610351563;
2416955128.2063074;-85.625968933105469;
2417115384.6165643;-85.631690979003906;
2417275641.0268207;-85.646980285644531;
2417435897.437077;-85.694923400878906;
2417596153.8473334;-85.70263671875;
2417756410.2575898;-85.691085815429687;
2417916666.6678462;-85.696846008300781;
2418076923.0781026;-85.700691223144531;
2418237179.488359;-85.706474304199219;
2418397435.8986154;-85.708412170410156;
2418557692.3088717;-85.708412170410156;
2418717948.7191281;-85.691085815429687;
2418878205.1293845;-85.685317993164063;
2419038461.5396409;-85.689155578613281;
2419198717.9498973;-85.708412170410156;
2419358974.3601537;-85.704826354980469;
2419519230.7704101;-85.695777893066406;
2419679487.1806664;-85.689445495605469;
2419839743.5909228;-85.724891662597656;
2420000000.0011792;-85.742324829101563;
2420160256.4114356;-85.710334777832031;
2420320512.8216925;-85.696853637695313;
2420480769.2319489;-85.712265014648437;
2420641025.6422052;-85.704559326171875;
2420801282.0524616;-85.704559326171875;
2420961538.462718;-85.687240600585938;
2421121794.8729744;-85.708412170410156;
2421282051.2832308;-85.694931030273438;
2421442307.6934872;-85.693000793457031;
2421602564.1037436;-85.708412170410156;
2421762820.5139999;-85.700698852539063;
2421923076.9242563;-85.641220092773438;
2422083333.3345127;-85.625961303710938;
2422243589.7447691;-85.685287475585937;
2422403846.1550255;-85.704551696777344;
2422564102.5652819;-85.691078186035156;
2422724358.9755383;-85.666130065917969;
2422884615.3857946;-85.669960021972656;
2423044871.796051;-85.648880004882813;
2423205128.2063074;-85.625961303710938;
2423365384.6165643;-85.622154235839844;
2423525641.0268207;-85.648872375488281;
2423685897.437077;-85.696853637695313;
2423846153.8473334;-85.691078186035156;
2424006410.2575898;-85.704551696777344;
2424166666.6678462;-85.677635192871094;
2424326923.0781026;-85.700698852539063;
2424487179.488359;-85.704551696777344;
2424647435.8986154;-85.70263671875;
2424807692.3088717;-85.708412170410156;
2424967948.7191281;-85.709480285644531;
2425128205.1293845;-85.664192199707031;
2425288461.5396409;-85.671882629394531;
2425448717.9498973;-85.687232971191406;
2425608974.3601537;-85.706474304199219;
2425769230.7704101;-85.704559326171875;
2425929487.1806664;-85.698783874511719;
2426089743.5909228;-85.694931030273438;
2426250000.0011792;-85.708412170410156;
2426410256.4114356;-85.714187622070313;
2426570512.8216925;-85.698783874511719;
2426730769.2319489;-85.700698852539063;
2426891025.6422052;-85.700698852539063;
2427051282.0524616;-85.708412170410156;
2427211538.462718;-85.712265014648437;
2427371794.8729744;-85.708412170410156;
2427532051.2832308;-85.712265014648437;
2427692307.6934872;-85.704338073730469;
2427852564.1037436;-85.660369873046875;
2428012820.5139999;-85.6220703125;
2428173076.9242563;-85.58013916015625;
2428333333.3345127;-85.456932067871094;
2428493589.7447691;-85.31707763671875;
2428653846.1550255;-85.077934265136719;
2428814102.5652819;-84.807662963867188;
2428974358.9755383;-84.2115478515625;
2429134615.3857946;-83.517868041992188;
2429294871.796051;-82.6060791015625;
2429455128.2063074;-81.3096923828125;
2429615384.6165643;-79.728294372558594;
2429775641.0268207;-77.990966796875;
2429935897.437077;-76.297126770019531;
2430096153.8473334;-74.587509155273438;
2430256410.2575898;-72.742095947265625;
2430416666.6678462;-70.441093444824219;
2430576923.0781026;-68.694572448730469;
2430737179.488359;-66.801780700683594;
2430897435.8986154;-65.0513916015625;
2431057692.3088717;-63.588245391845703;
2431217948.7191281;-61.820953369140625;
2431378205.1293845;-60.06353759765625;
2431538461.5396409;-58.839450836181641;
2431698717.9498973;-57.083225250244141;
2431858974.3601537;-55.396289825439453;
2432019230.7704101;-53.994773864746094;
2432179487.1806664;-52.183204650878906;
2432339743.5909228;-50.768451690673828;
2432500000.0011792;-49.550205230712891;
2432660256.4114356;-47.883182525634766;
2432820512.8216925;-46.493858337402344;
2432980769.2319489;-45.508476257324219;
2433141025.6422052;-44.120708465576172;
2433301282.0524616;-42.836040496826172;
2433461538.462718;-41.846878051757813;
2433621794.8729744;-40.69158935546875;
2433782051.2832308;-39.797267913818359;
2433942307.6934872;-39.075283050537109;
2434102564.1037436;-38.203018188476562;
2434262820.5139999;-37.733127593994141;
2434423076.9242563;-37.347587585449219;
2434583333.3345127;-37.128719329833984;
2434743589.7447691;-37.131603240966797;
2434903846.1550255;-37.135425567626953;
2435064102.5652819;-37.410751342773437;
2435224358.9755383;-37.77154541015625;
2435384615.3857946;-38.235141754150391;
2435544871.796051;-39.072624206542969;
2435705128.2063074;-39.773597717285156;
2435865384.6165643;-40.526893615722656;
2436025641.0268207;-41.699810028076172;
2436185897.437077;-42.798561096191406;
2436346153.8473334;-43.702316284179688;
2436506410.2575898;-45.158027648925781;
2436666666.6678462;-46.242221832275391;
2436826923.0781026;-47.275104522705078;
2436987179.488359;-49.009971618652344;
2437147435.8986154;-50.306842803955078;
2437307692.3088717;-51.288375854492188;
2437467948.7191281;-52.946342468261719;
2437628205.1293845;-54.124660491943359;
2437788461.5396409;-55.291263580322266;
2437948717.9498973;-57.019126892089844;
2438108974.3601537;-58.246070861816406;
2438269230.7704101;-59.391998291015625;
2438429487.1806664;-61.211864471435547;
2438589743.5909228;-62.462337493896484;
2438750000.0011792;-63.661785125732422;
2438910256.4114356;-65.356216430664063;
2439070512.8216925;-66.489692687988281;
2439230769.2319489;-67.611305236816406;
2439391025.6422052;-69.430953979492187;
2439551282.0524616;-70.660491943359375;
2439711538.462718;-71.890068054199219;
2439871794.8729744;-73.761764526367188;
2440032051.2832308;-75.060882568359375;
2440192307.6934872;-76.359039306640625;
2440352564.1037436;-78.36907958984375;
2440512820.5139999;-79.620780944824219;
2440673076.9242563;-80.772865295410156;
2440833333.3345127;-82.494033813476563;
2440993589.7447691;-83.374000549316406;
2441153846.1550255;-84.133247375488281;
2441314102.5652819;-84.83251953125;
2441474358.9755383;-85.071327209472656;
2441634615.3857946;-85.297760009765625;
2441794871.796051;-85.565055847167969;
2441955128.2063074;-85.624061584472656;
2442115384.6165643;-85.648872375488281;
2442275641.0268207;-85.712265014648437;
2442435897.437077;-85.721900939941406;
2442596153.8473334;-85.7392578125;
2442756410.2575898;-85.805244445800781;
2442916666.6678462;-85.815010070800781;
2443076923.0781026;-85.82281494140625;
2443237179.488359;-85.805259704589844;
2443397435.8986154;-85.778038024902344;
2443557692.3088717;-85.699180603027344;
2443717948.7191281;-85.744514465332031;
2443878205.1293845;-85.778228759765625;
2444038461.5396409;-85.712226867675781;
2444198717.9498973;-85.807182312011719;
2444358974.3601537;-85.760566711425781;
2444519230.7704101;-85.66033935546875;
2444679487.1806664;-85.606895446777344;
2444839743.5909228;-85.641143798828125;
2445000000.0011792;-85.772140502929687;
2445160256.4114356;-85.80718994140625;
2445320512.8216925;-85.7547607421875;
2445480769.2319489;-85.779975891113281;
2445641025.6422052;-85.81890869140625;
2445801282.0524616;-85.82086181640625;
2445961538.462718;-85.811103820800781;
2446121794.8729744;-85.82086181640625;
2446282051.2832308;-85.816963195800781;
2446442307.6934872;-85.820854187011719;
2446602564.1037436;-85.840385437011719;
2446762820.5139999;-85.818878173828125;
2446923076.9242563;-85.81304931640625;
2447083333.3345127;-85.733482360839844;
2447243589.7447691;-85.77996826171875;
2447403846.1550255;-85.816947937011719;
2447564102.5652819;-85.795501708984375;
2447724358.9755383;-85.803306579589844;
2447884615.3857946;-85.826713562011719;
2448044871.796051;-85.820854187011719;
2448205128.2063074;-85.81890869140625;
2448365384.6165643;-85.815010070800781;
2448525641.0268207;-85.823249816894531;
2448685897.437077;-85.815010070800781;
2448846153.8473334;-85.813056945800781;
2449006410.2575898;-85.83648681640625;
2449166666.6678462;-85.824760437011719;
2449326923.0781026;-85.816963195800781;
2449487179.488359;-85.73150634765625;
2449647435.8986154;-85.762481689453125;
2449807692.3088717;-85.82476806640625;
2449967948.7191281;-85.813056945800781;
2450128205.1293845;-85.805259704589844;
2450288461.5396409;-85.816307067871094;
2450448717.9498973;-85.807212829589844;
2450608974.3601537;-85.81890869140625;
2450769230.7704101;-84.143943786621094;
2450929487.1806664;-83.526351928710938;
2451089743.5909228;-85.16766357421875;
2451250000.0011792;-85.641036987304688;
2451410256.4114356;-85.793548583984375;
2451570512.8216925;-85.81890869140625;
2451730769.2319489;-85.787742614746094;
2451891025.6422052;-85.659835815429688;
2452051282.0524616;-85.7103271484375;
2452211538.462718;-85.731544494628906;
2452371794.8729744;-85.774124145507813;
2452532051.2832308;-85.81890869140625;
2452692307.6934872;-85.816963195800781;
2452852564.1037436;-85.801361083984375;
2453012820.5139999;-85.81890869140625;
2453173076.9242563;-85.811111450195313;
2453333333.3345127;-85.828659057617188;
2453493589.7447691;-85.816963195800781;
2453653846.1550255;-85.811111450195313;
2453814102.5652819;-85.818038940429687;
2453974358.9755383;-85.820854187011719;
2454134615.3857946;-85.787734985351563;
2454294871.796051;-85.766265869140625;
2454455128.2063074;-85.593681335449219;
2454615384.6165643;-85.432304382324219;
2454775641.0268207;-85.729515075683594;
2454935897.437077;-85.813056945800781;
2455096153.8473334;-85.82281494140625;
2455256410.2575898;-85.82086181640625;
2455416666.6678462;-85.816963195800781;
2455576923.0781026;-85.818038940429687;
2455737179.488359;-85.82086181640625;
2455897435.8986154;-85.83648681640625;
2456057692.3088717;-85.848220825195313;
2456217948.7191281;-85.873710632324219;
2456378205.1293845;-85.881568908691406;
2456538461.5396409;-85.887458801269531;
2456698717.9498973;-85.883522033691406;
2456858974.3601537;-85.72979736328125;
2457019230.7704101;-85.466201782226562;
2457179487.1806664;-85.750816345214844;
2457339743.5909228;-85.818893432617188;
2457500000.0011792;-85.822807312011719;
2457660256.4114356;-85.8388671875;
2457820512.8216925;-85.838424682617187;
2457980769.2319489;-85.83843994140625;
2458141025.6422052;-85.826713562011719;
2458301282.0524616;-85.807197570800781;
2458461538.462718;-85.799339294433594;
2458621794.8729744;-85.897300720214844;
2458782051.2832308;-85.867752075195313;
2458942307.6934872;-85.856048583984375;
2459102564.1037436;-85.879562377929688;
2459262820.5139999;-85.891365051269531;
2459423076.9242563;-85.826675415039063;
2459583333.3345127;-85.830604553222656;
2459743589.7447691;-85.742057800292969;
2459903846.1550255;-85.631332397460938;
2460064102.5652819;-85.627830505371094;
2460224358.9755383;-85.766357421875;
2460384615.3857946;-85.836441040039063;
2460544871.796051;-85.735275268554688;
2460705128.2063074;-85.727691650390625;
2460865384.6165643;-85.772201538085938;
2461025641.0268207;-85.838409423828125;
2461185897.437077;-85.842330932617187;
2461346153.8473334;-85.83648681640625;
2461506410.2575898;-85.877601623535156;
2461666666.6678462;-85.861907958984375;
2461826923.0781026;-85.885490417480469;
2461987179.488359;-85.907150268554688;
2462147435.8986154;-85.910438537597656;
2462307692.3088717;-85.909126281738281;
2462467948.7191281;-85.899253845214844;
2462628205.1293845;-85.9150390625;
2462788461.5396409;-85.905174255371094;
2462948717.9498973;-85.911094665527344;
2463108974.3601537;-85.905174255371094;
2463269230.7704101;-85.911094665527344;
2463429487.1806664;-85.907150268554688;
2463589743.5909228;-85.897300720214844;
2463750000.0011792;-85.911094665527344;
2463910256.4114356;-85.90911865234375;
2464070512.8216925;-85.909126281738281;
2464230769.2319489;-85.913063049316406;
2464391025.6422052;-85.917015075683594;
2464551282.0524616;-85.9150390625;
2464711538.462718;-85.912193298339844;
2464871794.8729744;-85.924903869628906;
2465032051.2832308;-85.909126281738281;
2465192307.6934872;-85.913063049316406;
2465352564.1037436;-85.911094665527344;
2465512820.5139999;-85.9150390625;
2465673076.9242563;-85.905174255371094;
2465833333.3345127;-85.913063049316406;
2465993589.7447691;-85.920936584472656;
2466153846.1550255;-85.9031982421875;
2466314102.5652819;-85.918983459472656;
2466474358.9755383;-85.913063049316406;
2466634615.3857946;-85.911087036132812;
2466794871.796051;-85.907150268554688;
2466955128.2063074;-85.917015075683594;
2467115384.6165643;-85.909126281738281;
2467275641.0268207;-85.9150390625;
2467435897.437077;-85.9139404296875;
2467596153.8473334;-85.911094665527344;
2467756410.2575898;-85.913063049316406;
2467916666.6678462;-85.90911865234375;
2468076923.0781026;-85.907135009765625;
2468237179.488359;-85.905174255371094;
2468397435.8986154;-85.913063049316406;
2468557692.3088717;-85.913063049316406;
2468717948.7191281;-85.911094665527344;
2468878205.1293845;-85.911094665527344;
2469038461.5396409;-85.905174255371094;
2469198717.9498973;-85.917015075683594;
2469358974.3601537;-85.9150390625;
2469519230.7704101;-85.911094665527344;
2469679487.1806664;-85.924903869628906;
2469839743.5909228;-85.911079406738281;
2470000000.0011792;-85.893348693847656;
2470160256.4114356;-85.907150268554688;
2470320512.8216925;-85.938743591308594;
2470480769.2319489;-85.905174255371094;
2470641025.6422052;-85.905181884765625;
2470801282.0524616;-85.913063049316406;
2470961538.462718;-85.9150390625;
2471121794.8729744;-85.907150268554688;
2471282051.2832308;-85.909126281738281;
2471442307.6934872;-85.913063049316406;
2471602564.1037436;-85.897300720214844;
2471762820.5139999;-85.9031982421875;
2471923076.9242563;-85.926856994628906;
2472083333.3345127;-85.893363952636719;
2472243589.7447691;-85.891387939453125;
2472403846.1550255;-85.897300720214844;
2472564102.5652819;-85.891372680664063;
2472724358.9755383;-85.850181579589844;
2472884615.3857946;-85.82672119140625;
2473044871.796051;-85.840377807617188;
2473205128.2063074;-85.859954833984375;
2473365384.6165643;-85.85211181640625;
2473525641.0268207;-85.863899230957031;
2473685897.437077;-85.867782592773438;
2473846153.8473334;-85.832542419433594;
2474006410.2575898;-85.842353820800781;
2474166666.6678462;-85.845832824707031;
2474326923.0781026;-85.832572937011719;
2474487179.488359;-85.818901062011719;
2474647435.8986154;-85.82281494140625;
2474807692.3088717;-85.81109619140625;
2474967948.7191281;-85.824760437011719;
2475128205.1293845;-85.859970092773437;
2475288461.5396409;-85.905181884765625;
2475448717.9498973;-85.883506774902344;
2475608974.3601537;-85.893348693847656;
2475769230.7704101;-85.869781494140625;
2475929487.1806664;-85.863899230957031;
2476089743.5909228;-85.820854187011719;
2476250000.0011792;-85.811103820800781;
2476410256.4114356;-85.815010070800781;
2476570512.8216925;-85.82281494140625;
2476730769.2319489;-85.816963195800781;
2476891025.6422052;-85.783859252929688;
2477051282.0524616;-85.764457702636719;
2477211538.462718;-85.787727355957031;
2477371794.8729744;-85.807212829589844;
2477532051.2832308;-85.811111450195313;
2477692307.6934872;-85.805252075195313;
2477852564.1037436;-85.807205200195313;
2478012820.5139999;-85.799415588378906;
2478173076.9242563;-85.791633605957031;
2478333333.3345127;-85.801361083984375;
2478493589.7447691;-85.805259704589844;
2478653846.1550255;-85.795524597167969;
2478814102.5652819;-85.807212829589844;
2478974358.9755383;-85.788604736328125;
2479134615.3857946;-85.809158325195313;
2479294871.796051;-85.826705932617188;
2479455128.2063074;-85.805259704589844;
2479615384.6165643;-85.818901062011719;
2479775641.0268207;-85.8619384765625;
2479935897.437077;-85.863899230957031;
2480096153.8473334;-85.873710632324219;
2480256410.2575898;-85.850181579589844;
2480416666.6678462;-85.887458801269531;
2480576923.0781026;-85.907150268554688;
2480737179.488359;-85.887458801269531;
2480897435.8986154;-85.907150268554688;
2481057692.3088717;-85.899253845214844;
2481217948.7191281;-85.9288330078125;
2481378205.1293845;-85.915031433105469;
2481538461.5396409;-85.907150268554688;
2481698717.9498973;-85.905174255371094;
2481858974.3601537;-85.9150390625;
2482019230.7704101;-85.930839538574219;
2482179487.1806664;-85.905174255371094;
2482339743.5909228;-85.913063049316406;
2482500000.0011792;-85.907150268554688;
2482660256.4114356;-85.9150390625;
2482820512.8216925;-85.9169921875;
2482980769.2319489;-85.913063049316406;
2483141025.6422052;-85.9150390625;
2483301282.0524616;-85.918983459472656;
2483461538.462718;-85.911094665527344;
2483621794.8729744;-85.907150268554688;
2483782051.2832308;-85.909126281738281;
2483942307.6934872;-85.913063049316406;
2484102564.1037436;-85.9031982421875;
2484262820.5139999;-85.887443542480469;
