Type;ESU;
Version;4.43;
Date;03.Jun 16;
Mode;ANALYZER;
Center Freq;2434262820.514000;Hz
Freq Offset;0.000000;Hz
Span;100000000.000000;Hz
x-Axis;LIN;
Start;2384262820.514000;Hz
Stop;2484262820.514000;Hz
Ref Level;-9.000000;dBm
Level Offset;0.000000;dB
Ref Position;100.000000;%
y-Axis;LOG;
Level Range;100.000000;dB
Rf Att;5.000000;dB
RBW;2000000.000000;Hz
VBW;30.000000;Hz
SWT;4.200000;s
Trace Mode;CLR/WRITE;
Detector;RMS;
Sweep Count;0;
Trace 1:;;
x-Unit;Hz;
y-Unit;dBm;
Values;625;
2384262820.5139999;-85.70648193359375;
2384423076.9242563;-85.719955444335938;
2384583333.3345127;-85.723831176757813;
2384743589.7447691;-85.718032836914063;
2384903846.1550255;-85.721893310546875;
2385064102.5652819;-85.710334777832031;
2385224358.9755383;-85.687240600585938;
2385384615.3857946;-85.706474304199219;
2385544871.796051;-85.712265014648437;
2385705128.2063074;-85.714187622070313;
2385865384.6165643;-85.708396911621094;
2386025641.0268207;-85.708404541015625;
2386185897.437077;-85.700698852539063;
2386346153.8473334;-85.707763671875;
2386506410.2575898;-85.712265014648437;
2386666666.6678462;-85.710334777832031;
2386826923.0781026;-85.70648193359375;
2386987179.488359;-85.710334777832031;
2387147435.8986154;-85.721900939941406;
2387307692.3088717;-85.710334777832031;
2387467948.7191281;-85.710334777832031;
2387628205.1293845;-85.727684020996094;
2387788461.5396409;-85.723831176757813;
2387948717.9498973;-85.718040466308594;
2388108974.3601537;-85.708404541015625;
2388269230.7704101;-85.704559326171875;
2388429487.1806664;-85.694076538085938;
2388589743.5909228;-85.712249755859375;
2388750000.0011792;-85.702629089355469;
2388910256.4114356;-85.710334777832031;
2389070512.8216925;-85.710334777832031;
2389230769.2319489;-85.710334777832031;
2389391025.6422052;-85.70648193359375;
2389551282.0524616;-85.710334777832031;
2389711538.462718;-85.708412170410156;
2389871794.8729744;-85.704559326171875;
2390032051.2832308;-85.70648193359375;
2390192307.6934872;-85.700698852539063;
2390352564.1037436;-85.710334777832031;
2390512820.5139999;-85.700698852539063;
2390673076.9242563;-85.712257385253906;
2390833333.3345127;-85.714607238769531;
2390993589.7447691;-85.694931030273438;
2391153846.1550255;-85.704559326171875;
2391314102.5652819;-85.710334777832031;
2391474358.9755383;-85.693008422851562;
2391634615.3857946;-85.702629089355469;
2391794871.796051;-85.70263671875;
2391955128.2063074;-85.698783874511719;
2392115384.6165643;-85.702629089355469;
2392275641.0268207;-85.677642822265625;
2392435897.437077;-85.694931030273438;
2392596153.8473334;-85.696853637695313;
2392756410.2575898;-85.681465148925781;
2392916666.6678462;-85.64697265625;
2393076923.0781026;-85.637420654296875;
2393237179.488359;-85.627876281738281;
2393397435.8986154;-85.622581481933594;
2393557692.3088717;-85.627845764160156;
2393717948.7191281;-85.635513305664063;
2393878205.1293845;-85.662269592285156;
2394038461.5396409;-85.658447265625;
2394198717.9498973;-85.631690979003906;
2394358974.3601537;-85.620246887207031;
2394519230.7704101;-85.625961303710938;
2394679487.1806664;-85.633598327636719;
2394839743.5909228;-85.639305114746094;
2395000000.0011792;-85.633598327636719;
2395160256.4114356;-85.622146606445313;
2395320512.8216925;-85.620246887207031;
2395480769.2319489;-85.627876281738281;
2395641025.6422052;-85.629776000976563;
2395801282.0524616;-85.664215087890625;
2395961538.462718;-85.652679443359375;
2396121794.8729744;-85.608802795410156;
2396282051.2832308;-85.624267578125;
2396442307.6934872;-85.641250610351563;
2396602564.1037436;-85.633598327636719;
2396762820.5139999;-85.6412353515625;
2396923076.9242563;-85.624053955078125;
2397083333.3345127;-85.643150329589844;
2397243589.7447691;-85.666122436523438;
2397403846.1550255;-85.635505676269531;
2397564102.5652819;-85.629783630371094;
2397724358.9755383;-85.641220092773438;
2397884615.3857946;-85.683403015136719;
2398044871.796051;-85.67572021484375;
2398205128.2063074;-85.624061584472656;
2398365384.6165643;-85.624061584472656;
2398525641.0268207;-85.654640197753906;
2398685897.437077;-85.622154235839844;
2398846153.8473334;-85.618339538574219;
2399006410.2575898;-85.624053955078125;
2399166666.6678462;-85.624061584472656;
2399326923.0781026;-85.622146606445313;
2399487179.488359;-85.618331909179687;
2399647435.8986154;-85.619186401367188;
2399807692.3088717;-85.622154235839844;
2399967948.7191281;-85.618339538574219;
2400128205.1293845;-85.637428283691406;
2400288461.5396409;-85.610694885253906;
2400448717.9498973;-85.616416931152344;
2400608974.3601537;-85.624061584472656;
2400769230.7704101;-85.627876281738281;
2400929487.1806664;-85.624061584472656;
2401089743.5909228;-85.601188659667969;
2401250000.0011792;-85.616432189941406;
2401410256.4114356;-85.614524841308594;
2401570512.8216925;-85.616432189941406;
2401730769.2319489;-85.616432189941406;
2401891025.6422052;-85.618339538574219;
2402051282.0524616;-85.616432189941406;
2402211538.462718;-85.597381591796875;
2402371794.8729744;-85.620246887207031;
2402532051.2832308;-85.610710144042969;
2402692307.6934872;-85.620246887207031;
2402852564.1037436;-85.624061584472656;
2403012820.5139999;-85.618339538574219;
2403173076.9242563;-85.618339538574219;
2403333333.3345127;-85.620872497558594;
2403493589.7447691;-85.627876281738281;
2403653846.1550255;-85.6202392578125;
2403814102.5652819;-85.625961303710938;
2403974358.9755383;-85.633583068847656;
2404134615.3857946;-85.652725219726563;
2404294871.796051;-85.645065307617188;
2404455128.2063074;-85.654624938964844;
2404615384.6165643;-85.620246887207031;
2404775641.0268207;-85.618339538574219;
2404935897.437077;-85.624061584472656;
2405096153.8473334;-85.625968933105469;
2405256410.2575898;-85.615791320800781;
2405416666.6678462;-85.625961303710938;
2405576923.0781026;-85.624061584472656;
2405737179.488359;-85.624061584472656;
2405897435.8986154;-85.622154235839844;
2406057692.3088717;-85.616409301757812;
2406217948.7191281;-85.622146606445313;
2406378205.1293845;-85.625961303710938;
2406538461.5396409;-85.614524841308594;
2406698717.9498973;-85.614524841308594;
2406858974.3601537;-85.622146606445313;
2407019230.7704101;-85.620246887207031;
2407179487.1806664;-85.625968933105469;
2407339743.5909228;-85.639335632324219;
2407500000.0011792;-85.635513305664063;
2407660256.4114356;-85.637405395507813;
2407820512.8216925;-85.624053955078125;
2407980769.2319489;-85.620246887207031;
2408141025.6422052;-85.62786865234375;
2408301282.0524616;-85.666114807128906;
2408461538.462718;-85.641250610351563;
2408621794.8729744;-85.631690979003906;
2408782051.2832308;-85.637420654296875;
2408942307.6934872;-85.631690979003906;
2409102564.1037436;-85.629783630371094;
2409262820.5139999;-85.659927368164062;
2409423076.9242563;-85.696853637695313;
2409583333.3345127;-85.704559326171875;
2409743589.7447691;-85.712265014648437;
2409903846.1550255;-85.698776245117188;
2410064102.5652819;-85.668045043945313;
2410224358.9755383;-85.704551696777344;
2410384615.3857946;-85.664215087890625;
2410544871.796051;-85.673782348632813;
2410705128.2063074;-85.668037414550781;
2410865384.6165643;-85.685317993164063;
2411025641.0268207;-85.698776245117188;
2411185897.437077;-85.710334777832031;
2411346153.8473334;-85.660354614257813;
2411506410.2575898;-85.660659790039062;
2411666666.6678462;-85.70703125;
2411826923.0781026;-85.72381591796875;
2411987179.488359;-85.709480285644531;
2412147435.8986154;-85.70263671875;
2412307692.3088717;-85.70263671875;
2412467948.7191281;-85.70263671875;
2412628205.1293845;-85.704551696777344;
2412788461.5396409;-85.706474304199219;
2412948717.9498973;-85.704559326171875;
2413108974.3601537;-85.708412170410156;
2413269230.7704101;-85.70648193359375;
2413429487.1806664;-85.70648193359375;
2413589743.5909228;-85.700698852539063;
2413750000.0011792;-85.696846008300781;
2413910256.4114356;-85.704559326171875;
2414070512.8216925;-85.710334777832031;
2414230769.2319489;-85.671859741210938;
2414391025.6422052;-85.635498046875;
2414551282.0524616;-85.687240600585938;
2414711538.462718;-85.70648193359375;
2414871794.8729744;-85.708412170410156;
2415032051.2832308;-85.708412170410156;
2415192307.6934872;-85.698776245117188;
2415352564.1037436;-85.700706481933594;
2415512820.5139999;-85.708412170410156;
2415673076.9242563;-85.70648193359375;
2415833333.3345127;-85.700698852539063;
2415993589.7447691;-85.681472778320312;
2416153846.1550255;-85.673805236816406;
2416314102.5652819;-85.669944763183594;
2416474358.9755383;-85.643150329589844;
2416634615.3857946;-85.669960021972656;
2416794871.796051;-85.664215087890625;
2416955128.2063074;-85.66229248046875;
2417115384.6165643;-85.702629089355469;
2417275641.0268207;-85.696853637695313;
2417435897.437077;-85.691619873046875;
2417596153.8473334;-85.711189270019531;
2417756410.2575898;-85.707023620605469;
2417916666.6678462;-85.712905883789063;
2418076923.0781026;-85.700431823730469;
2418237179.488359;-85.673561096191406;
2418397435.8986154;-85.680656433105469;
2418557692.3088717;-85.656539916992188;
2418717948.7191281;-85.650772094726563;
2418878205.1293845;-85.685317993164063;
2419038461.5396409;-85.714187622070313;
2419198717.9498973;-85.708412170410156;
2419358974.3601537;-85.691047668457031;
2419519230.7704101;-85.658462524414062;
2419679487.1806664;-85.677635192871094;
2419839743.5909228;-85.704551696777344;
2420000000.0011792;-85.708412170410156;
2420160256.4114356;-85.70648193359375;
2420320512.8216925;-85.700698852539063;
2420480769.2319489;-85.679550170898437;
2420641025.6422052;-85.645057678222656;
2420801282.0524616;-85.625968933105469;
2420961538.462718;-85.677635192871094;
2421121794.8729744;-85.673805236816406;
2421282051.2832308;-85.6412353515625;
2421442307.6934872;-85.631683349609375;
2421602564.1037436;-85.700691223144531;
2421762820.5139999;-85.706474304199219;
2421923076.9242563;-85.689125061035156;
2422083333.3345127;-85.624061584472656;
2422243589.7447691;-85.643142700195313;
2422403846.1550255;-85.664215087890625;
2422564102.5652819;-85.67572021484375;
2422724358.9755383;-85.669960021972656;
2422884615.3857946;-85.677642822265625;
2423044871.796051;-85.683403015136719;
2423205128.2063074;-85.70263671875;
2423365384.6165643;-85.710334777832031;
2423525641.0268207;-85.702629089355469;
2423685897.437077;-85.673782348632813;
2423846153.8473334;-85.631683349609375;
2424006410.2575898;-85.648895263671875;
2424166666.6678462;-85.664215087890625;
2424326923.0781026;-85.660385131835938;
2424487179.488359;-85.679542541503906;
2424647435.8986154;-85.683387756347656;
2424807692.3088717;-85.673805236816406;
2424967948.7191281;-85.704551696777344;
2425128205.1293845;-85.712265014648437;
2425288461.5396409;-85.710334777832031;
2425448717.9498973;-85.70947265625;
2425608974.3601537;-85.739288330078125;
2425769230.7704101;-85.712265014648437;
2425929487.1806664;-85.696853637695313;
2426089743.5909228;-85.694923400878906;
2426250000.0011792;-85.712265014648437;
2426410256.4114356;-85.687248229980469;
2426570512.8216925;-85.708412170410156;
2426730769.2319489;-85.70263671875;
2426891025.6422052;-85.716117858886719;
2427051282.0524616;-85.710334777832031;
2427211538.462718;-85.712265014648437;
2427371794.8729744;-85.712265014648437;
2427532051.2832308;-85.693000793457031;
2427692307.6934872;-85.714179992675781;
2427852564.1037436;-85.708412170410156;
2428012820.5139999;-85.690650939941406;
2428173076.9242563;-85.671836853027344;
2428333333.3345127;-85.616241455078125;
2428493589.7447691;-85.536201477050781;
2428653846.1550255;-85.44189453125;
2428814102.5652819;-84.007049560546875;
2428974358.9755383;-83.902732849121094;
2429134615.3857946;-84.258529663085938;
2429294871.796051;-83.957389831542969;
2429455128.2063074;-83.358161926269531;
2429615384.6165643;-81.647842407226563;
2429775641.0268207;-80.883384704589844;
2429935897.437077;-79.615631103515625;
2430096153.8473334;-77.972091674804688;
2430256410.2575898;-75.962715148925781;
2430416666.6678462;-74.473464965820313;
2430576923.0781026;-72.297294616699219;
2430737179.488359;-70.81329345703125;
2430897435.8986154;-69.387062072753906;
2431057692.3088717;-67.22015380859375;
2431217948.7191281;-65.512298583984375;
2431378205.1293845;-64.142593383789063;
2431538461.5396409;-62.153915405273437;
2431698717.9498973;-60.654273986816406;
2431858974.3601537;-59.342327117919922;
2432019230.7704101;-57.504146575927734;
2432179487.1806664;-56.073085784912109;
2432339743.5909228;-54.853507995605469;
2432500000.0011792;-53.130165100097656;
2432660256.4114356;-51.782333374023437;
2432820512.8216925;-50.559581756591797;
2432980769.2319489;-48.933017730712891;
2433141025.6422052;-47.742156982421875;
2433301282.0524616;-46.651676177978516;
2433461538.462718;-45.394359588623047;
2433621794.8729744;-44.587337493896484;
2433782051.2832308;-43.7882080078125;
2433942307.6934872;-42.7823486328125;
2434102564.1037436;-42.189208984375;
2434262820.5139999;-41.688289642333984;
2434423076.9242563;-41.126781463623047;
2434583333.3345127;-40.899688720703125;
2434743589.7447691;-40.781593322753906;
2434903846.1550255;-41.0531005859375;
2435064102.5652819;-41.387588500976563;
2435224358.9755383;-41.685932159423828;
2435384615.3857946;-42.299037933349609;
2435544871.796051;-42.837879180908203;
2435705128.2063074;-43.543537139892578;
2435865384.6165643;-44.639980316162109;
2436025641.0268207;-45.456695556640625;
2436185897.437077;-46.469261169433594;
2436346153.8473334;-47.937129974365234;
2436506410.2575898;-49.023601531982422;
2436666666.6678462;-50.179737091064453;
2436826923.0781026;-51.737953186035156;
2436987179.488359;-52.790439605712891;
2437147435.8986154;-54.045669555664063;
2437307692.3088717;-55.659221649169922;
2437467948.7191281;-56.70599365234375;
2437628205.1293845;-58.023300170898438;
2437788461.5396409;-59.784008026123047;
2437948717.9498973;-60.914676666259766;
2438108974.3601537;-62.157390594482422;
2438269230.7704101;-63.813701629638672;
2438429487.1806664;-64.829978942871094;
2438589743.5909228;-66.052993774414063;
2438750000.0011792;-67.664726257324219;
2438910256.4114356;-68.675483703613281;
2439070512.8216925;-69.960578918457031;
2439230769.2319489;-71.734275817871094;
2439391025.6422052;-72.760429382324219;
2439551282.0524616;-74.086837768554688;
2439711538.462718;-75.5809326171875;
2439871794.8729744;-76.629264831542969;
2440032051.2832308;-78.007232666015625;
2440192307.6934872;-79.517982482910156;
2440352564.1037436;-80.512046813964844;
2440512820.5139999;-81.8076171875;
2440673076.9242563;-83.110786437988281;
2440833333.3345127;-83.776535034179688;
2440993589.7447691;-84.438270568847656;
2441153846.1550255;-84.964370727539063;
2441314102.5652819;-85.179550170898437;
2441474358.9755383;-85.399421691894531;
2441634615.3857946;-85.608795166015625;
2441794871.796051;-85.616401672363281;
2441955128.2063074;-85.710319519042969;
2442115384.6165643;-85.745086669921875;
2442275641.0268207;-85.745086669921875;
2442435897.437077;-85.781913757324219;
2442596153.8473334;-85.811103820800781;
2442756410.2575898;-85.81890869140625;
2442916666.6678462;-85.82086181640625;
2443076923.0781026;-85.828666687011719;
2443237179.488359;-85.815010070800781;
2443397435.8986154;-85.81890869140625;
2443557692.3088717;-85.82086181640625;
2443717948.7191281;-85.7955322265625;
2443878205.1293845;-85.803291320800781;
2444038461.5396409;-85.81109619140625;
2444198717.9498973;-85.815010070800781;
2444358974.3601537;-85.82476806640625;
2444519230.7704101;-85.82086181640625;
2444679487.1806664;-85.816963195800781;
2444839743.5909228;-85.816963195800781;
2445000000.0011792;-85.791519165039063;
2445160256.4114356;-85.712905883789063;
2445320512.8216925;-85.773292541503906;
2445480769.2319489;-85.8145751953125;
2445641025.6422052;-85.82086181640625;
2445801282.0524616;-85.815010070800781;
2445961538.462718;-85.813056945800781;
2446121794.8729744;-85.84820556640625;
2446282051.2832308;-85.72186279296875;
2446442307.6934872;-85.679557800292969;
2446602564.1037436;-85.698768615722656;
2446762820.5139999;-85.772140502929687;
2446923076.9242563;-85.815010070800781;
2447083333.3345127;-85.813056945800781;
2447243589.7447691;-85.758621215820313;
2447403846.1550255;-85.7935791015625;
2447564102.5652819;-85.758628845214844;
2447724358.9755383;-85.797447204589844;
2447884615.3857946;-85.762451171875;
2448044871.796051;-85.787742614746094;
2448205128.2063074;-85.81890869140625;
2448365384.6165643;-85.82476806640625;
2448525641.0268207;-85.84429931640625;
2448685897.437077;-85.840385437011719;
2448846153.8473334;-85.819770812988281;
2449006410.2575898;-85.83258056640625;
2449166666.6678462;-85.809150695800781;
2449326923.0781026;-85.793571472167969;
2449487179.488359;-85.816963195800781;
2449647435.8986154;-85.822807312011719;
2449807692.3088717;-85.82281494140625;
2449967948.7191281;-85.783843994140625;
2450128205.1293845;-85.797462463378906;
2450288461.5396409;-85.81890869140625;
2450448717.9498973;-85.82086181640625;
2450608974.3601537;-85.824974060058594;
2450769230.7704101;-85.811111450195313;
2450929487.1806664;-85.813056945800781;
2451089743.5909228;-85.83062744140625;
2451250000.0011792;-85.826713562011719;
2451410256.4114356;-85.813056945800781;
2451570512.8216925;-85.828659057617188;
2451730769.2319489;-85.824737548828125;
2451891025.6422052;-85.826713562011719;
2452051282.0524616;-85.813056945800781;
2452211538.462718;-85.813056945800781;
2452371794.8729744;-85.7244873046875;
2452532051.2832308;-85.669815063476562;
2452692307.6934872;-85.805244445800781;
2452852564.1037436;-85.824760437011719;
2453012820.5139999;-85.836479187011719;
2453173076.9242563;-85.81890869140625;
2453333333.3345127;-85.82476806640625;
2453493589.7447691;-85.81304931640625;
2453653846.1550255;-85.852142333984375;
2453814102.5652819;-85.83648681640625;
2453974358.9755383;-85.816963195800781;
2454134615.3857946;-85.816307067871094;
2454294871.796051;-85.828666687011719;
2454455128.2063074;-85.826713562011719;
2454615384.6165643;-85.854087829589844;
2454775641.0268207;-85.813056945800781;
2454935897.437077;-85.82476806640625;
2455096153.8473334;-85.82281494140625;
2455256410.2575898;-85.830619812011719;
2455416666.6678462;-85.828659057617188;
2455576923.0781026;-85.863899230957031;
2455737179.488359;-85.842353820800781;
2455897435.8986154;-85.828666687011719;
2456057692.3088717;-85.824974060058594;
2456217948.7191281;-85.840385437011719;
2456378205.1293845;-85.848228454589844;
2456538461.5396409;-85.848220825195313;
2456698717.9498973;-85.82086181640625;
2456858974.3601537;-85.84234619140625;
2457019230.7704101;-85.824760437011719;
2457179487.1806664;-85.87957763671875;
2457339743.5909228;-85.8619384765625;
2457500000.0011792;-85.856056213378906;
2457660256.4114356;-85.82476806640625;
2457820512.8216925;-85.809150695800781;
2457980769.2319489;-85.877586364746094;
2458141025.6422052;-85.905174255371094;
2458301282.0524616;-85.8697509765625;
2458461538.462718;-85.830619812011719;
2458621794.8729744;-85.824752807617188;
2458782051.2832308;-85.852134704589844;
2458942307.6934872;-85.81890869140625;
2459102564.1037436;-85.854087829589844;
2459262820.5139999;-85.895332336425781;
2459423076.9242563;-85.828559875488281;
2459583333.3345127;-85.739227294921875;
2459743589.7447691;-85.815010070800781;
2459903846.1550255;-85.828666687011719;
2460064102.5652819;-79.766899108886719;
2460224358.9755383;-80.114959716796875;
2460384615.3857946;-84.116462707519531;
2460544871.796051;-85.450729370117188;
2460705128.2063074;-85.758529663085938;
2460865384.6165643;-77.883995056152344;
2461025641.0268207;-82.091972351074219;
2461185897.437077;-84.750457763671875;
2461346153.8473334;-85.600654602050781;
2461506410.2575898;-85.787681579589844;
2461666666.6678462;-85.834526062011719;
2461826923.0781026;-85.861930847167969;
2461987179.488359;-85.9150390625;
2462147435.8986154;-85.9150390625;
2462307692.3088717;-85.891380310058594;
2462467948.7191281;-85.881553649902344;
2462628205.1293845;-85.906936645507813;
2462788461.5396409;-85.909126281738281;
2462948717.9498973;-85.907150268554688;
2463108974.3601537;-85.917015075683594;
2463269230.7704101;-85.893348693847656;
2463429487.1806664;-85.911094665527344;
2463589743.5909228;-85.918983459472656;
2463750000.0011792;-85.89532470703125;
2463910256.4114356;-85.9150390625;
2464070512.8216925;-85.905174255371094;
2464230769.2319489;-85.907150268554688;
2464391025.6422052;-85.926864624023438;
2464551282.0524616;-85.92095947265625;
2464711538.462718;-85.909126281738281;
2464871794.8729744;-85.897300720214844;
2465032051.2832308;-85.911094665527344;
2465192307.6934872;-85.912193298339844;
2465352564.1037436;-85.909126281738281;
2465512820.5139999;-85.909126281738281;
2465673076.9242563;-85.905174255371094;
2465833333.3345127;-85.905174255371094;
2465993589.7447691;-85.9150390625;
2466153846.1550255;-85.907150268554688;
2466314102.5652819;-85.897300720214844;
2466474358.9755383;-85.905174255371094;
2466634615.3857946;-85.911094665527344;
2466794871.796051;-85.879600524902344;
2466955128.2063074;-85.909126281738281;
2467115384.6165643;-85.881546020507813;
2467275641.0268207;-85.871719360351563;
2467435897.437077;-85.92095947265625;
2467596153.8473334;-85.865791320800781;
2467756410.2575898;-85.834518432617188;
2467916666.6678462;-85.887672424316406;
2468076923.0781026;-85.891349792480469;
2468237179.488359;-85.842338562011719;
2468397435.8986154;-85.883529663085937;
2468557692.3088717;-85.889366149902344;
2468717948.7191281;-85.850135803222656;
2468878205.1293845;-85.893356323242187;
2469038461.5396409;-85.879470825195313;
2469198717.9498973;-85.850105285644531;
2469358974.3601537;-85.903205871582031;
2469519230.7704101;-85.883491516113281;
2469679487.1806664;-85.850173950195313;
2469839743.5909228;-85.873710632324219;
2470000000.0011792;-85.891395568847656;
2470160256.4114356;-85.9012451171875;
2470320512.8216925;-85.901229858398438;
2470480769.2319489;-85.911094665527344;
2470641025.6422052;-85.891403198242188;
2470801282.0524616;-85.909126281738281;
2470961538.462718;-85.899269104003906;
2471121794.8729744;-85.889411926269531;
2471282051.2832308;-85.845809936523438;
2471442307.6934872;-85.838424682617187;
2471602564.1037436;-85.822799682617188;
2471762820.5139999;-85.836479187011719;
2471923076.9242563;-85.859970092773437;
2472083333.3345127;-85.858024597167969;
2472243589.7447691;-85.854095458984375;
2472403846.1550255;-85.871719360351563;
2472564102.5652819;-85.865829467773438;
2472724358.9755383;-85.871742248535156;
2472884615.3857946;-85.873710632324219;
2473044871.796051;-85.897300720214844;
2473205128.2063074;-85.885475158691406;
2473365384.6165643;-85.842338562011719;
2473525641.0268207;-85.836471557617188;
2473685897.437077;-85.83258056640625;
2473846153.8473334;-85.818870544433594;
2474006410.2575898;-85.879592895507813;
2474166666.6678462;-85.869766235351563;
2474326923.0781026;-85.893363952636719;
2474487179.488359;-85.885475158691406;
2474647435.8986154;-85.885467529296875;
2474807692.3088717;-85.871734619140625;
2474967948.7191281;-85.852142333984375;
2475128205.1293845;-85.830177307128906;
2475288461.5396409;-85.844291687011719;
2475448717.9498973;-85.838424682617187;
2475608974.3601537;-85.824760437011719;
2475769230.7704101;-85.82086181640625;
2475929487.1806664;-85.844291687011719;
2476089743.5909228;-85.901237487792969;
2476250000.0011792;-85.869758605957031;
2476410256.4114356;-85.816963195800781;
2476570512.8216925;-85.830619812011719;
2476730769.2319489;-85.82086181640625;
2476891025.6422052;-85.807212829589844;
2477051282.0524616;-85.801361083984375;
2477211538.462718;-85.783859252929688;
2477371794.8729744;-85.797470092773438;
2477532051.2832308;-85.805259704589844;
2477692307.6934872;-85.772193908691406;
2477852564.1037436;-85.758636474609375;
2478012820.5139999;-85.750885009765625;
2478173076.9242563;-85.760574340820313;
2478333333.3345127;-85.783859252929688;
2478493589.7447691;-85.805252075195313;
2478653846.1550255;-85.795516967773438;
2478814102.5652819;-85.807212829589844;
2478974358.9755383;-85.820854187011719;
2479134615.3857946;-85.81890869140625;
2479294871.796051;-85.82281494140625;
2479455128.2063074;-85.824760437011719;
2479615384.6165643;-85.824760437011719;
2479775641.0268207;-85.81500244140625;
2479935897.437077;-85.82086181640625;
2480096153.8473334;-85.826713562011719;
2480256410.2575898;-85.824958801269531;
2480416666.6678462;-85.824760437011719;
2480576923.0781026;-85.82672119140625;
2480737179.488359;-85.867805480957031;
2480897435.8986154;-85.911094665527344;
2481057692.3088717;-85.913063049316406;
2481217948.7191281;-85.897300720214844;
2481378205.1293845;-85.9150390625;
2481538461.5396409;-85.907150268554688;
2481698717.9498973;-85.905181884765625;
2481858974.3601537;-85.913063049316406;
2482019230.7704101;-85.9150390625;
2482179487.1806664;-85.907150268554688;
2482339743.5909228;-85.918983459472656;
2482500000.0011792;-85.893356323242187;
2482660256.4114356;-85.913063049316406;
2482820512.8216925;-85.913063049316406;
2482980769.2319489;-85.905166625976563;
2483141025.6422052;-85.881561279296875;
2483301282.0524616;-85.899261474609375;
2483461538.462718;-85.911094665527344;
2483621794.8729744;-85.909126281738281;
2483782051.2832308;-85.899269104003906;
2483942307.6934872;-85.895332336425781;
2484102564.1037436;-85.909126281738281;
2484262820.5139999;-85.913063049316406;
