Type;ESU;
Version;4.43;
Date;03.Jun 16;
Mode;ANALYZER;
Center Freq;2434262820.514000;Hz
Freq Offset;0.000000;Hz
Span;100000000.000000;Hz
x-Axis;LIN;
Start;2384262820.514000;Hz
Stop;2484262820.514000;Hz
Ref Level;-9.000000;dBm
Level Offset;0.000000;dB
Ref Position;100.000000;%
y-Axis;LOG;
Level Range;100.000000;dB
Rf Att;5.000000;dB
RBW;2000000.000000;Hz
VBW;50.000000;Hz
SWT;2.500000;s
Trace Mode;CLR/WRITE;
Detector;RMS;
Sweep Count;0;
Trace 1:;;
x-Unit;Hz;
y-Unit;dBm;
Values;625;
2384262820.5139999;-85.756690979003906;
2384423076.9242563;-85.768325805664062;
2384583333.3345127;-85.735404968261719;
2384743589.7447691;-85.706474304199219;
2384903846.1550255;-85.716117858886719;
2385064102.5652819;-85.700698852539063;
2385224358.9755383;-85.70648193359375;
2385384615.3857946;-85.718040466308594;
2385544871.796051;-85.693000793457031;
2385705128.2063074;-85.708412170410156;
2385865384.6165643;-85.702629089355469;
2386025641.0268207;-85.677642822265625;
2386185897.437077;-85.658470153808594;
2386346153.8473334;-85.652717590332031;
2386506410.2575898;-85.685325622558594;
2386666666.6678462;-85.733482360839844;
2386826923.0781026;-85.725761413574219;
2386987179.488359;-85.721900939941406;
2387147435.8986154;-85.712257385253906;
2387307692.3088717;-85.683403015136719;
2387467948.7191281;-85.698776245117188;
2387628205.1293845;-85.708412170410156;
2387788461.5396409;-85.698776245117188;
2387948717.9498973;-85.706474304199219;
2388108974.3601537;-85.733489990234375;
2388269230.7704101;-85.719970703125;
2388429487.1806664;-85.718040466308594;
2388589743.5909228;-85.696853637695313;
2388750000.0011792;-85.70648193359375;
2388910256.4114356;-85.702629089355469;
2389070512.8216925;-85.710334777832031;
2389230769.2319489;-85.708412170410156;
2389391025.6422052;-85.704559326171875;
2389551282.0524616;-85.700706481933594;
2389711538.462718;-85.716110229492188;
2389871794.8729744;-85.706474304199219;
2390032051.2832308;-85.708404541015625;
2390192307.6934872;-85.712265014648437;
2390352564.1037436;-85.710334777832031;
2390512820.5139999;-85.723823547363281;
2390673076.9242563;-85.716110229492188;
2390833333.3345127;-85.716110229492188;
2390993589.7447691;-85.706474304199219;
2391153846.1550255;-85.669967651367188;
2391314102.5652819;-85.639328002929688;
2391474358.9755383;-85.67376708984375;
2391634615.3857946;-85.70648193359375;
2391794871.796051;-85.70648193359375;
2391955128.2063074;-85.664154052734375;
2392115384.6165643;-85.668052673339844;
2392275641.0268207;-85.689163208007813;
2392435897.437077;-85.708412170410156;
2392596153.8473334;-85.694915771484375;
2392756410.2575898;-85.671875;
2392916666.6678462;-85.668045043945313;
2393076923.0781026;-85.702621459960937;
2393237179.488359;-85.70648193359375;
2393397435.8986154;-85.696853637695313;
2393557692.3088717;-85.694931030273438;
2393717948.7191281;-85.660377502441406;
2393878205.1293845;-85.679557800292969;
2394038461.5396409;-85.671890258789063;
2394198717.9498973;-85.625923156738281;
2394358974.3601537;-85.646926879882812;
2394519230.7704101;-85.666122436523438;
2394679487.1806664;-85.650802612304688;
2394839743.5909228;-85.646965026855469;
2395000000.0011792;-85.616416931152344;
2395160256.4114356;-85.622146606445313;
2395320512.8216925;-85.59735107421875;
2395480769.2319489;-85.660377502441406;
2395641025.6422052;-85.698768615722656;
2395801282.0524616;-85.689125061035156;
2395961538.462718;-85.635513305664063;
2396121794.8729744;-85.624061584472656;
2396282051.2832308;-85.629783630371094;
2396442307.6934872;-85.622154235839844;
2396602564.1037436;-85.618339538574219;
2396762820.5139999;-85.616416931152344;
2396923076.9242563;-85.624053955078125;
2397083333.3345127;-85.624053955078125;
2397243589.7447691;-85.612617492675781;
2397403846.1550255;-85.622154235839844;
2397564102.5652819;-85.641212463378906;
2397724358.9755383;-85.700706481933594;
2397884615.3857946;-85.702621459960937;
2398044871.796051;-85.696861267089844;
2398205128.2063074;-85.685317993164063;
2398365384.6165643;-85.66229248046875;
2398525641.0268207;-85.625968933105469;
2398685897.437077;-85.620880126953125;
2398846153.8473334;-85.612884521484375;
2399006410.2575898;-85.631050109863281;
2399166666.6678462;-85.619430541992188;
2399326923.0781026;-85.622154235839844;
2399487179.488359;-85.595489501953125;
2399647435.8986154;-85.6412353515625;
2399807692.3088717;-85.660346984863281;
2399967948.7191281;-85.62786865234375;
2400128205.1293845;-85.645072937011719;
2400288461.5396409;-85.620231628417969;
2400448717.9498973;-85.610710144042969;
2400608974.3601537;-85.593574523925781;
2400769230.7704101;-85.618339538574219;
2400929487.1806664;-85.614524841308594;
2401089743.5909228;-85.622154235839844;
2401250000.0011792;-85.648872375488281;
2401410256.4114356;-85.62786865234375;
2401570512.8216925;-85.608795166015625;
2401730769.2319489;-85.604995727539063;
2401891025.6422052;-85.616416931152344;
2402051282.0524616;-85.627861022949219;
2402211538.462718;-85.618339538574219;
2402371794.8729744;-85.625961303710938;
2402532051.2832308;-85.616432189941406;
2402692307.6934872;-85.635505676269531;
2402852564.1037436;-85.635505676269531;
2403012820.5139999;-85.66229248046875;
2403173076.9242563;-85.643157958984375;
2403333333.3345127;-85.620246887207031;
2403493589.7447691;-85.616432189941406;
2403653846.1550255;-85.606895446777344;
2403814102.5652819;-85.610694885253906;
2403974358.9755383;-85.624061584472656;
2404134615.3857946;-85.635513305664063;
2404294871.796051;-85.629776000976563;
2404455128.2063074;-85.62786865234375;
2404615384.6165643;-85.631690979003906;
2404775641.0268207;-85.648895263671875;
2404935897.437077;-85.624061584472656;
2405096153.8473334;-85.614517211914062;
2405256410.2575898;-85.643150329589844;
2405416666.6678462;-85.629753112792969;
2405576923.0781026;-85.618331909179687;
2405737179.488359;-85.622154235839844;
2405897435.8986154;-85.666130065917969;
2406057692.3088717;-85.694931030273438;
2406217948.7191281;-85.687232971191406;
2406378205.1293845;-85.658462524414062;
2406538461.5396409;-85.679527282714844;
2406698717.9498973;-85.643157958984375;
2406858974.3601537;-85.624046325683594;
2407019230.7704101;-85.60308837890625;
2407179487.1806664;-85.637420654296875;
2407339743.5909228;-85.624061584472656;
2407500000.0011792;-85.622154235839844;
2407660256.4114356;-85.625968933105469;
2407820512.8216925;-85.615074157714844;
2407980769.2319489;-85.637420654296875;
2408141025.6422052;-85.636138916015625;
2408301282.0524616;-85.621589660644531;
2408461538.462718;-85.614097595214844;
2408621794.8729744;-85.608802795410156;
2408782051.2832308;-85.620246887207031;
2408942307.6934872;-85.614524841308594;
2409102564.1037436;-85.643150329589844;
2409262820.5139999;-85.637428283691406;
2409423076.9242563;-85.643150329589844;
2409583333.3345127;-85.658462524414062;
2409743589.7447691;-85.656547546386719;
2409903846.1550255;-85.648895263671875;
2410064102.5652819;-85.669967651367188;
2410224358.9755383;-85.645072937011719;
2410384615.3857946;-85.650802612304688;
2410544871.796051;-85.650810241699219;
2410705128.2063074;-85.639328002929688;
2410865384.6165643;-85.629783630371094;
2411025641.0268207;-85.643157958984375;
2411185897.437077;-85.633590698242188;
2411346153.8473334;-85.625968933105469;
2411506410.2575898;-85.642692565917969;
2411666666.6678462;-85.689155578613281;
2411826923.0781026;-85.683403015136719;
2411987179.488359;-85.685325622558594;
2412147435.8986154;-85.689163208007813;
2412307692.3088717;-85.698768615722656;
2412467948.7191281;-85.669967651367188;
2412628205.1293845;-85.656547546386719;
2412788461.5396409;-85.687217712402344;
2412948717.9498973;-85.714187622070313;
2413108974.3601537;-85.693000793457031;
2413269230.7704101;-85.660926818847656;
2413429487.1806664;-85.656539916992188;
2413589743.5909228;-85.721893310546875;
2413750000.0011792;-85.712257385253906;
2413910256.4114356;-85.700698852539063;
2414070512.8216925;-85.708404541015625;
2414230769.2319489;-85.696861267089844;
2414391025.6422052;-85.648849487304688;
2414551282.0524616;-85.624061584472656;
2414711538.462718;-85.646980285644531;
2414871794.8729744;-85.673751831054687;
2415032051.2832308;-85.673797607421875;
2415192307.6934872;-85.683403015136719;
2415352564.1037436;-85.691078186035156;
2415512820.5139999;-85.679557800292969;
2415673076.9242563;-85.702629089355469;
2415833333.3345127;-85.656524658203125;
2415993589.7447691;-85.639045715332031;
2416153846.1550255;-85.694915771484375;
2416314102.5652819;-85.708412170410156;
2416474358.9755383;-85.704551696777344;
2416634615.3857946;-85.64886474609375;
2416794871.796051;-85.637428283691406;
2416955128.2063074;-85.624053955078125;
2417115384.6165643;-85.658409118652344;
2417275641.0268207;-85.70648193359375;
2417435897.437077;-85.693008422851562;
2417596153.8473334;-85.673797607421875;
2417756410.2575898;-85.698745727539063;
2417916666.6678462;-85.716094970703125;
2418076923.0781026;-85.702560424804688;
2418237179.488359;-85.715843200683594;
2418397435.8986154;-85.67572021484375;
2418557692.3088717;-85.702629089355469;
2418717948.7191281;-85.691078186035156;
2418878205.1293845;-85.664215087890625;
2419038461.5396409;-85.700698852539063;
2419198717.9498973;-85.669952392578125;
2419358974.3601537;-85.668045043945313;
2419519230.7704101;-85.6412353515625;
2419679487.1806664;-85.656547546386719;
2419839743.5909228;-85.675712585449219;
2420000000.0011792;-85.693000793457031;
2420160256.4114356;-85.710334777832031;
2420320512.8216925;-85.7401123046875;
2420480769.2319489;-85.643112182617187;
2420641025.6422052;-85.648872375488281;
2420801282.0524616;-85.669967651367188;
2420961538.462718;-85.675704956054688;
2421121794.8729744;-85.708396911621094;
2421282051.2832308;-85.696853637695313;
2421442307.6934872;-85.696861267089844;
2421602564.1037436;-85.656517028808594;
2421762820.5139999;-85.654632568359375;
2421923076.9242563;-85.70648193359375;
2422083333.3345127;-85.708412170410156;
2422243589.7447691;-85.710334777832031;
2422403846.1550255;-85.656486511230469;
2422564102.5652819;-85.67572021484375;
2422724358.9755383;-85.671844482421875;
2422884615.3857946;-85.646965026855469;
2423044871.796051;-85.698753356933594;
2423205128.2063074;-85.70648193359375;
2423365384.6165643;-85.700706481933594;
2423525641.0268207;-85.708412170410156;
2423685897.437077;-85.70648193359375;
2423846153.8473334;-85.714187622070313;
2424006410.2575898;-85.70648193359375;
2424166666.6678462;-85.706474304199219;
2424326923.0781026;-85.691078186035156;
2424487179.488359;-85.637420654296875;
2424647435.8986154;-85.671836853027344;
2424807692.3088717;-85.712257385253906;
2424967948.7191281;-85.702629089355469;
2425128205.1293845;-85.708412170410156;
2425288461.5396409;-85.700691223144531;
2425448717.9498973;-85.708412170410156;
2425608974.3601537;-85.731552124023438;
2425769230.7704101;-85.700698852539063;
2425929487.1806664;-85.687232971191406;
2426089743.5909228;-85.696853637695313;
2426250000.0011792;-85.704551696777344;
2426410256.4114356;-85.685317993164063;
2426570512.8216925;-85.716110229492188;
2426730769.2319489;-85.712265014648437;
2426891025.6422052;-85.696846008300781;
2427051282.0524616;-85.704544067382812;
2427211538.462718;-85.704551696777344;
2427371794.8729744;-85.700668334960938;
2427532051.2832308;-85.641220092773438;
2427692307.6934872;-85.669937133789063;
2427852564.1037436;-85.704544067382812;
2428012820.5139999;-85.563125610351563;
2428173076.9242563;-85.624038696289062;
2428333333.3345127;-85.167839050292969;
2428493589.7447691;-85.440879821777344;
2428653846.1550255;-84.857078552246094;
2428814102.5652819;-85.183250427246094;
2428974358.9755383;-83.668891906738281;
2429134615.3857946;-83.918548583984375;
2429294871.796051;-82.020851135253906;
2429455128.2063074;-82.572067260742188;
2429615384.6165643;-79.721817016601563;
2429775641.0268207;-78.82305908203125;
2429935897.437077;-76.379531860351563;
2430096153.8473334;-75.493995666503906;
2430256410.2575898;-73.690574645996094;
2430416666.6678462;-72.016616821289063;
2430576923.0781026;-69.151580810546875;
2430737179.488359;-68.351264953613281;
2430897435.8986154;-66.475334167480469;
2431057692.3088717;-66.039817810058594;
2431217948.7191281;-62.554740905761719;
2431378205.1293845;-62.283893585205078;
2431538461.5396409;-59.478633880615234;
2431698717.9498973;-58.935981750488281;
2431858974.3601537;-57.020973205566406;
2432019230.7704101;-55.649726867675781;
2432179487.1806664;-53.559005737304688;
2432339743.5909228;-53.070266723632812;
2432500000.0011792;-50.888088226318359;
2432660256.4114356;-50.256572723388672;
2432820512.8216925;-48.382614135742188;
2432980769.2319489;-47.248218536376953;
2433141025.6422052;-45.950248718261719;
2433301282.0524616;-45.089534759521484;
2433461538.462718;-44.139133453369141;
2433621794.8729744;-43.124462127685547;
2433782051.2832308;-42.138236999511719;
2433942307.6934872;-41.649997711181641;
2434102564.1037436;-41.234317779541016;
2434262820.5139999;-40.787250518798828;
2434423076.9242563;-40.553829193115234;
2434583333.3345127;-40.26947021484375;
2434743589.7447691;-40.576519012451172;
2434903846.1550255;-40.518020629882813;
2435064102.5652819;-41.077434539794922;
2435224358.9755383;-41.370349884033203;
2435384615.3857946;-42.453819274902344;
2435544871.796051;-42.872478485107422;
2435705128.2063074;-43.832752227783203;
2435865384.6165643;-44.274806976318359;
2436025641.0268207;-46.173332214355469;
2436185897.437077;-47.061431884765625;
2436346153.8473334;-48.349151611328125;
2436506410.2575898;-49.077011108398438;
2436666666.6678462;-50.631729125976562;
2436826923.0781026;-51.872779846191406;
2436987179.488359;-53.779266357421875;
2437147435.8986154;-54.405509948730469;
2437307692.3088717;-56.153182983398438;
2437467948.7191281;-56.732341766357422;
2437628205.1293845;-58.871074676513672;
2437788461.5396409;-60.058464050292969;
2437948717.9498973;-61.531578063964844;
2438108974.3601537;-62.330787658691406;
2438269230.7704101;-63.724590301513672;
2438429487.1806664;-65.260330200195312;
2438589743.5909228;-67.093925476074219;
2438750000.0011792;-67.800148010253906;
2438910256.4114356;-69.389671325683594;
2439070512.8216925;-70.09326171875;
2439230769.2319489;-72.212593078613281;
2439391025.6422052;-73.551254272460938;
2439551282.0524616;-74.865547180175781;
2439711538.462718;-76.015434265136719;
2439871794.8729744;-77.255058288574219;
2440032051.2832308;-79.069145202636719;
2440192307.6934872;-80.647407531738281;
2440352564.1037436;-81.599884033203125;
2440512820.5139999;-82.572914123535156;
2440673076.9242563;-83.326683044433594;
2440833333.3345127;-84.347480773925781;
2440993589.7447691;-84.920539855957031;
2441153846.1550255;-85.168228149414063;
2441314102.5652819;-85.357192993164062;
2441474358.9755383;-85.544174194335938;
2441634615.3857946;-85.639152526855469;
2441794871.796051;-85.64666748046875;
2441955128.2063074;-85.652717590332031;
2442115384.6165643;-85.660346984863281;
2442275641.0268207;-85.7296142578125;
2442435897.437077;-85.712265014648437;
2442596153.8473334;-85.712257385253906;
2442756410.2575898;-85.688941955566406;
2442916666.6678462;-85.64111328125;
2443076923.0781026;-85.687156677246094;
2443237179.488359;-85.712135314941406;
2443397435.8986154;-85.61444091796875;
2443557692.3088717;-85.614082336425781;
2443717948.7191281;-85.669845581054687;
2443878205.1293845;-85.462654113769531;
2444038461.5396409;-85.325820922851562;
2444198717.9498973;-85.231071472167969;
2444358974.3601537;-85.105354309082031;
2444519230.7704101;-85.352142333984375;
2444679487.1806664;-85.6851806640625;
2444839743.5909228;-85.743125915527344;
2445000000.0011792;-85.731048583984375;
2445160256.4114356;-84.748191833496094;
2445320512.8216925;-84.854087829589844;
2445480769.2319489;-84.920722961425781;
2445641025.6422052;-84.86279296875;
2445801282.0524616;-84.735595703125;
2445961538.462718;-84.560554504394531;
2446121794.8729744;-84.580856323242188;
2446282051.2832308;-84.454879760742188;
2446442307.6934872;-84.261550903320312;
2446602564.1037436;-84.340652465820313;
2446762820.5139999;-85.335441589355469;
2446923076.9242563;-85.69085693359375;
2447083333.3345127;-85.778022766113281;
2447243589.7447691;-85.73345947265625;
2447403846.1550255;-85.762481689453125;
2447564102.5652819;-85.815010070800781;
2447724358.9755383;-85.813056945800781;
2447884615.3857946;-85.83453369140625;
2448044871.796051;-85.857978820800781;
2448205128.2063074;-85.820854187011719;
2448365384.6165643;-85.807205200195313;
2448525641.0268207;-85.832565307617188;
2448685897.437077;-85.848213195800781;
2448846153.8473334;-85.781852722167969;
2449006410.2575898;-85.667999267578125;
2449166666.6678462;-84.574081420898438;
2449326923.0781026;-78.064773559570313;
2449487179.488359;-74.840805053710938;
2449647435.8986154;-73.934425354003906;
2449807692.3088717;-73.376937866210938;
2449967948.7191281;-75.089439392089844;
2450128205.1293845;-74.456451416015625;
2450288461.5396409;-74.135894775390625;
2450448717.9498973;-74.097480773925781;
2450608974.3601537;-73.727584838867188;
2450769230.7704101;-73.8687744140625;
2450929487.1806664;-78.317047119140625;
2451089743.5909228;-83.109786987304688;
2451250000.0011792;-84.886947631835938;
2451410256.4114356;-85.38116455078125;
2451570512.8216925;-85.439056396484375;
2451730769.2319489;-85.508331298828125;
2451891025.6422052;-85.681442260742187;
2452051282.0524616;-85.745071411132812;
2452211538.462718;-85.762504577636719;
2452371794.8729744;-85.721885681152344;
2452532051.2832308;-85.7060546875;
2452692307.6934872;-85.700424194335937;
2452852564.1037436;-85.716331481933594;
2453012820.5139999;-85.667953491210938;
2453173076.9242563;-85.5791015625;
2453333333.3345127;-77.895660400390625;
2453493589.7447691;-72.11907958984375;
2453653846.1550255;-70.200172424316406;
2453814102.5652819;-70.230010986328125;
2453974358.9755383;-69.922012329101563;
2454134615.3857946;-70.235298156738281;
2454294871.796051;-66.9637451171875;
2454455128.2063074;-70.211593627929688;
2454615384.6165643;-69.774826049804687;
2454775641.0268207;-69.533950805664063;
2454935897.437077;-69.144248962402344;
2455096153.8473334;-69.155021667480469;
2455256410.2575898;-73.298324584960938;
2455416666.6678462;-71.067459106445312;
2455576923.0781026;-70.815299987792969;
2455737179.488359;-69.119575500488281;
2455897435.8986154;-69.761741638183594;
2456057692.3088717;-50.196510314941406;
2456217948.7191281;-53.665889739990234;
2456378205.1293845;-64.909095764160156;
2456538461.5396409;-74.785858154296875;
2456698717.9498973;-81.430877685546875;
2456858974.3601537;-84.299758911132812;
2457019230.7704101;-85.454330444335938;
2457179487.1806664;-85.785720825195313;
2457339743.5909228;-83.353515625;
2457500000.0011792;-77.417366027832031;
2457660256.4114356;-75.689155578613281;
2457820512.8216925;-56.531280517578125;
2457980769.2319489;-58.190605163574219;
2458141025.6422052;-52.226333618164063;
2458301282.0524616;-50.784244537353516;
2458461538.462718;-61.342235565185547;
2458621794.8729744;-70.275588989257813;
2458782051.2832308;-76.039459228515625;
2458942307.6934872;-78.755592346191406;
2459102564.1037436;-82.072952270507813;
2459262820.5139999;-84.544715881347656;
2459423076.9242563;-72.503219604492187;
2459583333.3345127;-47.048236846923828;
2459743589.7447691;-50.851161956787109;
2459903846.1550255;-62.250862121582031;
2460064102.5652819;-72.608192443847656;
2460224358.9755383;-80.273292541503906;
2460384615.3857946;-84.125411987304688;
2460544871.796051;-85.415031433105469;
2460705128.2063074;-85.719879150390625;
2460865384.6165643;-85.776039123535156;
2461025641.0268207;-85.840339660644531;
2461185897.437077;-85.897300720214844;
2461346153.8473334;-85.838424682617187;
2461506410.2575898;-85.407455444335937;
2461666666.6678462;-84.97198486328125;
2461826923.0781026;-85.336700439453125;
2461987179.488359;-85.49334716796875;
2462147435.8986154;-85.561241149902344;
2462307692.3088717;-85.491241455078125;
2462467948.7191281;-85.614372253417969;
2462628205.1293845;-85.733482360839844;
2462788461.5396409;-85.785758972167969;
2462948717.9498973;-85.813034057617188;
2463108974.3601537;-85.877616882324219;
2463269230.7704101;-85.913063049316406;
2463429487.1806664;-85.918975830078125;
2463589743.5909228;-85.903182983398437;
2463750000.0011792;-85.911087036132812;
2463910256.4114356;-85.885490417480469;
2464070512.8216925;-85.899269104003906;
2464230769.2319489;-85.907142639160156;
2464391025.6422052;-85.905174255371094;
2464551282.0524616;-85.903205871582031;
2464711538.462718;-85.895332336425781;
2464871794.8729744;-85.885498046875;
2465032051.2832308;-85.920913696289062;
2465192307.6934872;-85.938713073730469;
2465352564.1037436;-85.895317077636719;
2465512820.5139999;-85.859954833984375;
2465673076.9242563;-85.909111022949219;
2465833333.3345127;-85.907142639160156;
2465993589.7447691;-85.901237487792969;
2466153846.1550255;-85.891395568847656;
2466314102.5652819;-85.879600524902344;
2466474358.9755383;-85.901237487792969;
2466634615.3857946;-85.879600524902344;
2466794871.796051;-85.87567138671875;
2466955128.2063074;-85.875679016113281;
2467115384.6165643;-85.879600524902344;
2467275641.0268207;-85.844306945800781;
2467435897.437077;-85.82672119140625;
2467596153.8473334;-85.869766235351563;
2467756410.2575898;-85.9150390625;
2467916666.6678462;-85.9150390625;
2468076923.0781026;-85.92095947265625;
2468237179.488359;-85.89532470703125;
2468397435.8986154;-85.915031433105469;
2468557692.3088717;-85.907150268554688;
2468717948.7191281;-85.905174255371094;
2468878205.1293845;-85.901237487792969;
2469038461.5396409;-85.891387939453125;
2469198717.9498973;-85.911094665527344;
2469358974.3601537;-85.901222229003906;
2469519230.7704101;-85.917015075683594;
2469679487.1806664;-85.911094665527344;
2469839743.5909228;-85.918983459472656;
2470000000.0011792;-85.907142639160156;
2470160256.4114356;-85.907150268554688;
2470320512.8216925;-85.911094665527344;
2470480769.2319489;-85.883522033691406;
2470641025.6422052;-85.905158996582031;
2470801282.0524616;-85.901222229003906;
2470961538.462718;-85.907150268554688;
2471121794.8729744;-85.918975830078125;
2471282051.2832308;-85.936729431152344;
2471442307.6934872;-85.936767578125;
2471602564.1037436;-85.92095947265625;
2471762820.5139999;-85.90911865234375;
2471923076.9242563;-85.911094665527344;
2472083333.3345127;-85.913063049316406;
2472243589.7447691;-85.932807922363281;
2472403846.1550255;-85.911094665527344;
2472564102.5652819;-85.9150390625;
2472724358.9755383;-85.901237487792969;
2472884615.3857946;-85.893348693847656;
2473044871.796051;-85.901237487792969;
2473205128.2063074;-85.907142639160156;
2473365384.6165643;-85.877632141113281;
2473525641.0268207;-85.889404296875;
2473685897.437077;-85.905174255371094;
2473846153.8473334;-85.898414611816406;
2474006410.2575898;-85.905174255371094;
2474166666.6678462;-85.920951843261719;
2474326923.0781026;-85.913063049316406;
2474487179.488359;-85.90911865234375;
2474647435.8986154;-85.895332336425781;
2474807692.3088717;-85.875656127929688;
2474967948.7191281;-85.881523132324219;
2475128205.1293845;-85.907150268554688;
2475288461.5396409;-85.889419555664063;
2475448717.9498973;-85.873710632324219;
2475608974.3601537;-85.842330932617187;
2475769230.7704101;-85.82476806640625;
2475929487.1806664;-85.82476806640625;
2476089743.5909228;-85.852142333984375;
2476250000.0011792;-85.865859985351563;
2476410256.4114356;-85.836479187011719;
2476570512.8216925;-85.82281494140625;
2476730769.2319489;-85.803291320800781;
2476891025.6422052;-85.795524597167969;
2477051282.0524616;-85.795524597167969;
2477211538.462718;-85.789680480957031;
2477371794.8729744;-85.731552124023438;
2477532051.2832308;-85.723831176757813;
2477692307.6934872;-85.768310546875;
2477852564.1037436;-85.739273071289063;
2478012820.5139999;-85.741203308105469;
2478173076.9242563;-85.718040466308594;
2478333333.3345127;-85.725753784179688;
2478493589.7447691;-85.719970703125;
2478653846.1550255;-85.766372680664063;
2478814102.5652819;-85.815010070800781;
2478974358.9755383;-85.81500244140625;
2479134615.3857946;-85.820854187011719;
2479294871.796051;-85.836479187011719;
2479455128.2063074;-85.81890869140625;
2479615384.6165643;-85.804420471191406;
2479775641.0268207;-85.816963195800781;
2479935897.437077;-85.863861083984375;
2480096153.8473334;-85.877601623535156;
2480256410.2575898;-85.893356323242187;
2480416666.6678462;-85.897293090820313;
2480576923.0781026;-85.932777404785156;
2480737179.488359;-85.891349792480469;
2480897435.8986154;-85.848220825195313;
2481057692.3088717;-85.856056213378906;
2481217948.7191281;-85.883506774902344;
2481378205.1293845;-85.905174255371094;
2481538461.5396409;-85.850173950195313;
2481698717.9498973;-85.918983459472656;
2481858974.3601537;-85.913063049316406;
2482019230.7704101;-85.920951843261719;
2482179487.1806664;-85.974403381347656;
2482339743.5909228;-85.907150268554688;
2482500000.0011792;-85.909126281738281;
2482660256.4114356;-85.9150390625;
2482820512.8216925;-85.922935485839844;
2482980769.2319489;-85.930747985839844;
2483141025.6422052;-85.990310668945313;
2483301282.0524616;-85.927726745605469;
2483461538.462718;-85.909126281738281;
2483621794.8729744;-85.92095947265625;
2483782051.2832308;-85.911094665527344;
2483942307.6934872;-85.909126281738281;
2484102564.1037436;-85.913055419921875;
2484262820.5139999;-85.911087036132812;
