Type;ESU;
Version;4.43;
Date;03.Jun 16;
Mode;ANALYZER;
Center Freq;2434262820.514000;Hz
Freq Offset;0.000000;Hz
Span;100000000.000000;Hz
x-Axis;LIN;
Start;2384262820.514000;Hz
Stop;2484262820.514000;Hz
Ref Level;-9.000000;dBm
Level Offset;0.000000;dB
Ref Position;100.000000;%
y-Axis;LOG;
Level Range;100.000000;dB
Rf Att;5.000000;dB
RBW;2000000.000000;Hz
VBW;30.000000;Hz
SWT;4.200000;s
Trace Mode;CLR/WRITE;
Detector;RMS;
Sweep Count;0;
Trace 1:;;
x-Unit;Hz;
y-Unit;dBm;
Values;625;
2384262820.5139999;-85.714187622070313;
2384423076.9242563;-85.70648193359375;
2384583333.3345127;-85.710334777832031;
2384743589.7447691;-85.708412170410156;
2384903846.1550255;-85.718040466308594;
2385064102.5652819;-85.708412170410156;
2385224358.9755383;-85.712265014648437;
2385384615.3857946;-85.708412170410156;
2385544871.796051;-85.694931030273438;
2385705128.2063074;-85.710334777832031;
2385865384.6165643;-85.718040466308594;
2386025641.0268207;-85.731552124023438;
2386185897.437077;-85.710334777832031;
2386346153.8473334;-85.733489990234375;
2386506410.2575898;-85.716102600097656;
2386666666.6678462;-85.712257385253906;
2386826923.0781026;-85.702621459960937;
2386987179.488359;-85.712265014648437;
2387147435.8986154;-85.687240600585938;
2387307692.3088717;-85.710334777832031;
2387467948.7191281;-85.727691650390625;
2387628205.1293845;-85.729606628417969;
2387788461.5396409;-85.679550170898437;
2387948717.9498973;-85.702613830566406;
2388108974.3601537;-85.709480285644531;
2388269230.7704101;-85.710334777832031;
2388429487.1806664;-85.741195678710938;
2388589743.5909228;-85.733482360839844;
2388750000.0011792;-85.702629089355469;
2388910256.4114356;-85.710334777832031;
2389070512.8216925;-85.704551696777344;
2389230769.2319489;-85.712265014648437;
2389391025.6422052;-85.691078186035156;
2389551282.0524616;-85.650794982910156;
2389711538.462718;-85.646980285644531;
2389871794.8729744;-85.650802612304688;
2390032051.2832308;-85.694931030273438;
2390192307.6934872;-85.716117858886719;
2390352564.1037436;-85.708412170410156;
2390512820.5139999;-85.712905883789063;
2390673076.9242563;-85.704559326171875;
2390833333.3345127;-85.693008422851562;
2390993589.7447691;-85.698776245117188;
2391153846.1550255;-85.693008422851562;
2391314102.5652819;-85.668052673339844;
2391474358.9755383;-85.654632568359375;
2391634615.3857946;-85.633598327636719;
2391794871.796051;-85.639320373535156;
2391955128.2063074;-85.691085815429687;
2392115384.6165643;-85.706474304199219;
2392275641.0268207;-85.70648193359375;
2392435897.437077;-85.712265014648437;
2392596153.8473334;-85.70648193359375;
2392756410.2575898;-85.687240600585938;
2392916666.6678462;-85.70648193359375;
2393076923.0781026;-85.70263671875;
2393237179.488359;-85.714187622070313;
2393397435.8986154;-85.698783874511719;
2393557692.3088717;-85.710334777832031;
2393717948.7191281;-85.696846008300781;
2393878205.1293845;-85.664215087890625;
2394038461.5396409;-85.629776000976563;
2394198717.9498973;-85.666122436523438;
2394358974.3601537;-85.669960021972656;
2394519230.7704101;-85.696853637695313;
2394679487.1806664;-85.700698852539063;
2394839743.5909228;-85.704559326171875;
2395000000.0011792;-85.708412170410156;
2395160256.4114356;-85.677627563476562;
2395320512.8216925;-85.66229248046875;
2395480769.2319489;-85.710334777832031;
2395641025.6422052;-85.691085815429687;
2395801282.0524616;-85.682121276855469;
2395961538.462718;-85.689155578613281;
2396121794.8729744;-85.689155578613281;
2396282051.2832308;-85.668052673339844;
2396442307.6934872;-85.654632568359375;
2396602564.1037436;-85.643150329589844;
2396762820.5139999;-85.620246887207031;
2396923076.9242563;-85.616432189941406;
2397083333.3345127;-85.624061584472656;
2397243589.7447691;-85.620246887207031;
2397403846.1550255;-85.622154235839844;
2397564102.5652819;-85.620246887207031;
2397724358.9755383;-85.612625122070313;
2397884615.3857946;-85.614524841308594;
2398044871.796051;-85.620246887207031;
2398205128.2063074;-85.614524841308594;
2398365384.6165643;-85.616432189941406;
2398525641.0268207;-85.624061584472656;
2398685897.437077;-85.633590698242188;
2398846153.8473334;-85.624061584472656;
2399006410.2575898;-85.624259948730469;
2399166666.6678462;-85.622146606445313;
2399326923.0781026;-85.620246887207031;
2399487179.488359;-85.618331909179687;
2399647435.8986154;-85.639320373535156;
2399807692.3088717;-85.618339538574219;
2399967948.7191281;-85.624061584472656;
2400128205.1293845;-85.625968933105469;
2400288461.5396409;-85.618331909179687;
2400448717.9498973;-85.624061584472656;
2400608974.3601537;-85.629783630371094;
2400769230.7704101;-85.618339538574219;
2400929487.1806664;-85.608810424804688;
2401089743.5909228;-85.605003356933594;
2401250000.0011792;-85.593559265136719;
2401410256.4114356;-85.627876281738281;
2401570512.8216925;-85.620246887207031;
2401730769.2319489;-85.622146606445313;
2401891025.6422052;-85.587882995605469;
2402051282.0524616;-85.612617492675781;
2402211538.462718;-85.614524841308594;
2402371794.8729744;-85.61749267578125;
2402532051.2832308;-85.622154235839844;
2402692307.6934872;-85.608802795410156;
2402852564.1037436;-85.614524841308594;
2403012820.5139999;-85.614517211914062;
2403173076.9242563;-85.627876281738281;
2403333333.3345127;-85.622154235839844;
2403493589.7447691;-85.618339538574219;
2403653846.1550255;-85.624061584472656;
2403814102.5652819;-85.614524841308594;
2403974358.9755383;-85.608802795410156;
2404134615.3857946;-85.622154235839844;
2404294871.796051;-85.620246887207031;
2404455128.2063074;-85.620246887207031;
2404615384.6165643;-85.620880126953125;
2404775641.0268207;-85.618339538574219;
2404935897.437077;-85.633590698242188;
2405096153.8473334;-85.625961303710938;
2405256410.2575898;-85.654632568359375;
2405416666.6678462;-85.618316650390625;
2405576923.0781026;-85.625968933105469;
2405737179.488359;-85.633598327636719;
2405897435.8986154;-85.631690979003906;
2406057692.3088717;-85.624061584472656;
2406217948.7191281;-85.618339538574219;
2406378205.1293845;-85.644638061523438;
2406538461.5396409;-85.633598327636719;
2406698717.9498973;-85.627876281738281;
2406858974.3601537;-85.629783630371094;
2407019230.7704101;-85.625961303710938;
2407179487.1806664;-85.63360595703125;
2407339743.5909228;-85.637397766113281;
2407500000.0011792;-85.648895263671875;
2407660256.4114356;-85.669967651367188;
2407820512.8216925;-85.629783630371094;
2407980769.2319489;-85.639320373535156;
2408141025.6422052;-85.627876281738281;
2408301282.0524616;-85.62786865234375;
2408461538.462718;-85.639549255371094;
2408621794.8729744;-85.662300109863281;
2408782051.2832308;-85.677642822265625;
2408942307.6934872;-85.708412170410156;
2409102564.1037436;-85.69683837890625;
2409262820.5139999;-85.700706481933594;
2409423076.9242563;-85.70648193359375;
2409583333.3345127;-85.70648193359375;
2409743589.7447691;-85.704559326171875;
2409903846.1550255;-85.700668334960938;
2410064102.5652819;-85.671890258789063;
2410224358.9755383;-85.666130065917969;
2410384615.3857946;-85.635498046875;
2410544871.796051;-85.659950256347656;
2410705128.2063074;-85.658470153808594;
2410865384.6165643;-85.681480407714844;
2411025641.0268207;-85.710334777832031;
2411185897.437077;-85.704559326171875;
2411346153.8473334;-85.70648193359375;
2411506410.2575898;-85.6998291015625;
2411666666.6678462;-85.704551696777344;
2411826923.0781026;-85.677635192871094;
2411987179.488359;-85.645065307617188;
2412147435.8986154;-85.675697326660156;
2412307692.3088717;-85.708412170410156;
2412467948.7191281;-85.693000793457031;
2412628205.1293845;-85.658462524414062;
2412788461.5396409;-85.646980285644531;
2412948717.9498973;-85.671890258789063;
2413108974.3601537;-85.698776245117188;
2413269230.7704101;-85.694931030273438;
2413429487.1806664;-85.700698852539063;
2413589743.5909228;-85.673797607421875;
2413750000.0011792;-85.683395385742188;
2413910256.4114356;-85.685310363769531;
2414070512.8216925;-85.70648193359375;
2414230769.2319489;-85.683403015136719;
2414391025.6422052;-85.70648193359375;
2414551282.0524616;-85.700698852539063;
2414711538.462718;-85.70648193359375;
2414871794.8729744;-85.712257385253906;
2415032051.2832308;-85.691085815429687;
2415192307.6934872;-85.716117858886719;
2415352564.1037436;-85.6929931640625;
2415512820.5139999;-85.696846008300781;
2415673076.9242563;-85.704559326171875;
2415833333.3345127;-85.712265014648437;
2415993589.7447691;-85.710334777832031;
2416153846.1550255;-85.70648193359375;
2416314102.5652819;-85.702613830566406;
2416474358.9755383;-85.70648193359375;
2416634615.3857946;-85.704559326171875;
2416794871.796051;-85.714187622070313;
2416955128.2063074;-85.712265014648437;
2417115384.6165643;-85.68914794921875;
2417275641.0268207;-85.696853637695313;
2417435897.437077;-85.698783874511719;
2417596153.8473334;-85.712265014648437;
2417756410.2575898;-85.708404541015625;
2417916666.6678462;-85.693008422851562;
2418076923.0781026;-85.70263671875;
2418237179.488359;-85.712265014648437;
2418397435.8986154;-85.708412170410156;
2418557692.3088717;-85.718040466308594;
2418717948.7191281;-85.689140319824219;
2418878205.1293845;-85.652717590332031;
2419038461.5396409;-85.635513305664063;
2419198717.9498973;-85.650794982910156;
2419358974.3601537;-85.664215087890625;
2419519230.7704101;-85.687232971191406;
2419679487.1806664;-85.710334777832031;
2419839743.5909228;-85.698776245117188;
2420000000.0011792;-85.694931030273438;
2420160256.4114356;-85.689163208007813;
2420320512.8216925;-85.683387756347656;
2420480769.2319489;-85.716117858886719;
2420641025.6422052;-85.656539916992188;
2420801282.0524616;-85.646980285644531;
2420961538.462718;-85.700706481933594;
2421121794.8729744;-85.708412170410156;
2421282051.2832308;-85.698783874511719;
2421442307.6934872;-85.698226928710937;
2421602564.1037436;-85.69683837890625;
2421762820.5139999;-85.637405395507813;
2421923076.9242563;-85.6527099609375;
2422083333.3345127;-85.696853637695313;
2422243589.7447691;-85.702629089355469;
2422403846.1550255;-85.700706481933594;
2422564102.5652819;-85.710334777832031;
2422724358.9755383;-85.704559326171875;
2422884615.3857946;-85.700706481933594;
2423044871.796051;-85.704559326171875;
2423205128.2063074;-85.691085815429687;
2423365384.6165643;-85.702629089355469;
2423525641.0268207;-85.685317993164063;
2423685897.437077;-85.712265014648437;
2423846153.8473334;-85.710334777832031;
2424006410.2575898;-85.710334777832031;
2424166666.6678462;-85.694931030273438;
2424326923.0781026;-85.696853637695313;
2424487179.488359;-85.704559326171875;
2424647435.8986154;-85.704559326171875;
2424807692.3088717;-85.711189270019531;
2424967948.7191281;-85.708412170410156;
2425128205.1293845;-85.702629089355469;
2425288461.5396409;-85.6929931640625;
2425448717.9498973;-85.70648193359375;
2425608974.3601537;-85.714187622070313;
2425769230.7704101;-85.702629089355469;
2425929487.1806664;-85.70648193359375;
2426089743.5909228;-85.679550170898437;
2426250000.0011792;-85.704559326171875;
2426410256.4114356;-85.712265014648437;
2426570512.8216925;-85.710334777832031;
2426730769.2319489;-85.696853637695313;
2426891025.6422052;-85.710334777832031;
2427051282.0524616;-85.712265014648437;
2427211538.462718;-85.70648193359375;
2427371794.8729744;-85.683403015136719;
2427532051.2832308;-85.707763671875;
2427692307.6934872;-85.683387756347656;
2427852564.1037436;-85.694931030273438;
2428012820.5139999;-85.671760559082031;
2428173076.9242563;-85.608695983886719;
2428333333.3345127;-85.568817138671875;
2428493589.7447691;-85.509857177734375;
2428653846.1550255;-85.379257202148438;
2428814102.5652819;-85.188102722167969;
2428974358.9755383;-85.019088745117188;
2429134615.3857946;-84.504081726074219;
2429294871.796051;-83.864364624023438;
2429455128.2063074;-83.320594787597656;
2429615384.6165643;-82.183433532714844;
2429775641.0268207;-81.111579895019531;
2429935897.437077;-79.962570190429687;
2430096153.8473334;-77.669448852539062;
2430256410.2575898;-76.053466796875;
2430416666.6678462;-74.410430908203125;
2430576923.0781026;-72.137619018554688;
2430737179.488359;-70.671989440917969;
2430897435.8986154;-69.077033996582031;
2431057692.3088717;-67.255073547363281;
2431217948.7191281;-65.862297058105469;
2431378205.1293845;-64.046730041503906;
2431538461.5396409;-62.192092895507813;
2431698717.9498973;-60.683361053466797;
2431858974.3601537;-59.089572906494141;
2432019230.7704101;-57.411113739013672;
2432179487.1806664;-55.978237152099609;
2432339743.5909228;-54.544971466064453;
2432500000.0011792;-52.8394775390625;
2432660256.4114356;-51.391803741455078;
2432820512.8216925;-49.985744476318359;
2432980769.2319489;-48.385879516601563;
2433141025.6422052;-47.084587097167969;
2433301282.0524616;-45.923057556152344;
2433461538.462718;-44.513900756835938;
2433621794.8729744;-43.413372039794922;
2433782051.2832308;-42.452415466308594;
2433942307.6934872;-41.449001312255859;
2434102564.1037436;-40.789081573486328;
2434262820.5139999;-40.228061676025391;
2434423076.9242563;-39.715831756591797;
2434583333.3345127;-39.558990478515625;
2434743589.7447691;-39.505744934082031;
2434903846.1550255;-39.593254089355469;
2435064102.5652819;-39.955589294433594;
2435224358.9755383;-40.394062042236328;
2435384615.3857946;-41.127433776855469;
2435544871.796051;-41.845657348632812;
2435705128.2063074;-42.746707916259766;
2435865384.6165643;-43.945686340332031;
2436025641.0268207;-44.970546722412109;
2436185897.437077;-46.099903106689453;
2436346153.8473334;-47.670673370361328;
2436506410.2575898;-48.822273254394531;
2436666666.6678462;-50.123325347900391;
2436826923.0781026;-52.002433776855469;
2436987179.488359;-53.151557922363281;
2437147435.8986154;-54.664218902587891;
2437307692.3088717;-56.524211883544922;
2437467948.7191281;-57.737850189208984;
2437628205.1293845;-59.396129608154297;
2437788461.5396409;-61.37652587890625;
2437948717.9498973;-62.590873718261719;
2438108974.3601537;-64.428169250488281;
2438269230.7704101;-66.2176513671875;
2438429487.1806664;-67.373985290527344;
2438589743.5909228;-69.249351501464844;
2438750000.0011792;-70.860511779785156;
2438910256.4114356;-72.030525207519531;
2439070512.8216925;-73.805198669433594;
2439230769.2319489;-75.249839782714844;
2439391025.6422052;-76.108657836914062;
2439551282.0524616;-77.457176208496094;
2439711538.462718;-78.571510314941406;
2439871794.8729744;-79.308128356933594;
2440032051.2832308;-80.456703186035156;
2440192307.6934872;-81.433128356933594;
2440352564.1037436;-82.016212463378906;
2440512820.5139999;-83.028236389160156;
2440673076.9242563;-83.819381713867188;
2440833333.3345127;-84.180267333984375;
2440993589.7447691;-84.739189147949219;
2441153846.1550255;-85.123451232910156;
2441314102.5652819;-85.263267517089844;
2441474358.9755383;-85.485740661621094;
2441634615.3857946;-85.557540893554688;
2441794871.796051;-85.608779907226562;
2441955128.2063074;-85.652717590332031;
2442115384.6165643;-85.716110229492188;
2442275641.0268207;-85.723831176757813;
2442435897.437077;-85.805229187011719;
2442596153.8473334;-85.82086181640625;
2442756410.2575898;-85.813056945800781;
2442916666.6678462;-85.816963195800781;
2443076923.0781026;-85.81695556640625;
2443237179.488359;-85.795516967773438;
2443397435.8986154;-85.812843322753906;
2443557692.3088717;-85.816963195800781;
2443717948.7191281;-85.770187377929688;
2443878205.1293845;-85.675689697265625;
2444038461.5396409;-85.6202392578125;
2444198717.9498973;-85.612625122070313;
2444358974.3601537;-85.606903076171875;
2444519230.7704101;-85.591651916503906;
2444679487.1806664;-85.510337829589844;
2444839743.5909228;-85.510345458984375;
2445000000.0011792;-85.660133361816406;
2445160256.4114356;-85.762496948242188;
2445320512.8216925;-85.725761413574219;
2445480769.2319489;-85.719970703125;
2445641025.6422052;-85.739280700683594;
2445801282.0524616;-85.7508544921875;
2445961538.462718;-85.818893432617188;
2446121794.8729744;-85.750747680664063;
2446282051.2832308;-85.727684020996094;
2446442307.6934872;-85.764442443847656;
2446602564.1037436;-85.799415588378906;
2446762820.5139999;-85.743125915527344;
2446923076.9242563;-85.704559326171875;
2447083333.3345127;-85.768280029296875;
2447243589.7447691;-85.805252075195313;
2447403846.1550255;-85.830612182617188;
2447564102.5652819;-85.81890869140625;
2447724358.9755383;-85.82086181640625;
2447884615.3857946;-85.82672119140625;
2448044871.796051;-85.82086181640625;
2448205128.2063074;-85.82086181640625;
2448365384.6165643;-85.811103820800781;
2448525641.0268207;-85.804176330566406;
2448685897.437077;-85.78192138671875;
2448846153.8473334;-85.826713562011719;
2449006410.2575898;-85.81890869140625;
2449166666.6678462;-85.82086181640625;
2449326923.0781026;-85.82281494140625;
2449487179.488359;-85.844306945800781;
2449647435.8986154;-85.83648681640625;
2449807692.3088717;-85.809158325195313;
2449967948.7191281;-85.816963195800781;
2450128205.1293845;-85.84234619140625;
2450288461.5396409;-85.848220825195313;
2450448717.9498973;-85.81890869140625;
2450608974.3601537;-85.81890869140625;
2450769230.7704101;-85.830619812011719;
2450929487.1806664;-85.816963195800781;
2451089743.5909228;-85.700637817382812;
2451250000.0011792;-85.785743713378906;
2451410256.4114356;-85.81890869140625;
2451570512.8216925;-85.82086181640625;
2451730769.2319489;-85.82086181640625;
2451891025.6422052;-85.826713562011719;
2452051282.0524616;-85.828659057617188;
2452211538.462718;-85.816963195800781;
2452371794.8729744;-83.660545349121094;
2452532051.2832308;-84.798591613769531;
2452692307.6934872;-85.538063049316406;
2452852564.1037436;-85.729583740234375;
2453012820.5139999;-85.81695556640625;
2453173076.9242563;-85.830619812011719;
2453333333.3345127;-85.826713562011719;
2453493589.7447691;-85.756568908691406;
2453653846.1550255;-85.792037963867188;
2453814102.5652819;-85.828659057617188;
2453974358.9755383;-85.84429931640625;
2454134615.3857946;-85.822807312011719;
2454294871.796051;-85.842353820800781;
2454455128.2063074;-85.81890869140625;
2454615384.6165643;-85.81890869140625;
2454775641.0268207;-85.82086181640625;
2454935897.437077;-85.82086181640625;
2455096153.8473334;-85.82281494140625;
2455256410.2575898;-85.82281494140625;
2455416666.6678462;-85.830619812011719;
2455576923.0781026;-85.844085693359375;
2455737179.488359;-85.82281494140625;
2455897435.8986154;-85.82476806640625;
2456057692.3088717;-85.82476806640625;
2456217948.7191281;-85.822799682617188;
2456378205.1293845;-85.82476806640625;
2456538461.5396409;-85.83648681640625;
2456698717.9498973;-85.838432312011719;
2456858974.3601537;-85.82476806640625;
2457019230.7704101;-85.82086181640625;
2457179487.1806664;-85.82476806640625;
2457339743.5909228;-85.82672119140625;
2457500000.0011792;-85.823249816894531;
2457660256.4114356;-85.840400695800781;
2457820512.8216925;-85.832572937011719;
2457980769.2319489;-85.82086181640625;
2458141025.6422052;-85.85406494140625;
2458301282.0524616;-85.895309448242188;
2458461538.462718;-85.84625244140625;
2458621794.8729744;-85.828666687011719;
2458782051.2832308;-85.826713562011719;
2458942307.6934872;-85.863899230957031;
2459102564.1037436;-85.881568908691406;
2459262820.5139999;-85.856056213378906;
2459423076.9242563;-85.846244812011719;
2459583333.3345127;-85.766075134277344;
2459743589.7447691;-85.7333984375;
2459903846.1550255;-85.836471557617188;
2460064102.5652819;-85.905174255371094;
2460224358.9755383;-85.899261474609375;
2460384615.3857946;-85.897285461425781;
2460544871.796051;-85.883529663085937;
2460705128.2063074;-85.9031982421875;
2460865384.6165643;-85.905174255371094;
2461025641.0268207;-85.905174255371094;
2461185897.437077;-85.913063049316406;
2461346153.8473334;-85.879547119140625;
2461506410.2575898;-85.883522033691406;
2461666666.6678462;-85.913063049316406;
2461826923.0781026;-85.9051513671875;
2461987179.488359;-85.912185668945313;
2462147435.8986154;-85.916984558105469;
2462307692.3088717;-85.854057312011719;
2462467948.7191281;-85.844291687011719;
2462628205.1293845;-85.879600524902344;
2462788461.5396409;-85.88348388671875;
2462948717.9498973;-85.824745178222656;
2463108974.3601537;-85.873680114746094;
2463269230.7704101;-85.86767578125;
2463429487.1806664;-85.793525695800781;
2463589743.5909228;-85.877632141113281;
2463750000.0011792;-85.871620178222656;
2463910256.4114356;-85.789558410644531;
2464070512.8216925;-85.856056213378906;
2464230769.2319489;-85.85394287109375;
2464391025.6422052;-85.727424621582031;
2464551282.0524616;-85.851028442382812;
2464711538.462718;-85.82818603515625;
2464871794.8729744;-85.775909423828125;
2465032051.2832308;-85.87567138671875;
2465192307.6934872;-85.847900390625;
2465352564.1037436;-85.78961181640625;
2465512820.5139999;-85.850173950195313;
2465673076.9242563;-85.871696472167969;
2465833333.3345127;-85.881546020507813;
2465993589.7447691;-85.90911865234375;
2466153846.1550255;-85.885429382324219;
2466314102.5652819;-85.85797119140625;
2466474358.9755383;-85.924903869628906;
2466634615.3857946;-85.914985656738281;
2466794871.796051;-85.909111022949219;
2466955128.2063074;-85.903205871582031;
2467115384.6165643;-85.907150268554688;
2467275641.0268207;-85.910430908203125;
2467435897.437077;-85.913063049316406;
2467596153.8473334;-85.911094665527344;
2467756410.2575898;-85.909126281738281;
2467916666.6678462;-85.907150268554688;
2468076923.0781026;-85.911094665527344;
2468237179.488359;-85.917007446289062;
2468397435.8986154;-85.92095947265625;
2468557692.3088717;-85.905174255371094;
2468717948.7191281;-85.90911865234375;
2468878205.1293845;-85.913063049316406;
2469038461.5396409;-85.922927856445312;
2469198717.9498973;-85.90911865234375;
2469358974.3601537;-85.9150390625;
2469519230.7704101;-85.913063049316406;
2469679487.1806664;-85.92095947265625;
2469839743.5909228;-85.918983459472656;
2470000000.0011792;-85.909126281738281;
2470160256.4114356;-85.9150390625;
2470320512.8216925;-85.911094665527344;
2470480769.2319489;-85.906929016113281;
2470641025.6422052;-85.885498046875;
2470801282.0524616;-85.883522033691406;
2470961538.462718;-85.911094665527344;
2471121794.8729744;-85.917015075683594;
2471282051.2832308;-85.891387939453125;
2471442307.6934872;-85.917007446289062;
2471602564.1037436;-85.913063049316406;
2471762820.5139999;-85.9150390625;
2471923076.9242563;-85.903205871582031;
2472083333.3345127;-85.915016174316406;
2472243589.7447691;-85.901237487792969;
2472403846.1550255;-85.909126281738281;
2472564102.5652819;-85.899261474609375;
2472724358.9755383;-85.909126281738281;
2472884615.3857946;-85.883522033691406;
2473044871.796051;-85.842338562011719;
2473205128.2063074;-85.826713562011719;
2473365384.6165643;-85.87567138671875;
2473525641.0268207;-85.883529663085937;
2473685897.437077;-85.859970092773437;
2473846153.8473334;-85.905174255371094;
2474006410.2575898;-85.905174255371094;
2474166666.6678462;-85.88592529296875;
2474326923.0781026;-85.84625244140625;
2474487179.488359;-85.87957763671875;
2474647435.8986154;-85.82672119140625;
2474807692.3088717;-85.83258056640625;
2474967948.7191281;-85.852134704589844;
2475128205.1293845;-85.828666687011719;
2475288461.5396409;-85.844314575195313;
2475448717.9498973;-85.81695556640625;
2475608974.3601537;-85.82281494140625;
2475769230.7704101;-85.822807312011719;
2475929487.1806664;-85.83648681640625;
2476089743.5909228;-85.81890869140625;
2476250000.0011792;-85.832572937011719;
2476410256.4114356;-85.816963195800781;
2476570512.8216925;-85.816963195800781;
2476730769.2319489;-85.811111450195313;
2476891025.6422052;-85.770263671875;
2477051282.0524616;-85.787750244140625;
2477211538.462718;-85.793571472167969;
2477371794.8729744;-85.776077270507813;
2477532051.2832308;-85.745086669921875;
2477692307.6934872;-85.750892639160156;
2477852564.1037436;-85.719963073730469;
2478012820.5139999;-85.731559753417969;
2478173076.9242563;-85.721900939941406;
2478333333.3345127;-85.723831176757813;
2478493589.7447691;-85.718048095703125;
2478653846.1550255;-85.738624572753906;
2478814102.5652819;-85.760543823242188;
2478974358.9755383;-85.799423217773437;
2479134615.3857946;-85.813056945800781;
2479294871.796051;-85.81890869140625;
2479455128.2063074;-85.82086181640625;
2479615384.6165643;-85.82476806640625;
2479775641.0268207;-85.82476806640625;
2479935897.437077;-85.830619812011719;
2480096153.8473334;-85.883529663085937;
2480256410.2575898;-85.891395568847656;
2480416666.6678462;-85.869781494140625;
2480576923.0781026;-85.913063049316406;
2480737179.488359;-85.911094665527344;
2480897435.8986154;-85.90911865234375;
2481057692.3088717;-85.905181884765625;
2481217948.7191281;-85.911094665527344;
2481378205.1293845;-85.924903869628906;
2481538461.5396409;-85.928848266601562;
2481698717.9498973;-85.9031982421875;
2481858974.3601537;-85.928840637207031;
2482019230.7704101;-85.917007446289062;
2482179487.1806664;-85.922927856445312;
2482339743.5909228;-85.909126281738281;
2482500000.0011792;-85.905174255371094;
2482660256.4114356;-85.911094665527344;
2482820512.8216925;-85.907150268554688;
2482980769.2319489;-85.92095947265625;
2483141025.6422052;-85.871742248535156;
2483301282.0524616;-85.907142639160156;
2483461538.462718;-85.911094665527344;
2483621794.8729744;-85.9150390625;
2483782051.2832308;-85.885482788085938;
2483942307.6934872;-85.905181884765625;
2484102564.1037436;-85.911094665527344;
2484262820.5139999;-85.909126281738281;
