Type;ESU;
Version;4.43;
Date;03.Jun 16;
Mode;ANALYZER;
Center Freq;2434262820.514000;Hz
Freq Offset;0.000000;Hz
Span;100000000.000000;Hz
x-Axis;LIN;
Start;2384262820.514000;Hz
Stop;2484262820.514000;Hz
Ref Level;-9.000000;dBm
Level Offset;0.000000;dB
Ref Position;100.000000;%
y-Axis;LOG;
Level Range;100.000000;dB
Rf Att;5.000000;dB
RBW;2000000.000000;Hz
VBW;30.000000;Hz
SWT;4.200000;s
Trace Mode;CLR/WRITE;
Detector;RMS;
Sweep Count;0;
Trace 1:;;
x-Unit;Hz;
y-Unit;dBm;
Values;625;
2384262820.5139999;-85.712440490722656;
2384423076.9242563;-85.721900939941406;
2384583333.3345127;-85.727684020996094;
2384743589.7447691;-85.714614868164063;
2384903846.1550255;-85.718040466308594;
2385064102.5652819;-85.712265014648437;
2385224358.9755383;-85.710334777832031;
2385384615.3857946;-85.704551696777344;
2385544871.796051;-85.708412170410156;
2385705128.2063074;-85.708412170410156;
2385865384.6165643;-85.719963073730469;
2386025641.0268207;-85.708412170410156;
2386185897.437077;-85.714187622070313;
2386346153.8473334;-85.706474304199219;
2386506410.2575898;-85.70648193359375;
2386666666.6678462;-85.708412170410156;
2386826923.0781026;-85.709480285644531;
2386987179.488359;-85.704551696777344;
2387147435.8986154;-85.708412170410156;
2387307692.3088717;-85.725761413574219;
2387467948.7191281;-85.710334777832031;
2387628205.1293845;-85.712265014648437;
2387788461.5396409;-85.704559326171875;
2387948717.9498973;-85.712265014648437;
2388108974.3601537;-85.714187622070313;
2388269230.7704101;-85.70648193359375;
2388429487.1806664;-85.70648193359375;
2388589743.5909228;-85.70648193359375;
2388750000.0011792;-85.716110229492188;
2388910256.4114356;-85.708404541015625;
2389070512.8216925;-85.712898254394531;
2389230769.2319489;-85.708404541015625;
2389391025.6422052;-85.698776245117188;
2389551282.0524616;-85.689155578613281;
2389711538.462718;-85.70068359375;
2389871794.8729744;-85.712242126464844;
2390032051.2832308;-85.696853637695313;
2390192307.6934872;-85.700706481933594;
2390352564.1037436;-85.704551696777344;
2390512820.5139999;-85.708404541015625;
2390673076.9242563;-85.708412170410156;
2390833333.3345127;-85.714187622070313;
2390993589.7447691;-85.700706481933594;
2391153846.1550255;-85.694931030273438;
2391314102.5652819;-85.694931030273438;
2391474358.9755383;-85.706047058105469;
2391634615.3857946;-85.693008422851562;
2391794871.796051;-85.700698852539063;
2391955128.2063074;-85.702629089355469;
2392115384.6165643;-85.664207458496094;
2392275641.0268207;-85.646942138671875;
2392435897.437077;-85.625961303710938;
2392596153.8473334;-85.63360595703125;
2392756410.2575898;-85.643150329589844;
2392916666.6678462;-85.625968933105469;
2393076923.0781026;-85.629783630371094;
2393237179.488359;-85.641250610351563;
2393397435.8986154;-85.593574523925781;
2393557692.3088717;-85.629783630371094;
2393717948.7191281;-85.6202392578125;
2393878205.1293845;-85.63360595703125;
2394038461.5396409;-85.635505676269531;
2394198717.9498973;-85.65313720703125;
2394358974.3601537;-85.616409301757812;
2394519230.7704101;-85.627861022949219;
2394679487.1806664;-85.618339538574219;
2394839743.5909228;-85.616424560546875;
2395000000.0011792;-85.6202392578125;
2395160256.4114356;-85.627876281738281;
2395320512.8216925;-85.635498046875;
2395480769.2319489;-85.679557800292969;
2395641025.6422052;-85.681480407714844;
2395801282.0524616;-85.641197204589844;
2395961538.462718;-85.6202392578125;
2396121794.8729744;-85.6412353515625;
2396282051.2832308;-85.625968933105469;
2396442307.6934872;-85.637405395507813;
2396602564.1037436;-85.625961303710938;
2396762820.5139999;-85.624053955078125;
2396923076.9242563;-85.618339538574219;
2397083333.3345127;-85.615798950195313;
2397243589.7447691;-85.624061584472656;
2397403846.1550255;-85.612625122070313;
2397564102.5652819;-85.643150329589844;
2397724358.9755383;-85.625968933105469;
2397884615.3857946;-85.622154235839844;
2398044871.796051;-85.618339538574219;
2398205128.2063074;-85.629783630371094;
2398365384.6165643;-85.616432189941406;
2398525641.0268207;-85.618324279785156;
2398685897.437077;-85.622154235839844;
2398846153.8473334;-85.612617492675781;
2399006410.2575898;-85.610710144042969;
2399166666.6678462;-85.622154235839844;
2399326923.0781026;-85.616432189941406;
2399487179.488359;-85.61260986328125;
2399647435.8986154;-85.622146606445313;
2399807692.3088717;-85.624061584472656;
2399967948.7191281;-85.614524841308594;
2400128205.1293845;-85.618339538574219;
2400288461.5396409;-85.616432189941406;
2400448717.9498973;-85.616432189941406;
2400608974.3601537;-85.61749267578125;
2400769230.7704101;-85.620246887207031;
2400929487.1806664;-85.618339538574219;
2401089743.5909228;-85.612617492675781;
2401250000.0011792;-85.620246887207031;
2401410256.4114356;-85.62786865234375;
2401570512.8216925;-85.650810241699219;
2401730769.2319489;-85.625961303710938;
2401891025.6422052;-85.627876281738281;
2402051282.0524616;-85.618339538574219;
2402211538.462718;-85.622146606445313;
2402371794.8729744;-85.631690979003906;
2402532051.2832308;-85.625961303710938;
2402692307.6934872;-85.614524841308594;
2402852564.1037436;-85.618339538574219;
2403012820.5139999;-85.616432189941406;
2403173076.9242563;-85.618339538574219;
2403333333.3345127;-85.625961303710938;
2403493589.7447691;-85.612625122070313;
2403653846.1550255;-85.620880126953125;
2403814102.5652819;-85.618339538574219;
2403974358.9755383;-85.624061584472656;
2404134615.3857946;-85.637413024902344;
2404294871.796051;-85.629776000976563;
2404455128.2063074;-85.614517211914062;
2404615384.6165643;-85.618339538574219;
2404775641.0268207;-85.614524841308594;
2404935897.437077;-85.614524841308594;
2405096153.8473334;-85.62786865234375;
2405256410.2575898;-85.629776000976563;
2405416666.6678462;-85.616432189941406;
2405576923.0781026;-85.622581481933594;
2405737179.488359;-85.633590698242188;
2405897435.8986154;-85.62786865234375;
2406057692.3088717;-85.620246887207031;
2406217948.7191281;-85.635513305664063;
2406378205.1293845;-85.625961303710938;
2406538461.5396409;-85.622154235839844;
2406698717.9498973;-85.629776000976563;
2406858974.3601537;-85.641250610351563;
2407019230.7704101;-85.662300109863281;
2407179487.1806664;-85.643150329589844;
2407339743.5909228;-85.616432189941406;
2407500000.0011792;-85.635513305664063;
2407660256.4114356;-85.615798950195313;
2407820512.8216925;-85.643150329589844;
2407980769.2319489;-85.664215087890625;
2408141025.6422052;-85.669967651367188;
2408301282.0524616;-85.666130065917969;
2408461538.462718;-85.633583068847656;
2408621794.8729744;-85.629783630371094;
2408782051.2832308;-85.631690979003906;
2408942307.6934872;-85.641242980957031;
2409102564.1037436;-85.629768371582031;
2409262820.5139999;-85.62786865234375;
2409423076.9242563;-85.65655517578125;
2409583333.3345127;-85.665061950683594;
2409743589.7447691;-85.696853637695313;
2409903846.1550255;-85.696853637695313;
2410064102.5652819;-85.700706481933594;
2410224358.9755383;-85.704559326171875;
2410384615.3857946;-85.712265014648437;
2410544871.796051;-85.71417236328125;
2410705128.2063074;-85.704551696777344;
2410865384.6165643;-85.698768615722656;
2411025641.0268207;-85.710334777832031;
2411185897.437077;-85.689170837402344;
2411346153.8473334;-85.696861267089844;
2411506410.2575898;-85.710311889648438;
2411666666.6678462;-85.70648193359375;
2411826923.0781026;-85.70263671875;
2411987179.488359;-85.700706481933594;
2412147435.8986154;-85.700698852539063;
2412307692.3088717;-85.704551696777344;
2412467948.7191281;-85.719970703125;
2412628205.1293845;-85.696846008300781;
2412788461.5396409;-85.6527099609375;
2412948717.9498973;-85.625968933105469;
2413108974.3601537;-85.639328002929688;
2413269230.7704101;-85.645065307617188;
2413429487.1806664;-85.687225341796875;
2413589743.5909228;-85.696853637695313;
2413750000.0011792;-85.70648193359375;
2413910256.4114356;-85.687232971191406;
2414070512.8216925;-85.696853637695313;
2414230769.2319489;-85.696853637695313;
2414391025.6422052;-85.714187622070313;
2414551282.0524616;-85.708412170410156;
2414711538.462718;-85.70648193359375;
2414871794.8729744;-85.702621459960937;
2415032051.2832308;-85.67572021484375;
2415192307.6934872;-85.698783874511719;
2415352564.1037436;-85.6929931640625;
2415512820.5139999;-85.708412170410156;
2415673076.9242563;-85.689155578613281;
2415833333.3345127;-85.671890258789063;
2415993589.7447691;-85.689155578613281;
2416153846.1550255;-85.700706481933594;
2416314102.5652819;-85.708412170410156;
2416474358.9755383;-85.693000793457031;
2416634615.3857946;-85.702598571777344;
2416794871.796051;-85.679550170898437;
2416955128.2063074;-85.643157958984375;
2417115384.6165643;-85.693000793457031;
2417275641.0268207;-85.68914794921875;
2417435897.437077;-85.712257385253906;
2417596153.8473334;-85.68914794921875;
2417756410.2575898;-85.70263671875;
2417916666.6678462;-85.696853637695313;
2418076923.0781026;-85.671875;
2418237179.488359;-85.696861267089844;
2418397435.8986154;-85.669921875;
2418557692.3088717;-85.658462524414062;
2418717948.7191281;-85.700698852539063;
2418878205.1293845;-85.6929931640625;
2419038461.5396409;-85.700698852539063;
2419198717.9498973;-85.70263671875;
2419358974.3601537;-85.696853637695313;
2419519230.7704101;-85.679534912109375;
2419679487.1806664;-85.704559326171875;
2419839743.5909228;-85.696853637695313;
2420000000.0011792;-85.685317993164063;
2420160256.4114356;-85.691085815429687;
2420320512.8216925;-85.666130065917969;
2420480769.2319489;-85.681472778320312;
2420641025.6422052;-85.70263671875;
2420801282.0524616;-85.708412170410156;
2420961538.462718;-85.693000793457031;
2421121794.8729744;-85.662300109863281;
2421282051.2832308;-85.625968933105469;
2421442307.6934872;-85.622154235839844;
2421602564.1037436;-85.635513305664063;
2421762820.5139999;-85.645072937011719;
2421923076.9242563;-85.633598327636719;
2422083333.3345127;-85.639328002929688;
2422243589.7447691;-85.635505676269531;
2422403846.1550255;-85.658470153808594;
2422564102.5652819;-85.694931030273438;
2422724358.9755383;-85.671890258789063;
2422884615.3857946;-85.689163208007813;
2423044871.796051;-85.710334777832031;
2423205128.2063074;-85.719970703125;
2423365384.6165643;-85.714179992675781;
2423525641.0268207;-85.718032836914063;
2423685897.437077;-85.698776245117188;
2423846153.8473334;-85.710334777832031;
2424006410.2575898;-85.691085815429687;
2424166666.6678462;-85.700698852539063;
2424326923.0781026;-85.696853637695313;
2424487179.488359;-85.700691223144531;
2424647435.8986154;-85.708412170410156;
2424807692.3088717;-85.70648193359375;
2424967948.7191281;-85.706474304199219;
2425128205.1293845;-85.714187622070313;
2425288461.5396409;-85.696853637695313;
2425448717.9498973;-85.714187622070313;
2425608974.3601537;-85.708412170410156;
2425769230.7704101;-85.693008422851562;
2425929487.1806664;-85.702629089355469;
2426089743.5909228;-85.712265014648437;
2426250000.0011792;-85.70648193359375;
2426410256.4114356;-85.708412170410156;
2426570512.8216925;-85.718048095703125;
2426730769.2319489;-85.704551696777344;
2426891025.6422052;-85.68914794921875;
2427051282.0524616;-85.714187622070313;
2427211538.462718;-85.70648193359375;
2427371794.8729744;-85.70648193359375;
2427532051.2832308;-85.70648193359375;
2427692307.6934872;-85.710334777832031;
2427852564.1037436;-85.710334777832031;
2428012820.5139999;-85.712265014648437;
2428173076.9242563;-85.706474304199219;
2428333333.3345127;-85.681427001953125;
2428493589.7447691;-85.641143798828125;
2428653846.1550255;-85.610649108886719;
2428814102.5652819;-85.472755432128906;
2428974358.9755383;-85.360794067382813;
2429134615.3857946;-85.141288757324219;
2429294871.796051;-84.668464660644531;
2429455128.2063074;-84.157485961914062;
2429615384.6165643;-83.611747741699219;
2429775641.0268207;-82.6102294921875;
2429935897.437077;-81.765235900878906;
2430096153.8473334;-80.375076293945313;
2430256410.2575898;-78.525749206542969;
2430416666.6678462;-77.104782104492187;
2430576923.0781026;-75.488655090332031;
2430737179.488359;-73.401298522949219;
2430897435.8986154;-71.901985168457031;
2431057692.3088717;-70.210212707519531;
2431217948.7191281;-68.289138793945313;
2431378205.1293845;-66.710609436035156;
2431538461.5396409;-65.132835388183594;
2431698717.9498973;-63.314296722412109;
2431858974.3601537;-61.769542694091797;
2432019230.7704101;-60.084522247314453;
2432179487.1806664;-58.232917785644531;
2432339743.5909228;-56.905769348144531;
2432500000.0011792;-55.514110565185547;
2432660256.4114356;-54.067283630371094;
2432820512.8216925;-52.796844482421875;
2432980769.2319489;-51.641460418701172;
2433141025.6422052;-50.294200897216797;
2433301282.0524616;-49.231021881103516;
2433461538.462718;-48.149261474609375;
2433621794.8729744;-47.008541107177734;
2433782051.2832308;-46.246986389160156;
2433942307.6934872;-45.4368896484375;
2434102564.1037436;-44.6881103515625;
2434262820.5139999;-44.223957061767578;
2434423076.9242563;-43.787944793701172;
2434583333.3345127;-43.610363006591797;
2434743589.7447691;-43.563522338867188;
2434903846.1550255;-43.619224548339844;
2435064102.5652819;-43.932529449462891;
2435224358.9755383;-44.25201416015625;
2435384615.3857946;-44.76812744140625;
2435544871.796051;-45.566108703613281;
2435705128.2063074;-46.174598693847656;
2435865384.6165643;-47.068965911865234;
2436025641.0268207;-48.123207092285156;
2436185897.437077;-48.925235748291016;
2436346153.8473334;-50.189228057861328;
2436506410.2575898;-51.508766174316406;
2436666666.6678462;-52.439483642578125;
2436826923.0781026;-53.893280029296875;
2436987179.488359;-55.348129272460937;
2437147435.8986154;-56.382480621337891;
2437307692.3088717;-57.936977386474609;
2437467948.7191281;-59.450153350830078;
2437628205.1293845;-60.510772705078125;
2437788461.5396409;-62.037235260009766;
2437948717.9498973;-63.671390533447266;
2438108974.3601537;-64.69781494140625;
2438269230.7704101;-66.178565979003906;
2438429487.1806664;-67.697891235351563;
2438589743.5909228;-68.7381591796875;
2438750000.0011792;-70.204940795898437;
2438910256.4114356;-71.644615173339844;
2439070512.8216925;-72.708259582519531;
2439230769.2319489;-74.186248779296875;
2439391025.6422052;-75.617393493652344;
2439551282.0524616;-76.680717468261719;
2439711538.462718;-78.125068664550781;
2439871794.8729744;-79.620796203613281;
2440032051.2832308;-80.578872680664063;
2440192307.6934872;-81.913627624511719;
2440352564.1037436;-82.892181396484375;
2440512820.5139999;-83.514495849609375;
2440673076.9242563;-84.358734130859375;
2440833333.3345127;-84.786003112792969;
2440993589.7447691;-85.07861328125;
2441153846.1550255;-85.355064392089844;
2441314102.5652819;-85.508445739746094;
2441474358.9755383;-85.59539794921875;
2441634615.3857946;-85.679534912109375;
2441794871.796051;-85.710334777832031;
2441955128.2063074;-85.72381591796875;
2442115384.6165643;-85.770263671875;
2442275641.0268207;-85.787750244140625;
2442435897.437077;-85.795524597167969;
2442596153.8473334;-85.811103820800781;
2442756410.2575898;-85.811111450195313;
2442916666.6678462;-85.82086181640625;
2443076923.0781026;-85.822807312011719;
2443237179.488359;-85.813056945800781;
2443397435.8986154;-85.814994812011719;
2443557692.3088717;-85.7935791015625;
2443717948.7191281;-85.801361083984375;
2443878205.1293845;-85.811088562011719;
2444038461.5396409;-85.824752807617188;
2444198717.9498973;-85.809150695800781;
2444358974.3601537;-85.772209167480469;
2444519230.7704101;-85.805259704589844;
2444679487.1806664;-85.816963195800781;
2444839743.5909228;-85.81304931640625;
2445000000.0011792;-85.813056945800781;
2445160256.4114356;-85.82281494140625;
2445320512.8216925;-85.81890869140625;
2445480769.2319489;-85.815010070800781;
2445641025.6422052;-85.809158325195313;
2445801282.0524616;-85.811111450195313;
2445961538.462718;-85.807205200195313;
2446121794.8729744;-85.793571472167969;
2446282051.2832308;-85.805259704589844;
2446442307.6934872;-85.459854125976563;
2446602564.1037436;-85.155784606933594;
2446762820.5139999;-85.557090759277344;
2446923076.9242563;-85.746994018554688;
2447083333.3345127;-85.748954772949219;
2447243589.7447691;-85.758636474609375;
2447403846.1550255;-85.779960632324219;
2447564102.5652819;-85.804168701171875;
2447724358.9755383;-85.803306579589844;
2447884615.3857946;-85.815010070800781;
2448044871.796051;-85.82281494140625;
2448205128.2063074;-85.815010070800781;
2448365384.6165643;-85.77996826171875;
2448525641.0268207;-85.799407958984375;
2448685897.437077;-85.807197570800781;
2448846153.8473334;-85.834510803222656;
2449006410.2575898;-85.779945373535156;
2449166666.6678462;-85.766105651855469;
2449326923.0781026;-85.811111450195313;
2449487179.488359;-85.81500244140625;
2449647435.8986154;-85.667327880859375;
2449807692.3088717;-85.429435729980469;
2449967948.7191281;-85.364662170410156;
2450128205.1293845;-85.534568786621094;
2450288461.5396409;-85.675552368164062;
2450448717.9498973;-85.772209167480469;
2450608974.3601537;-85.777992248535156;
2450769230.7704101;-85.816963195800781;
2450929487.1806664;-85.781539916992188;
2451089743.5909228;-85.739204406738281;
2451250000.0011792;-85.805244445800781;
2451410256.4114356;-85.815010070800781;
2451570512.8216925;-85.822807312011719;
2451730769.2319489;-85.84234619140625;
2451891025.6422052;-85.733238220214844;
2452051282.0524616;-85.587852478027344;
2452211538.462718;-85.508453369140625;
2452371794.8729744;-85.532928466796875;
2452532051.2832308;-85.66412353515625;
2452692307.6934872;-85.760940551757813;
2452852564.1037436;-85.805252075195313;
2453012820.5139999;-85.81304931640625;
2453173076.9242563;-85.778022766113281;
2453333333.3345127;-85.809158325195313;
2453493589.7447691;-85.777969360351563;
2453653846.1550255;-85.846267700195313;
2453814102.5652819;-85.822807312011719;
2453974358.9755383;-85.81890869140625;
2454134615.3857946;-85.82672119140625;
2454294871.796051;-85.815010070800781;
2454455128.2063074;-85.819778442382813;
2454615384.6165643;-85.832565307617188;
2454775641.0268207;-85.828666687011719;
2454935897.437077;-85.811111450195313;
2455096153.8473334;-85.830589294433594;
2455256410.2575898;-85.856056213378906;
2455416666.6678462;-85.824760437011719;
2455576923.0781026;-85.82086181640625;
2455737179.488359;-85.828666687011719;
2455897435.8986154;-85.81695556640625;
2456057692.3088717;-85.824745178222656;
2456217948.7191281;-85.82281494140625;
2456378205.1293845;-85.82086181640625;
2456538461.5396409;-85.8232421875;
2456698717.9498973;-85.84039306640625;
2456858974.3601537;-85.82086181640625;
2457019230.7704101;-85.84429931640625;
2457179487.1806664;-85.869781494140625;
2457339743.5909228;-85.826713562011719;
2457500000.0011792;-85.861923217773438;
2457660256.4114356;-85.901237487792969;
2457820512.8216925;-85.873710632324219;
2457980769.2319489;-85.869781494140625;
2458141025.6422052;-85.879600524902344;
2458301282.0524616;-85.842330932617187;
2458461538.462718;-85.819778442382813;
2458621794.8729744;-85.850166320800781;
2458782051.2832308;-85.82086181640625;
2458942307.6934872;-85.82476806640625;
2459102564.1037436;-85.82086181640625;
2459262820.5139999;-85.850181579589844;
2459423076.9242563;-85.867820739746094;
2459583333.3345127;-85.889419555664063;
2459743589.7447691;-85.879600524902344;
2459903846.1550255;-85.760139465332031;
2460064102.5652819;-85.677520751953125;
2460224358.9755383;-85.80328369140625;
2460384615.3857946;-85.846267700195313;
2460544871.796051;-85.861930847167969;
2460705128.2063074;-85.858009338378906;
2460865384.6165643;-85.884162902832031;
2461025641.0268207;-85.915023803710938;
2461185897.437077;-85.889434814453125;
2461346153.8473334;-85.911094665527344;
2461506410.2575898;-85.893363952636719;
2461666666.6678462;-85.907150268554688;
2461826923.0781026;-85.9150390625;
2461987179.488359;-85.922935485839844;
2462147435.8986154;-85.911094665527344;
2462307692.3088717;-85.909126281738281;
2462467948.7191281;-85.917015075683594;
2462628205.1293845;-85.911094665527344;
2462788461.5396409;-85.863861083984375;
2462948717.9498973;-85.83453369140625;
2463108974.3601537;-85.838424682617187;
2463269230.7704101;-85.882438659667969;
2463429487.1806664;-85.905174255371094;
2463589743.5909228;-85.907150268554688;
2463750000.0011792;-85.907150268554688;
2463910256.4114356;-85.920951843261719;
2464070512.8216925;-85.918983459472656;
2464230769.2319489;-85.9150390625;
2464391025.6422052;-85.917015075683594;
2464551282.0524616;-85.913063049316406;
2464711538.462718;-85.917015075683594;
2464871794.8729744;-85.905181884765625;
2465032051.2832308;-85.905166625976563;
2465192307.6934872;-85.918983459472656;
2465352564.1037436;-85.895332336425781;
2465512820.5139999;-85.9031982421875;
2465673076.9242563;-85.869781494140625;
2465833333.3345127;-85.90692138671875;
2465993589.7447691;-85.905174255371094;
2466153846.1550255;-85.92095947265625;
2466314102.5652819;-85.881546020507813;
2466474358.9755383;-85.858016967773438;
2466634615.3857946;-85.893356323242187;
2466794871.796051;-85.936759948730469;
2466955128.2063074;-85.932807922363281;
2467115384.6165643;-85.90911865234375;
2467275641.0268207;-85.905181884765625;
2467435897.437077;-85.907150268554688;
2467596153.8473334;-85.891395568847656;
2467756410.2575898;-85.873710632324219;
2467916666.6678462;-85.915031433105469;
2468076923.0781026;-85.918983459472656;
2468237179.488359;-85.913063049316406;
2468397435.8986154;-85.918983459472656;
2468557692.3088717;-85.911094665527344;
2468717948.7191281;-85.894676208496094;
2468878205.1293845;-85.922935485839844;
2469038461.5396409;-85.90911865234375;
2469198717.9498973;-85.899261474609375;
2469358974.3601537;-85.907150268554688;
2469519230.7704101;-85.909126281738281;
2469679487.1806664;-85.907150268554688;
2469839743.5909228;-85.909126281738281;
2470000000.0011792;-85.903205871582031;
2470160256.4114356;-85.905174255371094;
2470320512.8216925;-85.89532470703125;
2470480769.2319489;-85.911094665527344;
2470641025.6422052;-85.903205871582031;
2470801282.0524616;-85.907150268554688;
2470961538.462718;-85.897300720214844;
2471121794.8729744;-85.87567138671875;
2471282051.2832308;-85.869781494140625;
2471442307.6934872;-85.885467529296875;
2471602564.1037436;-85.9031982421875;
2471762820.5139999;-85.881561279296875;
2471923076.9242563;-85.898178100585938;
2472083333.3345127;-85.895332336425781;
2472243589.7447691;-85.885490417480469;
2472403846.1550255;-85.903205871582031;
2472564102.5652819;-85.889427185058594;
2472724358.9755383;-85.901229858398438;
2472884615.3857946;-85.885452270507813;
2473044871.796051;-85.82476806640625;
2473205128.2063074;-85.834526062011719;
2473365384.6165643;-85.842338562011719;
2473525641.0268207;-85.832572937011719;
2473685897.437077;-85.822807312011719;
2473846153.8473334;-85.828666687011719;
2474006410.2575898;-85.84039306640625;
2474166666.6678462;-85.83648681640625;
2474326923.0781026;-85.842353820800781;
2474487179.488359;-85.885482788085938;
2474647435.8986154;-85.899261474609375;
2474807692.3088717;-85.897300720214844;
2474967948.7191281;-85.863899230957031;
2475128205.1293845;-85.889419555664063;
2475288461.5396409;-85.858016967773438;
2475448717.9498973;-85.832572937011719;
2475608974.3601537;-85.82476806640625;
2475769230.7704101;-85.81890869140625;
2475929487.1806664;-85.824981689453125;
2476089743.5909228;-85.826705932617188;
2476250000.0011792;-85.819778442382813;
2476410256.4114356;-85.82476806640625;
2476570512.8216925;-85.81890869140625;
2476730769.2319489;-85.81890869140625;
2476891025.6422052;-85.805259704589844;
2477051282.0524616;-85.811103820800781;
2477211538.462718;-85.816963195800781;
2477371794.8729744;-85.811111450195313;
2477532051.2832308;-85.7935791015625;
2477692307.6934872;-85.81890869140625;
2477852564.1037436;-85.797477722167969;
2478012820.5139999;-85.797454833984375;
2478173076.9242563;-85.797462463378906;
2478333333.3345127;-85.82281494140625;
2478493589.7447691;-85.813056945800781;
2478653846.1550255;-85.82281494140625;
2478814102.5652819;-85.816963195800781;
2478974358.9755383;-85.81890869140625;
2479134615.3857946;-85.824760437011719;
2479294871.796051;-85.828666687011719;
2479455128.2063074;-85.83648681640625;
2479615384.6165643;-85.859962463378906;
2479775641.0268207;-85.852127075195313;
2479935897.437077;-85.840362548828125;
2480096153.8473334;-85.907150268554688;
2480256410.2575898;-85.909126281738281;
2480416666.6678462;-85.887458801269531;
2480576923.0781026;-85.887451171875;
2480737179.488359;-85.905174255371094;
2480897435.8986154;-85.911094665527344;
2481057692.3088717;-85.907150268554688;
2481217948.7191281;-85.89532470703125;
2481378205.1293845;-85.918983459472656;
2481538461.5396409;-85.913063049316406;
2481698717.9498973;-85.912193298339844;
2481858974.3601537;-85.911094665527344;
2482019230.7704101;-85.909126281738281;
2482179487.1806664;-85.9150390625;
2482339743.5909228;-85.918975830078125;
2482500000.0011792;-85.9150390625;
2482660256.4114356;-85.911094665527344;
2482820512.8216925;-85.90911865234375;
2482980769.2319489;-85.918983459472656;
2483141025.6422052;-85.92095947265625;
2483301282.0524616;-85.911094665527344;
2483461538.462718;-85.918983459472656;
2483621794.8729744;-85.909126281738281;
2483782051.2832308;-85.911087036132812;
2483942307.6934872;-85.871742248535156;
2484102564.1037436;-85.901237487792969;
2484262820.5139999;-85.891387939453125;
