Type;ESU;
Version;4.43;
Date;03.Jun 16;
Mode;ANALYZER;
Center Freq;2434262820.514000;Hz
Freq Offset;0.000000;Hz
Span;100000000.000000;Hz
x-Axis;LIN;
Start;2384262820.514000;Hz
Stop;2484262820.514000;Hz
Ref Level;-9.000000;dBm
Level Offset;0.000000;dB
Ref Position;100.000000;%
y-Axis;LOG;
Level Range;100.000000;dB
Rf Att;5.000000;dB
RBW;2000000.000000;Hz
VBW;30.000000;Hz
SWT;4.200000;s
Trace Mode;CLR/WRITE;
Detector;RMS;
Sweep Count;0;
Trace 1:;;
x-Unit;Hz;
y-Unit;dBm;
Values;625;
2384262820.5139999;-85.713836669921875;
2384423076.9242563;-85.711189270019531;
2384583333.3345127;-85.710334777832031;
2384743589.7447691;-85.710334777832031;
2384903846.1550255;-85.712242126464844;
2385064102.5652819;-85.727691650390625;
2385224358.9755383;-85.708412170410156;
2385384615.3857946;-85.708412170410156;
2385544871.796051;-85.714179992675781;
2385705128.2063074;-85.718032836914063;
2385865384.6165643;-85.710334777832031;
2386025641.0268207;-85.73345947265625;
2386185897.437077;-85.760574340820313;
2386346153.8473334;-85.700698852539063;
2386506410.2575898;-85.707763671875;
2386666666.6678462;-85.710334777832031;
2386826923.0781026;-85.712265014648437;
2386987179.488359;-85.708412170410156;
2387147435.8986154;-85.706474304199219;
2387307692.3088717;-85.708412170410156;
2387467948.7191281;-85.710334777832031;
2387628205.1293845;-85.702629089355469;
2387788461.5396409;-85.700706481933594;
2387948717.9498973;-85.706474304199219;
2388108974.3601537;-85.704559326171875;
2388269230.7704101;-85.687240600585938;
2388429487.1806664;-85.694923400878906;
2388589743.5909228;-85.700691223144531;
2388750000.0011792;-85.711189270019531;
2388910256.4114356;-85.70648193359375;
2389070512.8216925;-85.710334777832031;
2389230769.2319489;-85.712265014648437;
2389391025.6422052;-85.70648193359375;
2389551282.0524616;-85.708412170410156;
2389711538.462718;-85.704559326171875;
2389871794.8729744;-85.708412170410156;
2390032051.2832308;-85.70648193359375;
2390192307.6934872;-85.708412170410156;
2390352564.1037436;-85.708404541015625;
2390512820.5139999;-85.704551696777344;
2390673076.9242563;-85.685317993164063;
2390833333.3345127;-85.689170837402344;
2390993589.7447691;-85.699203491210937;
2391153846.1550255;-85.704559326171875;
2391314102.5652819;-85.70648193359375;
2391474358.9755383;-85.704559326171875;
2391634615.3857946;-85.70648193359375;
2391794871.796051;-85.698768615722656;
2391955128.2063074;-85.704559326171875;
2392115384.6165643;-85.708412170410156;
2392275641.0268207;-85.708412170410156;
2392435897.437077;-85.691047668457031;
2392596153.8473334;-85.664215087890625;
2392756410.2575898;-85.624053955078125;
2392916666.6678462;-85.637420654296875;
2393076923.0781026;-85.668037414550781;
2393237179.488359;-85.685310363769531;
2393397435.8986154;-85.673751831054687;
2393557692.3088717;-85.631690979003906;
2393717948.7191281;-85.654823303222656;
2393878205.1293845;-85.689155578613281;
2394038461.5396409;-85.648895263671875;
2394198717.9498973;-85.625961303710938;
2394358974.3601537;-85.616432189941406;
2394519230.7704101;-85.6202392578125;
2394679487.1806664;-85.616424560546875;
2394839743.5909228;-85.625961303710938;
2395000000.0011792;-85.646980285644531;
2395160256.4114356;-85.645057678222656;
2395320512.8216925;-85.625968933105469;
2395480769.2319489;-85.622154235839844;
2395641025.6422052;-85.625961303710938;
2395801282.0524616;-85.624061584472656;
2395961538.462718;-85.660385131835938;
2396121794.8729744;-85.639305114746094;
2396282051.2832308;-85.625961303710938;
2396442307.6934872;-85.650794982910156;
2396602564.1037436;-85.670181274414063;
2396762820.5139999;-85.63360595703125;
2396923076.9242563;-85.620246887207031;
2397083333.3345127;-85.622154235839844;
2397243589.7447691;-85.648872375488281;
2397403846.1550255;-85.639328002929688;
2397564102.5652819;-85.618339538574219;
2397724358.9755383;-85.622146606445313;
2397884615.3857946;-85.625961303710938;
2398044871.796051;-85.622146606445313;
2398205128.2063074;-85.652717590332031;
2398365384.6165643;-85.620246887207031;
2398525641.0268207;-85.624061584472656;
2398685897.437077;-85.627876281738281;
2398846153.8473334;-85.631690979003906;
2399006410.2575898;-85.618339538574219;
2399166666.6678462;-85.620246887207031;
2399326923.0781026;-85.650802612304688;
2399487179.488359;-85.635498046875;
2399647435.8986154;-85.625953674316406;
2399807692.3088717;-85.656547546386719;
2399967948.7191281;-85.625953674316406;
2400128205.1293845;-85.619186401367188;
2400288461.5396409;-85.643157958984375;
2400448717.9498973;-85.625968933105469;
2400608974.3601537;-85.612617492675781;
2400769230.7704101;-85.620246887207031;
2400929487.1806664;-85.612625122070313;
2401089743.5909228;-85.616409301757812;
2401250000.0011792;-85.622154235839844;
2401410256.4114356;-85.620246887207031;
2401570512.8216925;-85.622154235839844;
2401730769.2319489;-85.612625122070313;
2401891025.6422052;-85.620246887207031;
2402051282.0524616;-85.620246887207031;
2402211538.462718;-85.620246887207031;
2402371794.8729744;-85.618339538574219;
2402532051.2832308;-85.620246887207031;
2402692307.6934872;-85.624061584472656;
2402852564.1037436;-85.614524841308594;
2403012820.5139999;-85.622146606445313;
2403173076.9242563;-85.633598327636719;
2403333333.3345127;-85.627861022949219;
2403493589.7447691;-85.620880126953125;
2403653846.1550255;-85.616432189941406;
2403814102.5652819;-85.624061584472656;
2403974358.9755383;-85.618339538574219;
2404134615.3857946;-85.622154235839844;
2404294871.796051;-85.614517211914062;
2404455128.2063074;-85.64697265625;
2404615384.6165643;-85.629776000976563;
2404775641.0268207;-85.616432189941406;
2404935897.437077;-85.625961303710938;
2405096153.8473334;-85.641242980957031;
2405256410.2575898;-85.635505676269531;
2405416666.6678462;-85.633598327636719;
2405576923.0781026;-85.627861022949219;
2405737179.488359;-85.614524841308594;
2405897435.8986154;-85.620246887207031;
2406057692.3088717;-85.629783630371094;
2406217948.7191281;-85.637428283691406;
2406378205.1293845;-85.63275146484375;
2406538461.5396409;-85.639305114746094;
2406698717.9498973;-85.671882629394531;
2406858974.3601537;-85.6412353515625;
2407019230.7704101;-85.648887634277344;
2407179487.1806664;-85.646980285644531;
2407339743.5909228;-85.650810241699219;
2407500000.0011792;-85.627876281738281;
2407660256.4114356;-85.62786865234375;
2407820512.8216925;-85.637413024902344;
2407980769.2319489;-85.633598327636719;
2408141025.6422052;-85.629783630371094;
2408301282.0524616;-85.637847900390625;
2408461538.462718;-85.641250610351563;
2408621794.8729744;-85.637428283691406;
2408782051.2832308;-85.618331909179687;
2408942307.6934872;-85.64697265625;
2409102564.1037436;-85.625961303710938;
2409262820.5139999;-85.666114807128906;
2409423076.9242563;-85.704551696777344;
2409583333.3345127;-85.716117858886719;
2409743589.7447691;-85.70263671875;
2409903846.1550255;-85.660354614257813;
2410064102.5652819;-85.641242980957031;
2410224358.9755383;-85.645065307617188;
2410384615.3857946;-85.641242980957031;
2410544871.796051;-85.63275146484375;
2410705128.2063074;-85.660369873046875;
2410865384.6165643;-85.70648193359375;
2411025641.0268207;-85.704551696777344;
2411185897.437077;-85.687248229980469;
2411346153.8473334;-85.685317993164063;
2411506410.2575898;-85.70263671875;
2411666666.6678462;-85.693008422851562;
2411826923.0781026;-85.689163208007813;
2411987179.488359;-85.710334777832031;
2412147435.8986154;-85.70648193359375;
2412307692.3088717;-85.704559326171875;
2412467948.7191281;-85.689170837402344;
2412628205.1293845;-85.708404541015625;
2412788461.5396409;-85.712265014648437;
2412948717.9498973;-85.689155578613281;
2413108974.3601537;-85.702621459960937;
2413269230.7704101;-85.710334777832031;
2413429487.1806664;-85.679550170898437;
2413589743.5909228;-85.683403015136719;
2413750000.0011792;-85.704551696777344;
2413910256.4114356;-85.708404541015625;
2414070512.8216925;-85.70648193359375;
2414230769.2319489;-85.710334777832031;
2414391025.6422052;-85.70648193359375;
2414551282.0524616;-85.691070556640625;
2414711538.462718;-85.700698852539063;
2414871794.8729744;-85.700698852539063;
2415032051.2832308;-85.704559326171875;
2415192307.6934872;-85.704559326171875;
2415352564.1037436;-85.679557800292969;
2415512820.5139999;-85.70648193359375;
2415673076.9242563;-85.702613830566406;
2415833333.3345127;-85.704559326171875;
2415993589.7447691;-85.712265014648437;
2416153846.1550255;-85.679550170898437;
2416314102.5652819;-85.681465148925781;
2416474358.9755383;-85.691078186035156;
2416634615.3857946;-85.716110229492188;
2416794871.796051;-85.70263671875;
2416955128.2063074;-85.691078186035156;
2417115384.6165643;-85.72381591796875;
2417275641.0268207;-85.694931030273438;
2417435897.437077;-85.70263671875;
2417596153.8473334;-85.696846008300781;
2417756410.2575898;-85.650802612304688;
2417916666.6678462;-85.643142700195313;
2418076923.0781026;-85.683403015136719;
2418237179.488359;-85.668045043945313;
2418397435.8986154;-85.691078186035156;
2418557692.3088717;-85.70263671875;
2418717948.7191281;-85.687248229980469;
2418878205.1293845;-85.70648193359375;
2419038461.5396409;-85.70648193359375;
2419198717.9498973;-85.700698852539063;
2419358974.3601537;-85.710334777832031;
2419519230.7704101;-85.710334777832031;
2419679487.1806664;-85.694915771484375;
2419839743.5909228;-85.675712585449219;
2420000000.0011792;-85.654640197753906;
2420160256.4114356;-85.64697265625;
2420320512.8216925;-85.650810241699219;
2420480769.2319489;-85.693000793457031;
2420641025.6422052;-85.698776245117188;
2420801282.0524616;-85.698776245117188;
2420961538.462718;-85.696853637695313;
2421121794.8729744;-85.712249755859375;
2421282051.2832308;-85.710334777832031;
2421442307.6934872;-85.704559326171875;
2421602564.1037436;-85.696846008300781;
2421762820.5139999;-85.70648193359375;
2421923076.9242563;-85.687232971191406;
2422083333.3345127;-85.7060546875;
2422243589.7447691;-85.709236145019531;
2422403846.1550255;-85.691085815429687;
2422564102.5652819;-85.710334777832031;
2422724358.9755383;-85.70648193359375;
2422884615.3857946;-85.700698852539063;
2423044871.796051;-85.708412170410156;
2423205128.2063074;-85.694931030273438;
2423365384.6165643;-85.708412170410156;
2423525641.0268207;-85.685317993164063;
2423685897.437077;-85.700698852539063;
2423846153.8473334;-85.712265014648437;
2424006410.2575898;-85.70648193359375;
2424166666.6678462;-85.675712585449219;
2424326923.0781026;-85.70648193359375;
2424487179.488359;-85.698783874511719;
2424647435.8986154;-85.709480285644531;
2424807692.3088717;-85.708412170410156;
2424967948.7191281;-85.708412170410156;
2425128205.1293845;-85.698776245117188;
2425288461.5396409;-85.704559326171875;
2425448717.9498973;-85.696853637695313;
2425608974.3601537;-85.710334777832031;
2425769230.7704101;-85.70648193359375;
2425929487.1806664;-85.70263671875;
2426089743.5909228;-85.70648193359375;
2426250000.0011792;-85.710319519042969;
2426410256.4114356;-85.710334777832031;
2426570512.8216925;-85.710334777832031;
2426730769.2319489;-85.712265014648437;
2426891025.6422052;-85.708412170410156;
2427051282.0524616;-85.714187622070313;
2427211538.462718;-85.707763671875;
2427371794.8729744;-85.702629089355469;
2427532051.2832308;-85.712265014648437;
2427692307.6934872;-85.716117858886719;
2427852564.1037436;-85.696853637695313;
2428012820.5139999;-85.693000793457031;
2428173076.9242563;-85.710334777832031;
2428333333.3345127;-85.716117858886719;
2428493589.7447691;-85.689163208007813;
2428653846.1550255;-85.671875;
2428814102.5652819;-85.616378784179688;
2428974358.9755383;-85.612472534179688;
2429134615.3857946;-85.508186340332031;
2429294871.796051;-85.405105590820313;
2429455128.2063074;-85.333198547363281;
2429615384.6165643;-84.934684753417969;
2429775641.0268207;-84.518081665039063;
2429935897.437077;-84.070404052734375;
2430096153.8473334;-83.144798278808594;
2430256410.2575898;-82.099327087402344;
2430416666.6678462;-80.8858642578125;
2430576923.0781026;-79.244483947753906;
2430737179.488359;-77.71551513671875;
2430897435.8986154;-76.221176147460938;
2431057692.3088717;-74.4019775390625;
2431217948.7191281;-72.957298278808594;
2431378205.1293845;-71.335762023925781;
2431538461.5396409;-69.585693359375;
2431698717.9498973;-68.055679321289063;
2431858974.3601537;-66.573654174804687;
2432019230.7704101;-64.743690490722656;
2432179487.1806664;-63.366397857666016;
2432339743.5909228;-61.934497833251953;
2432500000.0011792;-60.299427032470703;
2432660256.4114356;-58.9705810546875;
2432820512.8216925;-57.653705596923828;
2432980769.2319489;-56.168338775634766;
2433141025.6422052;-54.978721618652344;
2433301282.0524616;-53.772636413574219;
2433461538.462718;-52.475437164306641;
2433621794.8729744;-51.484157562255859;
2433782051.2832308;-50.526168823242187;
2433942307.6934872;-49.687744140625;
2434102564.1037436;-49.038707733154297;
2434262820.5139999;-48.451812744140625;
2434423076.9242563;-48.109542846679688;
2434583333.3345127;-47.841869354248047;
2434743589.7447691;-47.744586944580078;
2434903846.1550255;-47.966331481933594;
2435064102.5652819;-48.120441436767578;
2435224358.9755383;-48.534641265869141;
2435384615.3857946;-49.197669982910156;
2435544871.796051;-49.725696563720703;
2435705128.2063074;-50.457077026367188;
2435865384.6165643;-51.633388519287109;
2436025641.0268207;-52.41461181640625;
2436185897.437077;-53.513843536376953;
2436346153.8473334;-54.930931091308594;
2436506410.2575898;-55.840450286865234;
2436666666.6678462;-57.085887908935547;
2436826923.0781026;-58.656623840332031;
2436987179.488359;-59.675605773925781;
2437147435.8986154;-61.051246643066406;
2437307692.3088717;-62.673656463623047;
2437467948.7191281;-63.753932952880859;
2437628205.1293845;-65.413162231445313;
2437788461.5396409;-66.924919128417969;
2437948717.9498973;-67.873359680175781;
2438108974.3601537;-69.388832092285156;
2438269230.7704101;-70.773033142089844;
2438429487.1806664;-71.833328247070312;
2438589743.5909228;-73.365440368652344;
2438750000.0011792;-74.841026306152344;
2438910256.4114356;-75.694908142089844;
2439070512.8216925;-77.179801940917969;
2439230769.2319489;-78.522850036621094;
2439391025.6422052;-79.383094787597656;
2439551282.0524616;-80.746452331542969;
2439711538.462718;-81.828994750976562;
2439871794.8729744;-82.553840637207031;
2440032051.2832308;-83.485847473144531;
2440192307.6934872;-84.175224304199219;
2440352564.1037436;-84.512626647949219;
2440512820.5139999;-84.96514892578125;
2440673076.9242563;-85.265167236328125;
2440833333.3345127;-85.360893249511719;
2440993589.7447691;-85.529067993164062;
2441153846.1550255;-85.6412353515625;
2441314102.5652819;-85.671852111816406;
2441474358.9755383;-85.718048095703125;
2441634615.3857946;-85.768302917480469;
2441794871.796051;-85.815010070800781;
2441955128.2063074;-85.809158325195313;
2442115384.6165643;-85.7955322265625;
2442275641.0268207;-85.822799682617188;
2442435897.437077;-85.811103820800781;
2442596153.8473334;-85.82281494140625;
2442756410.2575898;-85.82281494140625;
2442916666.6678462;-85.826713562011719;
2443076923.0781026;-85.82086181640625;
2443237179.488359;-85.81890869140625;
2443397435.8986154;-85.811103820800781;
2443557692.3088717;-85.82281494140625;
2443717948.7191281;-85.830619812011719;
2443878205.1293845;-85.801361083984375;
2444038461.5396409;-85.787750244140625;
2444198717.9498973;-85.795524597167969;
2444358974.3601537;-85.81304931640625;
2444519230.7704101;-85.815010070800781;
2444679487.1806664;-85.813056945800781;
2444839743.5909228;-85.830619812011719;
2445000000.0011792;-85.834434509277344;
2445160256.4114356;-85.797477722167969;
2445320512.8216925;-85.82086181640625;
2445480769.2319489;-85.741188049316406;
2445641025.6422052;-85.745086669921875;
2445801282.0524616;-85.737335205078125;
2445961538.462718;-85.768333435058594;
2446121794.8729744;-85.779983520507813;
2446282051.2832308;-85.811111450195313;
2446442307.6934872;-85.815010070800781;
2446602564.1037436;-85.816963195800781;
2446762820.5139999;-85.816963195800781;
2446923076.9242563;-85.82086181640625;
2447083333.3345127;-85.832565307617188;
2447243589.7447691;-85.842330932617187;
2447403846.1550255;-85.82086181640625;
2447564102.5652819;-85.81890869140625;
2447724358.9755383;-85.828666687011719;
2447884615.3857946;-85.775985717773438;
2448044871.796051;-85.706352233886719;
2448205128.2063074;-85.614448547363281;
2448365384.6165643;-85.724876403808594;
2448525641.0268207;-85.791633605957031;
2448685897.437077;-85.799407958984375;
2448846153.8473334;-85.797462463378906;
2449006410.2575898;-85.826683044433594;
2449166666.6678462;-85.82867431640625;
2449326923.0781026;-85.832572937011719;
2449487179.488359;-85.813056945800781;
2449647435.8986154;-85.813056945800781;
2449807692.3088717;-85.815010070800781;
2449967948.7191281;-85.818038940429687;
2450128205.1293845;-85.81890869140625;
2450288461.5396409;-85.744560241699219;
2450448717.9498973;-85.646759033203125;
2450608974.3601537;-85.5252685546875;
2450769230.7704101;-85.530784606933594;
2450929487.1806664;-85.616058349609375;
2451089743.5909228;-85.583854675292969;
2451250000.0011792;-85.585693359375;
2451410256.4114356;-85.764396667480469;
2451570512.8216925;-85.824760437011719;
2451730769.2319489;-85.840599060058594;
2451891025.6422052;-85.822807312011719;
2452051282.0524616;-85.82672119140625;
2452211538.462718;-85.82086181640625;
2452371794.8729744;-85.82281494140625;
2452532051.2832308;-85.82281494140625;
2452692307.6934872;-85.793426513671875;
2452852564.1037436;-85.595207214355469;
2453012820.5139999;-85.589393615722656;
2453173076.9242563;-85.540306091308594;
2453333333.3345127;-85.591033935546875;
2453493589.7447691;-85.603866577148438;
2453653846.1550255;-85.7760009765625;
2453814102.5652819;-85.82476806640625;
2453974358.9755383;-85.826713562011719;
2454134615.3857946;-85.828666687011719;
2454294871.796051;-85.82281494140625;
2454455128.2063074;-85.834526062011719;
2454615384.6165643;-85.83062744140625;
2454775641.0268207;-85.82672119140625;
2454935897.437077;-85.82672119140625;
2455096153.8473334;-85.82281494140625;
2455256410.2575898;-85.777992248535156;
2455416666.6678462;-85.797195434570313;
2455576923.0781026;-85.836441040039063;
2455737179.488359;-85.801345825195313;
2455897435.8986154;-85.805191040039063;
2456057692.3088717;-85.809158325195313;
2456217948.7191281;-85.82281494140625;
2456378205.1293845;-85.828651428222656;
2456538461.5396409;-85.81695556640625;
2456698717.9498973;-85.84039306640625;
2456858974.3601537;-85.881553649902344;
2457019230.7704101;-85.909126281738281;
2457179487.1806664;-85.911094665527344;
2457339743.5909228;-85.907150268554688;
2457500000.0011792;-85.878944396972656;
2457660256.4114356;-85.901237487792969;
2457820512.8216925;-85.856048583984375;
2457980769.2319489;-85.87567138671875;
2458141025.6422052;-85.873703002929687;
2458301282.0524616;-85.9031982421875;
2458461538.462718;-85.9012451171875;
2458621794.8729744;-85.911094665527344;
2458782051.2832308;-85.909126281738281;
2458942307.6934872;-85.881553649902344;
2459102564.1037436;-85.891403198242188;
2459262820.5139999;-85.905181884765625;
2459423076.9242563;-85.907150268554688;
2459583333.3345127;-85.908683776855469;
2459743589.7447691;-85.9150390625;
2459903846.1550255;-85.911094665527344;
2460064102.5652819;-85.911094665527344;
2460224358.9755383;-85.917015075683594;
2460384615.3857946;-85.928855895996094;
2460544871.796051;-85.913063049316406;
2460705128.2063074;-85.873710632324219;
2460865384.6165643;-85.871749877929688;
2461025641.0268207;-85.883522033691406;
2461185897.437077;-85.899261474609375;
2461346153.8473334;-85.899269104003906;
2461506410.2575898;-85.879600524902344;
2461666666.6678462;-85.90911865234375;
2461826923.0781026;-85.901664733886719;
2461987179.488359;-85.92095947265625;
2462147435.8986154;-85.911094665527344;
2462307692.3088717;-85.909126281738281;
2462467948.7191281;-85.916999816894531;
2462628205.1293845;-85.9150390625;
2462788461.5396409;-85.897300720214844;
2462948717.9498973;-85.9150390625;
2463108974.3601537;-85.911094665527344;
2463269230.7704101;-85.930839538574219;
2463429487.1806664;-85.911094665527344;
2463589743.5909228;-85.899261474609375;
2463750000.0011792;-85.905174255371094;
2463910256.4114356;-85.9150390625;
2464070512.8216925;-85.911094665527344;
2464230769.2319489;-85.895332336425781;
2464391025.6422052;-85.877189636230469;
2464551282.0524616;-85.903205871582031;
2464711538.462718;-85.907150268554688;
2464871794.8729744;-85.9012451171875;
2465032051.2832308;-85.911094665527344;
2465192307.6934872;-85.899269104003906;
2465352564.1037436;-85.85015869140625;
2465512820.5139999;-85.858001708984375;
2465673076.9242563;-85.903205871582031;
2465833333.3345127;-85.907150268554688;
2465993589.7447691;-85.911094665527344;
2466153846.1550255;-85.9150390625;
2466314102.5652819;-85.911094665527344;
2466474358.9755383;-85.911094665527344;
2466634615.3857946;-85.911094665527344;
2466794871.796051;-85.901229858398438;
2466955128.2063074;-85.911094665527344;
2467115384.6165643;-85.908676147460938;
2467275641.0268207;-85.92095947265625;
2467435897.437077;-85.913063049316406;
2467596153.8473334;-85.9150390625;
2467756410.2575898;-85.897300720214844;
2467916666.6678462;-85.917015075683594;
2468076923.0781026;-85.907150268554688;
2468237179.488359;-85.911094665527344;
2468397435.8986154;-85.9150390625;
2468557692.3088717;-85.9150390625;
2468717948.7191281;-85.901237487792969;
2468878205.1293845;-85.916984558105469;
2469038461.5396409;-85.930831909179687;
2469198717.9498973;-85.913063049316406;
2469358974.3601537;-85.87762451171875;
2469519230.7704101;-85.913063049316406;
2469679487.1806664;-85.920951843261719;
2469839743.5909228;-85.934761047363281;
2470000000.0011792;-85.918983459472656;
2470160256.4114356;-85.911094665527344;
2470320512.8216925;-85.885940551757813;
2470480769.2319489;-85.9031982421875;
2470641025.6422052;-85.913063049316406;
2470801282.0524616;-85.911094665527344;
2470961538.462718;-85.926841735839844;
2471121794.8729744;-85.879600524902344;
2471282051.2832308;-85.922920227050781;
2471442307.6934872;-85.913047790527344;
2471602564.1037436;-85.897300720214844;
2471762820.5139999;-85.9150390625;
2471923076.9242563;-85.907150268554688;
2472083333.3345127;-85.899269104003906;
2472243589.7447691;-85.903205871582031;
2472403846.1550255;-85.907150268554688;
2472564102.5652819;-85.893348693847656;
2472724358.9755383;-85.889427185058594;
2472884615.3857946;-85.899261474609375;
2473044871.796051;-85.918983459472656;
2473205128.2063074;-85.911094665527344;
2473365384.6165643;-85.905181884765625;
2473525641.0268207;-85.918983459472656;
2473685897.437077;-85.899925231933594;
2473846153.8473334;-85.898422241210937;
2474006410.2575898;-85.873710632324219;
2474166666.6678462;-85.859977722167969;
2474326923.0781026;-85.846267700195313;
2474487179.488359;-85.885475158691406;
2474647435.8986154;-85.913063049316406;
2474807692.3088717;-85.905181884765625;
2474967948.7191281;-85.90911865234375;
2475128205.1293845;-85.9012451171875;
2475288461.5396409;-85.875640869140625;
2475448717.9498973;-85.8619384765625;
2475608974.3601537;-85.824760437011719;
2475769230.7704101;-85.81890869140625;
2475929487.1806664;-85.834518432617188;
2476089743.5909228;-85.82086181640625;
2476250000.0011792;-85.828666687011719;
2476410256.4114356;-85.828659057617188;
2476570512.8216925;-85.81890869140625;
2476730769.2319489;-85.813056945800781;
2476891025.6422052;-85.774101257324219;
2477051282.0524616;-85.770271301269531;
2477211538.462718;-85.756683349609375;
2477371794.8729744;-85.710334777832031;
2477532051.2832308;-85.708396911621094;
2477692307.6934872;-85.733474731445313;
2477852564.1037436;-85.714187622070313;
2478012820.5139999;-85.721900939941406;
2478173076.9242563;-85.721893310546875;
2478333333.3345127;-85.74896240234375;
2478493589.7447691;-85.754119873046875;
2478653846.1550255;-85.787750244140625;
2478814102.5652819;-85.809158325195313;
2478974358.9755383;-85.805259704589844;
2479134615.3857946;-85.813056945800781;
2479294871.796051;-85.81890869140625;
2479455128.2063074;-85.844306945800781;
2479615384.6165643;-85.838432312011719;
2479775641.0268207;-85.81890869140625;
2479935897.437077;-85.82281494140625;
2480096153.8473334;-85.82672119140625;
2480256410.2575898;-85.838432312011719;
2480416666.6678462;-85.83258056640625;
2480576923.0781026;-85.828659057617188;
2480737179.488359;-85.879585266113281;
2480897435.8986154;-85.893356323242187;
2481057692.3088717;-85.875679016113281;
2481217948.7191281;-85.901229858398438;
2481378205.1293845;-85.901237487792969;
2481538461.5396409;-85.913063049316406;
2481698717.9498973;-85.885482788085938;
2481858974.3601537;-85.907150268554688;
2482019230.7704101;-85.909126281738281;
2482179487.1806664;-85.918975830078125;
2482339743.5909228;-85.90911865234375;
2482500000.0011792;-85.911094665527344;
2482660256.4114356;-85.913063049316406;
2482820512.8216925;-85.930839538574219;
2482980769.2319489;-85.913063049316406;
2483141025.6422052;-85.928855895996094;
2483301282.0524616;-85.924911499023438;
2483461538.462718;-85.917015075683594;
2483621794.8729744;-85.911094665527344;
2483782051.2832308;-85.9150390625;
2483942307.6934872;-85.899269104003906;
2484102564.1037436;-85.934768676757813;
2484262820.5139999;-85.974418640136719;
