Type;ESU;
Version;4.43;
Date;03.Jun 16;
Mode;ANALYZER;
Center Freq;2434262820.514000;Hz
Freq Offset;0.000000;Hz
Span;100000000.000000;Hz
x-Axis;LIN;
Start;2384262820.514000;Hz
Stop;2484262820.514000;Hz
Ref Level;-9.000000;dBm
Level Offset;0.000000;dB
Ref Position;100.000000;%
y-Axis;LOG;
Level Range;100.000000;dB
Rf Att;5.000000;dB
RBW;2000000.000000;Hz
VBW;50.000000;Hz
SWT;2.500000;s
Trace Mode;CLR/WRITE;
Detector;RMS;
Sweep Count;0;
Trace 1:;;
x-Unit;Hz;
y-Unit;dBm;
Values;625;
2384262820.5139999;-85.757400512695313;
2384423076.9242563;-85.718032836914063;
2384583333.3345127;-85.743118286132813;
2384743589.7447691;-85.735420227050781;
2384903846.1550255;-85.708404541015625;
2385064102.5652819;-85.704551696777344;
2385224358.9755383;-85.696846008300781;
2385384615.3857946;-85.72186279296875;
2385544871.796051;-85.710334777832031;
2385705128.2063074;-85.691078186035156;
2385865384.6165643;-85.721878051757812;
2386025641.0268207;-85.716110229492188;
2386185897.437077;-85.704559326171875;
2386346153.8473334;-85.723823547363281;
2386506410.2575898;-85.704544067382812;
2386666666.6678462;-85.685516357421875;
2386826923.0781026;-85.700416564941406;
2386987179.488359;-85.708412170410156;
2387147435.8986154;-85.716323852539063;
2387307692.3088717;-85.70703125;
2387467948.7191281;-85.695755004882812;
2387628205.1293845;-85.662246704101563;
2387788461.5396409;-85.70648193359375;
2387948717.9498973;-85.712265014648437;
2388108974.3601537;-85.704833984375;
2388269230.7704101;-85.752349853515625;
2388429487.1806664;-85.704551696777344;
2388589743.5909228;-85.710334777832031;
2388750000.0011792;-85.716117858886719;
2388910256.4114356;-85.715835571289063;
2389070512.8216925;-85.714622497558594;
2389230769.2319489;-85.721893310546875;
2389391025.6422052;-85.700691223144531;
2389551282.0524616;-85.691085815429687;
2389711538.462718;-85.718025207519531;
2389871794.8729744;-85.714187622070313;
2390032051.2832308;-85.681480407714844;
2390192307.6934872;-85.710334777832031;
2390352564.1037436;-85.702621459960937;
2390512820.5139999;-85.702621459960937;
2390673076.9242563;-85.698776245117188;
2390833333.3345127;-85.666130065917969;
2390993589.7447691;-85.646980285644531;
2391153846.1550255;-85.702613830566406;
2391314102.5652819;-85.719970703125;
2391474358.9755383;-85.708412170410156;
2391634615.3857946;-85.700698852539063;
2391794871.796051;-85.698776245117188;
2391955128.2063074;-85.70263671875;
2392115384.6165643;-85.708412170410156;
2392275641.0268207;-85.648872375488281;
2392435897.437077;-85.631690979003906;
2392596153.8473334;-85.671859741210938;
2392756410.2575898;-85.666130065917969;
2392916666.6678462;-85.702621459960937;
2393076923.0781026;-85.673789978027344;
2393237179.488359;-85.656539916992188;
2393397435.8986154;-85.652679443359375;
2393557692.3088717;-85.708381652832031;
2393717948.7191281;-85.702629089355469;
2393878205.1293845;-85.718040466308594;
2394038461.5396409;-85.708412170410156;
2394198717.9498973;-85.698188781738281;
2394358974.3601537;-85.625930786132813;
2394519230.7704101;-85.630302429199219;
2394679487.1806664;-85.619178771972656;
2394839743.5909228;-85.647789001464844;
2395000000.0011792;-85.666763305664062;
2395160256.4114356;-85.664215087890625;
2395320512.8216925;-85.643424987792969;
2395480769.2319489;-85.700904846191406;
2395641025.6422052;-85.713630676269531;
2395801282.0524616;-85.654808044433594;
2395961538.462718;-85.654365539550781;
2396121794.8729744;-85.659957885742188;
2396282051.2832308;-85.652175903320312;
2396442307.6934872;-85.669960021972656;
2396602564.1037436;-85.658470153808594;
2396762820.5139999;-85.664199829101563;
2396923076.9242563;-85.671882629394531;
2397083333.3345127;-85.673797607421875;
2397243589.7447691;-85.696830749511719;
2397403846.1550255;-85.643150329589844;
2397564102.5652819;-85.652702331542969;
2397724358.9755383;-85.648849487304688;
2397884615.3857946;-85.601181030273438;
2398044871.796051;-85.610710144042969;
2398205128.2063074;-85.629783630371094;
2398365384.6165643;-85.639335632324219;
2398525641.0268207;-85.614524841308594;
2398685897.437077;-85.631690979003906;
2398846153.8473334;-85.616424560546875;
2399006410.2575898;-85.629783630371094;
2399166666.6678462;-85.624061584472656;
2399326923.0781026;-85.614524841308594;
2399487179.488359;-85.620246887207031;
2399647435.8986154;-85.625946044921875;
2399807692.3088717;-85.635513305664063;
2399967948.7191281;-85.660385131835938;
2400128205.1293845;-85.683395385742188;
2400288461.5396409;-85.622146606445313;
2400448717.9498973;-85.624053955078125;
2400608974.3601537;-85.612594604492187;
2400769230.7704101;-85.625961303710938;
2400929487.1806664;-85.633560180664063;
2401089743.5909228;-85.673782348632813;
2401250000.0011792;-85.658424377441406;
2401410256.4114356;-85.627876281738281;
2401570512.8216925;-85.608795166015625;
2401730769.2319489;-85.622138977050781;
2401891025.6422052;-85.576492309570313;
2402051282.0524616;-85.591651916503906;
2402211538.462718;-85.614524841308594;
2402371794.8729744;-85.616432189941406;
2402532051.2832308;-85.620246887207031;
2402692307.6934872;-85.608802795410156;
2402852564.1037436;-85.610710144042969;
2403012820.5139999;-85.614517211914062;
2403173076.9242563;-85.618339538574219;
2403333333.3345127;-85.648887634277344;
2403493589.7447691;-85.664146423339844;
2403653846.1550255;-85.618339538574219;
2403814102.5652819;-85.612617492675781;
2403974358.9755383;-85.614524841308594;
2404134615.3857946;-85.627876281738281;
2404294871.796051;-85.625961303710938;
2404455128.2063074;-85.608795166015625;
2404615384.6165643;-85.627861022949219;
2404775641.0268207;-85.622146606445313;
2404935897.437077;-85.633575439453125;
2405096153.8473334;-85.666114807128906;
2405256410.2575898;-85.618301391601563;
2405416666.6678462;-85.614517211914062;
2405576923.0781026;-85.64501953125;
2405737179.488359;-85.698783874511719;
2405897435.8986154;-85.658462524414062;
2406057692.3088717;-85.637367248535156;
2406217948.7191281;-85.660263061523438;
2406378205.1293845;-85.66229248046875;
2406538461.5396409;-85.658470153808594;
2406698717.9498973;-85.637413024902344;
2406858974.3601537;-85.646980285644531;
2407019230.7704101;-85.646980285644531;
2407179487.1806664;-85.616424560546875;
2407339743.5909228;-85.658439636230469;
2407500000.0011792;-85.64312744140625;
2407660256.4114356;-85.654640197753906;
2407820512.8216925;-85.608779907226562;
2407980769.2319489;-85.622146606445313;
2408141025.6422052;-85.631690979003906;
2408301282.0524616;-85.627861022949219;
2408461538.462718;-85.650779724121094;
2408621794.8729744;-85.625968933105469;
2408782051.2832308;-85.620246887207031;
2408942307.6934872;-85.622154235839844;
2409102564.1037436;-85.637420654296875;
2409262820.5139999;-85.60308837890625;
2409423076.9242563;-85.624061584472656;
2409583333.3345127;-85.612579345703125;
2409743589.7447691;-85.620223999023437;
2409903846.1550255;-85.625961303710938;
2410064102.5652819;-85.62786865234375;
2410224358.9755383;-85.671875;
2410384615.3857946;-85.668052673339844;
2410544871.796051;-85.671882629394531;
2410705128.2063074;-85.658462524414062;
2410865384.6165643;-85.683403015136719;
2411025641.0268207;-85.685317993164063;
2411185897.437077;-85.70648193359375;
2411346153.8473334;-85.710334777832031;
2411506410.2575898;-85.704170227050781;
2411666666.6678462;-85.708404541015625;
2411826923.0781026;-85.696830749511719;
2411987179.488359;-85.635505676269531;
2412147435.8986154;-85.660346984863281;
2412307692.3088717;-85.669952392578125;
2412467948.7191281;-85.700706481933594;
2412628205.1293845;-85.680648803710938;
2412788461.5396409;-85.737297058105469;
2412948717.9498973;-85.719963073730469;
2413108974.3601537;-85.683403015136719;
2413269230.7704101;-85.683403015136719;
2413429487.1806664;-85.696853637695313;
2413589743.5909228;-85.706474304199219;
2413750000.0011792;-85.70648193359375;
2413910256.4114356;-85.708412170410156;
2414070512.8216925;-85.70648193359375;
2414230769.2319489;-85.646934509277344;
2414391025.6422052;-85.620246887207031;
2414551282.0524616;-85.624061584472656;
2414711538.462718;-85.660346984863281;
2414871794.8729744;-85.708412170410156;
2415032051.2832308;-85.696846008300781;
2415192307.6934872;-85.702613830566406;
2415352564.1037436;-85.702629089355469;
2415512820.5139999;-85.694931030273438;
2415673076.9242563;-85.669952392578125;
2415833333.3345127;-85.669952392578125;
2415993589.7447691;-85.698768615722656;
2416153846.1550255;-85.706474304199219;
2416314102.5652819;-85.696853637695313;
2416474358.9755383;-85.696853637695313;
2416634615.3857946;-85.70648193359375;
2416794871.796051;-85.698776245117188;
2416955128.2063074;-85.710334777832031;
2417115384.6165643;-85.70648193359375;
2417275641.0268207;-85.696861267089844;
2417435897.437077;-85.673797607421875;
2417596153.8473334;-85.671867370605469;
2417756410.2575898;-85.726844787597656;
2417916666.6678462;-85.72381591796875;
2418076923.0781026;-85.708404541015625;
2418237179.488359;-85.681472778320312;
2418397435.8986154;-85.687232971191406;
2418557692.3088717;-85.704551696777344;
2418717948.7191281;-85.702629089355469;
2418878205.1293845;-85.698753356933594;
2419038461.5396409;-85.681480407714844;
2419198717.9498973;-85.704551696777344;
2419358974.3601537;-85.691078186035156;
2419519230.7704101;-85.652725219726563;
2419679487.1806664;-85.660926818847656;
2419839743.5909228;-85.650810241699219;
2420000000.0011792;-85.645057678222656;
2420160256.4114356;-85.704536437988281;
2420320512.8216925;-85.685317993164063;
2420480769.2319489;-85.689170837402344;
2420641025.6422052;-85.689170837402344;
2420801282.0524616;-85.708412170410156;
2420961538.462718;-85.710334777832031;
2421121794.8729744;-85.70648193359375;
2421282051.2832308;-85.70648193359375;
2421442307.6934872;-85.710334777832031;
2421602564.1037436;-85.656524658203125;
2421762820.5139999;-85.654632568359375;
2421923076.9242563;-85.658737182617188;
2422083333.3345127;-85.689125061035156;
2422243589.7447691;-85.683403015136719;
2422403846.1550255;-85.68914794921875;
2422564102.5652819;-85.671890258789063;
2422724358.9755383;-85.677635192871094;
2422884615.3857946;-85.639320373535156;
2423044871.796051;-85.658462524414062;
2423205128.2063074;-85.669960021972656;
2423365384.6165643;-85.681480407714844;
2423525641.0268207;-85.694931030273438;
2423685897.437077;-85.687240600585938;
2423846153.8473334;-85.685317993164063;
2424006410.2575898;-85.664215087890625;
2424166666.6678462;-85.675704956054688;
2424326923.0781026;-85.710334777832031;
2424487179.488359;-85.710334777832031;
2424647435.8986154;-85.702613830566406;
2424807692.3088717;-85.704551696777344;
2424967948.7191281;-85.704551696777344;
2425128205.1293845;-85.675712585449219;
2425288461.5396409;-85.658462524414062;
2425448717.9498973;-85.718040466308594;
2425608974.3601537;-85.702621459960937;
2425769230.7704101;-85.708404541015625;
2425929487.1806664;-85.727676391601563;
2426089743.5909228;-85.716087341308594;
2426250000.0011792;-85.733467102050781;
2426410256.4114356;-85.714179992675781;
2426570512.8216925;-85.714187622070313;
2426730769.2319489;-85.702621459960937;
2426891025.6422052;-85.702606201171875;
2427051282.0524616;-85.687240600585938;
2427211538.462718;-85.714187622070313;
2427371794.8729744;-85.716072082519531;
2427532051.2832308;-85.681480407714844;
2427692307.6934872;-85.63922119140625;
2427852564.1037436;-85.633583068847656;
2428012820.5139999;-85.574264526367188;
2428173076.9242563;-85.59539794921875;
2428333333.3345127;-85.372161865234375;
2428493589.7447691;-85.364387512207031;
2428653846.1550255;-84.822273254394531;
2428814102.5652819;-85.074409484863281;
2428974358.9755383;-83.857872009277344;
2429134615.3857946;-84.074958801269531;
2429294871.796051;-82.12701416015625;
2429455128.2063074;-82.191932678222656;
2429615384.6165643;-80.301338195800781;
2429775641.0268207;-78.522201538085938;
2429935897.437077;-76.690574645996094;
2430096153.8473334;-74.803108215332031;
2430256410.2575898;-73.851776123046875;
2430416666.6678462;-71.538948059082031;
2430576923.0781026;-70.097007751464844;
2430737179.488359;-68.098983764648438;
2430897435.8986154;-66.552192687988281;
2431057692.3088717;-65.071807861328125;
2431217948.7191281;-64.066177368164062;
2431378205.1293845;-61.565929412841797;
2431538461.5396409;-60.094974517822266;
2431698717.9498973;-58.521259307861328;
2431858974.3601537;-57.322666168212891;
2432019230.7704101;-55.69769287109375;
2432179487.1806664;-54.086483001708984;
2432339743.5909228;-52.812934875488281;
2432500000.0011792;-50.778770446777344;
2432660256.4114356;-50.241744995117188;
2432820512.8216925;-48.379962921142578;
2432980769.2319489;-47.279922485351563;
2433141025.6422052;-45.670280456542969;
2433301282.0524616;-45.012104034423828;
2433461538.462718;-43.78912353515625;
2433621794.8729744;-43.213401794433594;
2433782051.2832308;-42.050678253173828;
2433942307.6934872;-41.458625793457031;
2434102564.1037436;-41.078929901123047;
2434262820.5139999;-40.678665161132812;
2434423076.9242563;-40.5020751953125;
2434583333.3345127;-40.224273681640625;
2434743589.7447691;-40.741416931152344;
2434903846.1550255;-40.681049346923828;
2435064102.5652819;-41.378883361816406;
2435224358.9755383;-41.613067626953125;
2435384615.3857946;-42.851226806640625;
2435544871.796051;-43.369796752929688;
2435705128.2063074;-44.500034332275391;
2435865384.6165643;-45.079448699951172;
2436025641.0268207;-46.409313201904297;
2436185897.437077;-48.011859893798828;
2436346153.8473334;-49.012180328369141;
2436506410.2575898;-50.138782501220703;
2436666666.6678462;-51.139846801757812;
2436826923.0781026;-52.429084777832031;
2436987179.488359;-54.272602081298828;
2437147435.8986154;-55.434177398681641;
2437307692.3088717;-56.754390716552734;
2437467948.7191281;-57.626712799072266;
2437628205.1293845;-59.107730865478516;
2437788461.5396409;-60.864608764648438;
2437948717.9498973;-62.295429229736328;
2438108974.3601537;-63.311557769775391;
2438269230.7704101;-64.6070556640625;
2438429487.1806664;-65.703819274902344;
2438589743.5909228;-67.710845947265625;
2438750000.0011792;-68.92926025390625;
2438910256.4114356;-70.203941345214844;
2439070512.8216925;-71.145225524902344;
2439230769.2319489;-72.604217529296875;
2439391025.6422052;-74.531501770019531;
2439551282.0524616;-75.960479736328125;
2439711538.462718;-76.971092224121094;
2439871794.8729744;-78.233863830566406;
2440032051.2832308;-79.432838439941406;
2440192307.6934872;-81.447868347167969;
2440352564.1037436;-82.457595825195313;
2440512820.5139999;-83.297370910644531;
2440673076.9242563;-83.897041320800781;
2440833333.3345127;-84.513809204101563;
2440993589.7447691;-85.133567810058594;
2441153846.1550255;-85.370101928710938;
2441314102.5652819;-85.463920593261719;
2441474358.9755383;-85.531013488769531;
2441634615.3857946;-85.648841857910156;
2441794871.796051;-85.721900939941406;
2441955128.2063074;-85.754737854003906;
2442115384.6165643;-85.793586730957031;
2442275641.0268207;-85.807205200195313;
2442435897.437077;-85.818901062011719;
2442596153.8473334;-85.824752807617188;
2442756410.2575898;-85.81304931640625;
2442916666.6678462;-85.797470092773438;
2443076923.0781026;-85.826713562011719;
2443237179.488359;-85.834503173828125;
2443397435.8986154;-85.80914306640625;
2443557692.3088717;-85.842353820800781;
2443717948.7191281;-85.774139404296875;
2443878205.1293845;-85.81304931640625;
2444038461.5396409;-85.813056945800781;
2444198717.9498973;-85.756690979003906;
2444358974.3601537;-85.811103820800781;
2444519230.7704101;-85.81695556640625;
2444679487.1806664;-85.815010070800781;
2444839743.5909228;-85.809158325195313;
2445000000.0011792;-85.805259704589844;
2445160256.4114356;-85.784385681152344;
2445320512.8216925;-85.766395568847656;
2445480769.2319489;-85.805259704589844;
2445641025.6422052;-85.781875610351562;
2445801282.0524616;-85.741203308105469;
2445961538.462718;-85.81109619140625;
2446121794.8729744;-85.803298950195313;
2446282051.2832308;-85.807205200195313;
2446442307.6934872;-85.766380310058594;
2446602564.1037436;-85.772209167480469;
2446762820.5139999;-85.799407958984375;
2446923076.9242563;-85.81890869140625;
2447083333.3345127;-85.754714965820313;
2447243589.7447691;-85.727684020996094;
2447403846.1550255;-85.781875610351562;
2447564102.5652819;-85.801338195800781;
2447724358.9755383;-85.795516967773438;
2447884615.3857946;-85.563179016113281;
2448044871.796051;-83.322807312011719;
2448205128.2063074;-81.56414794921875;
2448365384.6165643;-80.986862182617188;
2448525641.0268207;-80.445915222167969;
2448685897.437077;-81.27752685546875;
2448846153.8473334;-84.324539184570313;
2449006410.2575898;-85.398796081542969;
2449166666.6678462;-85.694725036621094;
2449326923.0781026;-85.799415588378906;
2449487179.488359;-85.813056945800781;
2449647435.8986154;-85.816932678222656;
2449807692.3088717;-85.824752807617188;
2449967948.7191281;-85.828659057617188;
2450128205.1293845;-85.836479187011719;
2450288461.5396409;-85.830619812011719;
2450448717.9498973;-85.830596923828125;
2450608974.3601537;-84.084747314453125;
2450769230.7704101;-76.600959777832031;
2450929487.1806664;-73.763023376464844;
2451089743.5909228;-73.044517517089844;
2451250000.0011792;-72.688880920410156;
2451410256.4114356;-74.924125671386719;
2451570512.8216925;-73.050811767578125;
2451730769.2319489;-72.341644287109375;
2451891025.6422052;-71.722358703613281;
2452051282.0524616;-72.164741516113281;
2452211538.462718;-78.677879333496094;
2452371794.8729744;-83.416099548339844;
2452532051.2832308;-85.154609680175781;
2452692307.6934872;-85.637184143066406;
2452852564.1037436;-85.754707336425781;
2453012820.5139999;-85.840385437011719;
2453173076.9242563;-85.83843994140625;
2453333333.3345127;-85.82281494140625;
2453493589.7447691;-85.82086181640625;
2453653846.1550255;-85.81890869140625;
2453814102.5652819;-85.81695556640625;
2453974358.9755383;-85.820854187011719;
2454134615.3857946;-85.81695556640625;
2454294871.796051;-85.826713562011719;
2454455128.2063074;-85.81695556640625;
2454615384.6165643;-85.237014770507813;
2454775641.0268207;-75.464401245117188;
2454935897.437077;-70.232955932617188;
2455096153.8473334;-69.547096252441406;
2455256410.2575898;-69.487991333007812;
2455416666.6678462;-70.552650451660156;
2455576923.0781026;-71.432861328125;
2455737179.488359;-70.616706848144531;
2455897435.8986154;-70.98651123046875;
2456057692.3088717;-71.33502197265625;
2456217948.7191281;-75.50750732421875;
2456378205.1293845;-81.888481140136719;
2456538461.5396409;-84.640838623046875;
2456698717.9498973;-85.514930725097656;
2456858974.3601537;-85.766372680664063;
2457019230.7704101;-85.842323303222656;
2457179487.1806664;-85.856040954589844;
2457339743.5909228;-85.856048583984375;
2457500000.0011792;-85.820854187011719;
2457660256.4114356;-85.84820556640625;
2457820512.8216925;-85.846267700195313;
2457980769.2319489;-85.861923217773438;
2458141025.6422052;-85.859977722167969;
2458301282.0524616;-85.869766235351563;
2458461538.462718;-85.826713562011719;
2458621794.8729744;-85.822799682617188;
2458782051.2832308;-84.071159362792969;
2458942307.6934872;-81.702301025390625;
2459102564.1037436;-83.068954467773437;
2459262820.5139999;-83.866012573242188;
2459423076.9242563;-83.100143432617187;
2459583333.3345127;-83.393165588378906;
2459743589.7447691;-84.985580444335938;
2459903846.1550255;-85.53265380859375;
2460064102.5652819;-85.291358947753906;
2460224358.9755383;-85.311012268066406;
2460384615.3857946;-85.486175537109375;
2460544871.796051;-85.547805786132813;
2460705128.2063074;-85.833900451660156;
2460865384.6165643;-85.618293762207031;
2461025641.0268207;-85.698745727539063;
2461185897.437077;-85.803291320800781;
2461346153.8473334;-85.814987182617188;
2461506410.2575898;-85.7547607421875;
2461666666.6678462;-85.807159423828125;
2461826923.0781026;-85.852096557617188;
2461987179.488359;-85.913063049316406;
2462147435.8986154;-85.934738159179687;
2462307692.3088717;-85.877593994140625;
2462467948.7191281;-85.850181579589844;
2462628205.1293845;-85.867820739746094;
2462788461.5396409;-85.9307861328125;
2462948717.9498973;-85.938697814941406;
2463108974.3601537;-85.90911865234375;
2463269230.7704101;-85.913055419921875;
2463429487.1806664;-85.901237487792969;
2463589743.5909228;-85.905174255371094;
2463750000.0011792;-85.899269104003906;
2463910256.4114356;-85.891403198242188;
2464070512.8216925;-85.909126281738281;
2464230769.2319489;-85.901237487792969;
2464391025.6422052;-85.903182983398437;
2464551282.0524616;-85.911087036132812;
2464711538.462718;-85.895317077636719;
2464871794.8729744;-85.905181884765625;
2465032051.2832308;-85.905174255371094;
2465192307.6934872;-85.909126281738281;
2465352564.1037436;-85.913055419921875;
2465512820.5139999;-85.901229858398438;
2465673076.9242563;-85.901206970214844;
2465833333.3345127;-85.905174255371094;
2465993589.7447691;-85.932807922363281;
2466153846.1550255;-85.93280029296875;
2466314102.5652819;-85.918983459472656;
2466474358.9755383;-85.9031982421875;
2466634615.3857946;-85.948631286621094;
2466794871.796051;-85.913063049316406;
2466955128.2063074;-85.905174255371094;
2467115384.6165643;-85.90911865234375;
2467275641.0268207;-85.909126281738281;
2467435897.437077;-85.893363952636719;
2467596153.8473334;-85.905181884765625;
2467756410.2575898;-85.905174255371094;
2467916666.6678462;-85.913055419921875;
2468076923.0781026;-85.891365051269531;
2468237179.488359;-85.852142333984375;
2468397435.8986154;-85.895317077636719;
2468557692.3088717;-85.911087036132812;
2468717948.7191281;-85.913063049316406;
2468878205.1293845;-85.90911865234375;
2469038461.5396409;-85.905174255371094;
2469198717.9498973;-85.911094665527344;
2469358974.3601537;-85.913063049316406;
2469519230.7704101;-85.907142639160156;
2469679487.1806664;-85.897285461425781;
2469839743.5909228;-85.90911865234375;
2470000000.0011792;-85.902923583984375;
2470160256.4114356;-85.899917602539063;
2470320512.8216925;-85.89166259765625;
2470480769.2319489;-85.905181884765625;
2470641025.6422052;-85.909683227539062;
2470801282.0524616;-85.918968200683594;
2470961538.462718;-85.897300720214844;
2471121794.8729744;-85.897293090820313;
2471282051.2832308;-85.903213500976563;
2471442307.6934872;-85.928840637207031;
2471602564.1037436;-85.905174255371094;
2471762820.5139999;-85.903205871582031;
2471923076.9242563;-85.907150268554688;
2472083333.3345127;-85.942680358886719;
2472243589.7447691;-85.918983459472656;
2472403846.1550255;-85.907142639160156;
2472564102.5652819;-85.854049682617188;
2472724358.9755383;-85.848213195800781;
2472884615.3857946;-85.895317077636719;
2473044871.796051;-85.913063049316406;
2473205128.2063074;-85.895332336425781;
2473365384.6165643;-85.911094665527344;
2473525641.0268207;-85.838409423828125;
2473685897.437077;-85.854103088378906;
2473846153.8473334;-85.891380310058594;
2474006410.2575898;-85.885459899902344;
2474166666.6678462;-85.865837097167969;
2474326923.0781026;-85.897293090820313;
2474487179.488359;-85.83843994140625;
2474647435.8986154;-85.848220825195313;
2474807692.3088717;-85.875663757324219;
2474967948.7191281;-85.809158325195313;
2475128205.1293845;-85.81500244140625;
2475288461.5396409;-85.828666687011719;
2475448717.9498973;-85.81890869140625;
2475608974.3601537;-85.832572937011719;
2475769230.7704101;-85.885475158691406;
2475929487.1806664;-85.85211181640625;
2476089743.5909228;-85.82086181640625;
2476250000.0011792;-85.828659057617188;
2476410256.4114356;-85.82086181640625;
2476570512.8216925;-85.82281494140625;
2476730769.2319489;-85.846244812011719;
2476891025.6422052;-85.824478149414063;
2477051282.0524616;-85.738616943359375;
2477211538.462718;-85.713638305664063;
2477371794.8729744;-85.716110229492188;
2477532051.2832308;-85.714187622070313;
2477692307.6934872;-85.712265014648437;
2477852564.1037436;-85.696830749511719;
2478012820.5139999;-85.719886779785156;
2478173076.9242563;-85.791633605957031;
2478333333.3345127;-85.805252075195313;
2478493589.7447691;-85.801353454589844;
2478653846.1550255;-85.7955322265625;
2478814102.5652819;-85.797462463378906;
2478974358.9755383;-85.789695739746094;
2479134615.3857946;-85.805252075195313;
2479294871.796051;-85.82086181640625;
2479455128.2063074;-85.7916259765625;
2479615384.6165643;-85.81890869140625;
2479775641.0268207;-85.820854187011719;
2479935897.437077;-85.830612182617188;
2480096153.8473334;-85.856040954589844;
2480256410.2575898;-85.885482788085938;
2480416666.6678462;-85.903205871582031;
2480576923.0781026;-85.887458801269531;
2480737179.488359;-85.873710632324219;
2480897435.8986154;-85.856056213378906;
2481057692.3088717;-85.897293090820313;
2481217948.7191281;-85.901229858398438;
2481378205.1293845;-85.918983459472656;
2481538461.5396409;-85.883514404296875;
2481698717.9498973;-85.900672912597656;
2481858974.3601537;-85.911094665527344;
2482019230.7704101;-85.907150268554688;
2482179487.1806664;-85.881568908691406;
2482339743.5909228;-85.922920227050781;
2482500000.0011792;-85.909126281738281;
2482660256.4114356;-85.9150390625;
2482820512.8216925;-85.869781494140625;
2482980769.2319489;-85.89727783203125;
2483141025.6422052;-85.907150268554688;
2483301282.0524616;-85.918983459472656;
2483461538.462718;-85.9150390625;
2483621794.8729744;-85.92095947265625;
2483782051.2832308;-85.907150268554688;
2483942307.6934872;-85.917015075683594;
2484102564.1037436;-85.917007446289062;
2484262820.5139999;-85.913063049316406;
