Type;ESU;
Version;4.43;
Date;03.Jun 16;
Mode;ANALYZER;
Center Freq;2434262820.514000;Hz
Freq Offset;0.000000;Hz
Span;100000000.000000;Hz
x-Axis;LIN;
Start;2384262820.514000;Hz
Stop;2484262820.514000;Hz
Ref Level;-9.000000;dBm
Level Offset;0.000000;dB
Ref Position;100.000000;%
y-Axis;LOG;
Level Range;100.000000;dB
Rf Att;5.000000;dB
RBW;2000000.000000;Hz
VBW;30.000000;Hz
SWT;4.200000;s
Trace Mode;CLR/WRITE;
Detector;RMS;
Sweep Count;0;
Trace 1:;;
x-Unit;Hz;
y-Unit;dBm;
Values;625;
2384262820.5139999;-85.711036682128906;
2384423076.9242563;-85.712257385253906;
2384583333.3345127;-85.716331481933594;
2384743589.7447691;-85.704559326171875;
2384903846.1550255;-85.750869750976562;
2385064102.5652819;-85.7296142578125;
2385224358.9755383;-85.712265014648437;
2385384615.3857946;-85.7296142578125;
2385544871.796051;-85.721885681152344;
2385705128.2063074;-85.708412170410156;
2385865384.6165643;-85.712265014648437;
2386025641.0268207;-85.729621887207031;
2386185897.437077;-85.710334777832031;
2386346153.8473334;-85.712265014648437;
2386506410.2575898;-85.718048095703125;
2386666666.6678462;-85.7060546875;
2386826923.0781026;-85.712257385253906;
2386987179.488359;-85.719970703125;
2387147435.8986154;-85.704551696777344;
2387307692.3088717;-85.714187622070313;
2387467948.7191281;-85.708412170410156;
2387628205.1293845;-85.70648193359375;
2387788461.5396409;-85.716117858886719;
2387948717.9498973;-85.708396911621094;
2388108974.3601537;-85.70648193359375;
2388269230.7704101;-85.714187622070313;
2388429487.1806664;-85.708412170410156;
2388589743.5909228;-85.70648193359375;
2388750000.0011792;-85.70648193359375;
2388910256.4114356;-85.666770935058594;
2389070512.8216925;-85.691085815429687;
2389230769.2319489;-85.714179992675781;
2389391025.6422052;-85.712265014648437;
2389551282.0524616;-85.714187622070313;
2389711538.462718;-85.702621459960937;
2389871794.8729744;-85.714179992675781;
2390032051.2832308;-85.70648193359375;
2390192307.6934872;-85.687248229980469;
2390352564.1037436;-85.656547546386719;
2390512820.5139999;-85.654617309570313;
2390673076.9242563;-85.702621459960937;
2390833333.3345127;-85.716110229492188;
2390993589.7447691;-85.708412170410156;
2391153846.1550255;-85.704559326171875;
2391314102.5652819;-85.707763671875;
2391474358.9755383;-85.700706481933594;
2391634615.3857946;-85.702629089355469;
2391794871.796051;-85.719970703125;
2391955128.2063074;-85.708412170410156;
2392115384.6165643;-85.687248229980469;
2392275641.0268207;-85.708412170410156;
2392435897.437077;-85.702629089355469;
2392596153.8473334;-85.669952392578125;
2392756410.2575898;-85.696853637695313;
2392916666.6678462;-85.675682067871094;
2393076923.0781026;-85.639312744140625;
2393237179.488359;-85.637420654296875;
2393397435.8986154;-85.629783630371094;
2393557692.3088717;-85.603057861328125;
2393717948.7191281;-85.612617492675781;
2393878205.1293845;-85.627639770507813;
2394038461.5396409;-85.614494323730469;
2394198717.9498973;-85.593574523925781;
2394358974.3601537;-85.629776000976563;
2394519230.7704101;-85.614509582519531;
2394679487.1806664;-85.633590698242188;
2394839743.5909228;-85.629776000976563;
2395000000.0011792;-85.620246887207031;
2395160256.4114356;-85.641242980957031;
2395320512.8216925;-85.660362243652344;
2395480769.2319489;-85.6412353515625;
2395641025.6422052;-85.637413024902344;
2395801282.0524616;-85.643150329589844;
2395961538.462718;-85.6202392578125;
2396121794.8729744;-85.610710144042969;
2396282051.2832308;-85.608795166015625;
2396442307.6934872;-85.608802795410156;
2396602564.1037436;-85.604995727539063;
2396762820.5139999;-85.612411499023437;
2396923076.9242563;-85.622154235839844;
2397083333.3345127;-85.614524841308594;
2397243589.7447691;-85.629776000976563;
2397403846.1550255;-85.639335632324219;
2397564102.5652819;-85.612617492675781;
2397724358.9755383;-85.622154235839844;
2397884615.3857946;-85.624053955078125;
2398044871.796051;-85.612617492675781;
2398205128.2063074;-85.620231628417969;
2398365384.6165643;-85.627876281738281;
2398525641.0268207;-85.597373962402344;
2398685897.437077;-85.620246887207031;
2398846153.8473334;-85.618339538574219;
2399006410.2575898;-85.625961303710938;
2399166666.6678462;-85.64312744140625;
2399326923.0781026;-85.625961303710938;
2399487179.488359;-85.650810241699219;
2399647435.8986154;-85.629776000976563;
2399807692.3088717;-85.585975646972656;
2399967948.7191281;-85.608802795410156;
2400128205.1293845;-85.6202392578125;
2400288461.5396409;-85.615798950195313;
2400448717.9498973;-85.620246887207031;
2400608974.3601537;-85.616432189941406;
2400769230.7704101;-85.643150329589844;
2400929487.1806664;-85.635513305664063;
2401089743.5909228;-85.639335632324219;
2401250000.0011792;-85.614517211914062;
2401410256.4114356;-85.622154235839844;
2401570512.8216925;-85.618339538574219;
2401730769.2319489;-85.616432189941406;
2401891025.6422052;-85.624061584472656;
2402051282.0524616;-85.616432189941406;
2402211538.462718;-85.631690979003906;
2402371794.8729744;-85.648895263671875;
2402532051.2832308;-85.599266052246094;
2402692307.6934872;-85.614517211914062;
2402852564.1037436;-85.620246887207031;
2403012820.5139999;-85.624053955078125;
2403173076.9242563;-85.629776000976563;
2403333333.3345127;-85.635513305664063;
2403493589.7447691;-85.62786865234375;
2403653846.1550255;-85.627655029296875;
2403814102.5652819;-85.618339538574219;
2403974358.9755383;-85.6202392578125;
2404134615.3857946;-85.635505676269531;
2404294871.796051;-85.625968933105469;
2404455128.2063074;-85.610702514648437;
2404615384.6165643;-85.624053955078125;
2404775641.0268207;-85.618339538574219;
2404935897.437077;-85.645065307617188;
2405096153.8473334;-85.624061584472656;
2405256410.2575898;-85.620246887207031;
2405416666.6678462;-85.629364013671875;
2405576923.0781026;-85.618339538574219;
2405737179.488359;-85.624061584472656;
2405897435.8986154;-85.654640197753906;
2406057692.3088717;-85.618339538574219;
2406217948.7191281;-85.625968933105469;
2406378205.1293845;-85.624061584472656;
2406538461.5396409;-85.666114807128906;
2406698717.9498973;-85.704559326171875;
2406858974.3601537;-85.700706481933594;
2407019230.7704101;-85.669906616210937;
2407179487.1806664;-85.664215087890625;
2407339743.5909228;-85.622146606445313;
2407500000.0011792;-85.625953674316406;
2407660256.4114356;-85.622146606445313;
2407820512.8216925;-85.620246887207031;
2407980769.2319489;-85.624053955078125;
2408141025.6422052;-85.629768371582031;
2408301282.0524616;-85.648887634277344;
2408461538.462718;-85.631690979003906;
2408621794.8729744;-85.643157958984375;
2408782051.2832308;-85.677627563476562;
2408942307.6934872;-85.696830749511719;
2409102564.1037436;-85.65655517578125;
2409262820.5139999;-85.650794982910156;
2409423076.9242563;-85.671867370605469;
2409583333.3345127;-85.697494506835938;
2409743589.7447691;-85.696861267089844;
2409903846.1550255;-85.6929931640625;
2410064102.5652819;-85.673797607421875;
2410224358.9755383;-85.687240600585938;
2410384615.3857946;-85.673805236816406;
2410544871.796051;-85.635505676269531;
2410705128.2063074;-85.627876281738281;
2410865384.6165643;-85.648849487304688;
2411025641.0268207;-85.68914794921875;
2411185897.437077;-85.702629089355469;
2411346153.8473334;-85.714179992675781;
2411506410.2575898;-85.696464538574219;
2411666666.6678462;-85.656524658203125;
2411826923.0781026;-85.629783630371094;
2411987179.488359;-85.656524658203125;
2412147435.8986154;-85.694931030273438;
2412307692.3088717;-85.70263671875;
2412467948.7191281;-85.708412170410156;
2412628205.1293845;-85.710334777832031;
2412788461.5396409;-85.708412170410156;
2412948717.9498973;-85.704551696777344;
2413108974.3601537;-85.698776245117188;
2413269230.7704101;-85.6929931640625;
2413429487.1806664;-85.641242980957031;
2413589743.5909228;-85.6527099609375;
2413750000.0011792;-85.635513305664063;
2413910256.4114356;-85.664192199707031;
2414070512.8216925;-85.698776245117188;
2414230769.2319489;-85.700706481933594;
2414391025.6422052;-85.694931030273438;
2414551282.0524616;-85.710334777832031;
2414711538.462718;-85.681480407714844;
2414871794.8729744;-85.700691223144531;
2415032051.2832308;-85.691085815429687;
2415192307.6934872;-85.70648193359375;
2415352564.1037436;-85.689155578613281;
2415512820.5139999;-85.685317993164063;
2415673076.9242563;-85.70263671875;
2415833333.3345127;-85.710334777832031;
2415993589.7447691;-85.689163208007813;
2416153846.1550255;-85.702629089355469;
2416314102.5652819;-85.70648193359375;
2416474358.9755383;-85.708412170410156;
2416634615.3857946;-85.708412170410156;
2416794871.796051;-85.668037414550781;
2416955128.2063074;-85.64312744140625;
2417115384.6165643;-85.652702331542969;
2417275641.0268207;-85.70648193359375;
2417435897.437077;-85.687248229980469;
2417596153.8473334;-85.669967651367188;
2417756410.2575898;-85.702621459960937;
2417916666.6678462;-85.700706481933594;
2418076923.0781026;-85.687240600585938;
2418237179.488359;-85.687225341796875;
2418397435.8986154;-85.696861267089844;
2418557692.3088717;-85.693008422851562;
2418717948.7191281;-85.704559326171875;
2418878205.1293845;-85.70648193359375;
2419038461.5396409;-85.696853637695313;
2419198717.9498973;-85.708404541015625;
2419358974.3601537;-85.694931030273438;
2419519230.7704101;-85.693008422851562;
2419679487.1806664;-85.658462524414062;
2419839743.5909228;-85.683387756347656;
2420000000.0011792;-85.689170837402344;
2420160256.4114356;-85.696853637695313;
2420320512.8216925;-85.708404541015625;
2420480769.2319489;-85.70648193359375;
2420641025.6422052;-85.712257385253906;
2420801282.0524616;-85.7103271484375;
2420961538.462718;-85.708412170410156;
2421121794.8729744;-85.668037414550781;
2421282051.2832308;-85.689155578613281;
2421442307.6934872;-85.70648193359375;
2421602564.1037436;-85.698776245117188;
2421762820.5139999;-85.687248229980469;
2421923076.9242563;-85.70648193359375;
2422083333.3345127;-85.696830749511719;
2422243589.7447691;-85.702629089355469;
2422403846.1550255;-85.712265014648437;
2422564102.5652819;-85.70263671875;
2422724358.9755383;-85.70648193359375;
2422884615.3857946;-85.700706481933594;
2423044871.796051;-85.687240600585938;
2423205128.2063074;-85.704551696777344;
2423365384.6165643;-85.704551696777344;
2423525641.0268207;-85.70263671875;
2423685897.437077;-85.710334777832031;
2423846153.8473334;-85.691078186035156;
2424006410.2575898;-85.696846008300781;
2424166666.6678462;-85.718040466308594;
2424326923.0781026;-85.70648193359375;
2424487179.488359;-85.70648193359375;
2424647435.8986154;-85.716117858886719;
2424807692.3088717;-85.694931030273438;
2424967948.7191281;-85.700706481933594;
2425128205.1293845;-85.691070556640625;
2425288461.5396409;-85.710334777832031;
2425448717.9498973;-85.710334777832031;
2425608974.3601537;-85.727684020996094;
2425769230.7704101;-85.70648193359375;
2425929487.1806664;-85.700920104980469;
2426089743.5909228;-85.694923400878906;
2426250000.0011792;-85.694923400878906;
2426410256.4114356;-85.719963073730469;
2426570512.8216925;-85.714179992675781;
2426730769.2319489;-85.70648193359375;
2426891025.6422052;-85.718048095703125;
2427051282.0524616;-85.702629089355469;
2427211538.462718;-85.712249755859375;
2427371794.8729744;-85.700698852539063;
2427532051.2832308;-85.710334777832031;
2427692307.6934872;-85.702629089355469;
2427852564.1037436;-85.704559326171875;
2428012820.5139999;-85.708404541015625;
2428173076.9242563;-85.698776245117188;
2428333333.3345127;-85.696846008300781;
2428493589.7447691;-85.694923400878906;
2428653846.1550255;-85.654571533203125;
2428814102.5652819;-85.583572387695313;
2428974358.9755383;-85.523094177246094;
2429134615.3857946;-85.447608947753906;
2429294871.796051;-85.323356628417969;
2429455128.2063074;-85.15948486328125;
2429615384.6165643;-84.720085144042969;
2429775641.0268207;-84.172813415527344;
2429935897.437077;-83.535011291503906;
2430096153.8473334;-82.612899780273437;
2430256410.2575898;-81.762718200683594;
2430416666.6678462;-80.879341125488281;
2430576923.0781026;-79.497123718261719;
2430737179.488359;-78.282974243164062;
2430897435.8986154;-76.7890625;
2431057692.3088717;-75.11102294921875;
2431217948.7191281;-73.841323852539062;
2431378205.1293845;-72.227447509765625;
2431538461.5396409;-70.413894653320312;
2431698717.9498973;-69.181747436523438;
2431858974.3601537;-67.073524475097656;
2432019230.7704101;-65.490554809570313;
2432179487.1806664;-63.898452758789063;
2432339743.5909228;-62.301979064941406;
2432500000.0011792;-60.866981506347656;
2432660256.4114356;-59.948387145996094;
2432820512.8216925;-58.555507659912109;
2432980769.2319489;-57.463409423828125;
2433141025.6422052;-56.689037322998047;
2433301282.0524616;-55.456844329833984;
2433461538.462718;-54.411663055419922;
2433621794.8729744;-53.708789825439453;
2433782051.2832308;-52.7919921875;
2433942307.6934872;-52.163185119628906;
2434102564.1037436;-51.621376037597656;
2434262820.5139999;-50.924674987792969;
2434423076.9242563;-50.643436431884766;
2434583333.3345127;-50.528423309326172;
2434743589.7447691;-50.543994903564453;
2434903846.1550255;-50.892322540283203;
2435064102.5652819;-51.341903686523438;
2435224358.9755383;-51.994743347167969;
2435384615.3857946;-52.842506408691406;
2435544871.796051;-53.721351623535156;
2435705128.2063074;-54.950740814208984;
2435865384.6165643;-55.906684875488281;
2436025641.0268207;-56.83428955078125;
2436185897.437077;-58.221141815185547;
2436346153.8473334;-59.358909606933594;
2436506410.2575898;-60.259990692138672;
2436666666.6678462;-61.55133056640625;
2436826923.0781026;-62.593086242675781;
2436987179.488359;-63.550205230712891;
2437147435.8986154;-65.181938171386719;
2437307692.3088717;-66.545654296875;
2437467948.7191281;-67.7569580078125;
2437628205.1293845;-69.735824584960937;
2437788461.5396409;-71.211639404296875;
2437948717.9498973;-72.502578735351563;
2438108974.3601537;-74.130653381347656;
2438269230.7704101;-75.336311340332031;
2438429487.1806664;-76.332115173339844;
2438589743.5909228;-77.786666870117187;
2438750000.0011792;-78.723785400390625;
2438910256.4114356;-79.581321716308594;
2439070512.8216925;-80.862289428710938;
2439230769.2319489;-81.783859252929688;
2439391025.6422052;-82.621818542480469;
2439551282.0524616;-83.594215393066406;
2439711538.462718;-84.196731567382813;
2439871794.8729744;-84.651252746582031;
2440032051.2832308;-85.119720458984375;
2440192307.6934872;-85.338493347167969;
2440352564.1037436;-85.438018798828125;
2440512820.5139999;-85.585929870605469;
2440673076.9242563;-85.658462524414062;
2440833333.3345127;-85.68145751953125;
2440993589.7447691;-85.714187622070313;
2441153846.1550255;-85.7296142578125;
2441314102.5652819;-85.737350463867188;
2441474358.9755383;-85.80523681640625;
2441634615.3857946;-85.816963195800781;
2441794871.796051;-85.818893432617188;
2441955128.2063074;-85.803298950195313;
2442115384.6165643;-85.816963195800781;
2442275641.0268207;-85.803314208984375;
2442435897.437077;-85.642768859863281;
2442596153.8473334;-85.612617492675781;
2442756410.2575898;-85.597381591796875;
2442916666.6678462;-85.733390808105469;
2443076923.0781026;-85.795516967773438;
2443237179.488359;-85.811111450195313;
2443397435.8986154;-85.81890869140625;
2443557692.3088717;-85.81890869140625;
2443717948.7191281;-85.815010070800781;
2443878205.1293845;-85.82476806640625;
2444038461.5396409;-85.818901062011719;
2444198717.9498973;-85.78192138671875;
2444358974.3601537;-85.82476806640625;
2444519230.7704101;-85.815010070800781;
2444679487.1806664;-85.82476806640625;
2444839743.5909228;-84.870697021484375;
2445000000.0011792;-84.713790893554688;
2445160256.4114356;-85.532180786132813;
2445320512.8216925;-85.737327575683594;
2445480769.2319489;-85.809150695800781;
2445641025.6422052;-85.815010070800781;
2445801282.0524616;-85.82672119140625;
2445961538.462718;-85.787734985351563;
2446121794.8729744;-85.807182312011719;
2446282051.2832308;-85.811103820800781;
2446442307.6934872;-85.81890869140625;
2446602564.1037436;-85.81890869140625;
2446762820.5139999;-85.824760437011719;
2446923076.9242563;-85.816963195800781;
2447083333.3345127;-85.815010070800781;
2447243589.7447691;-85.797431945800781;
2447403846.1550255;-85.752830505371094;
2447564102.5652819;-85.779922485351563;
2447724358.9755383;-85.830619812011719;
2447884615.3857946;-85.828666687011719;
2448044871.796051;-85.82281494140625;
2448205128.2063074;-85.82086181640625;
2448365384.6165643;-85.81890869140625;
2448525641.0268207;-85.82476806640625;
2448685897.437077;-85.795524597167969;
2448846153.8473334;-85.803314208984375;
2449006410.2575898;-85.822807312011719;
2449166666.6678462;-85.821510314941406;
2449326923.0781026;-85.82086181640625;
2449487179.488359;-85.852134704589844;
2449647435.8986154;-85.812934875488281;
2449807692.3088717;-85.752830505371094;
2449967948.7191281;-85.791618347167969;
2450128205.1293845;-85.803314208984375;
2450288461.5396409;-84.132720947265625;
2450448717.9498973;-84.387077331542969;
2450608974.3601537;-84.648307800292969;
2450769230.7704101;-82.702552795410156;
2450929487.1806664;-84.6015625;
2451089743.5909228;-85.515350341796875;
2451250000.0011792;-85.716056823730469;
2451410256.4114356;-85.774147033691406;
2451570512.8216925;-85.820854187011719;
2451730769.2319489;-85.82672119140625;
2451891025.6422052;-85.816963195800781;
2452051282.0524616;-85.805221557617188;
2452211538.462718;-85.708404541015625;
2452371794.8729744;-85.733428955078125;
2452532051.2832308;-85.81890869140625;
2452692307.6934872;-85.823249816894531;
2452852564.1037436;-85.834518432617188;
2453012820.5139999;-85.816963195800781;
2453173076.9242563;-85.81890869140625;
2453333333.3345127;-85.824760437011719;
2453493589.7447691;-85.824760437011719;
2453653846.1550255;-85.815010070800781;
2453814102.5652819;-85.809158325195313;
2453974358.9755383;-85.82086181640625;
2454134615.3857946;-85.844306945800781;
2454294871.796051;-85.822807312011719;
2454455128.2063074;-85.82281494140625;
2454615384.6165643;-85.811080932617188;
2454775641.0268207;-85.826713562011719;
2454935897.437077;-85.850181579589844;
2455096153.8473334;-85.832572937011719;
2455256410.2575898;-85.84429931640625;
2455416666.6678462;-85.844314575195313;
2455576923.0781026;-85.838424682617187;
2455737179.488359;-85.834526062011719;
2455897435.8986154;-85.836479187011719;
2456057692.3088717;-85.887466430664063;
2456217948.7191281;-85.859954833984375;
2456378205.1293845;-85.828666687011719;
2456538461.5396409;-85.826713562011719;
2456698717.9498973;-85.82281494140625;
2456858974.3601537;-85.858009338378906;
2457019230.7704101;-85.846267700195313;
2457179487.1806664;-85.822807312011719;
2457339743.5909228;-85.856040954589844;
2457500000.0011792;-85.89532470703125;
2457660256.4114356;-85.883522033691406;
2457820512.8216925;-85.905181884765625;
2457980769.2319489;-85.881561279296875;
2458141025.6422052;-85.899269104003906;
2458301282.0524616;-85.911094665527344;
2458461538.462718;-85.897300720214844;
2458621794.8729744;-85.868461608886719;
2458782051.2832308;-85.905174255371094;
2458942307.6934872;-85.891387939453125;
2459102564.1037436;-85.836471557617188;
2459262820.5139999;-85.82281494140625;
2459423076.9242563;-85.82281494140625;
2459583333.3345127;-85.680229187011719;
2459743589.7447691;-85.637107849121094;
2459903846.1550255;-85.717613220214844;
2460064102.5652819;-85.681282043457031;
2460224358.9755383;-85.809127807617188;
2460384615.3857946;-85.816963195800781;
2460544871.796051;-84.728462219238281;
2460705128.2063074;-85.2659912109375;
2460865384.6165643;-85.120803833007812;
2461025641.0268207;-85.351470947265625;
2461185897.437077;-85.773933410644531;
2461346153.8473334;-85.846260070800781;
2461506410.2575898;-85.120468139648438;
2461666666.6678462;-85.58343505859375;
2461826923.0781026;-85.383369445800781;
2461987179.488359;-85.628913879394531;
2462147435.8986154;-85.84625244140625;
2462307692.3088717;-85.869781494140625;
2462467948.7191281;-85.791580200195313;
2462628205.1293845;-85.813056945800781;
2462788461.5396409;-85.750732421875;
2462948717.9498973;-85.818840026855469;
2463108974.3601537;-85.861930847167969;
2463269230.7704101;-85.885940551757813;
2463429487.1806664;-85.867820739746094;
2463589743.5909228;-85.911094665527344;
2463750000.0011792;-85.918983459472656;
2463910256.4114356;-85.905174255371094;
2464070512.8216925;-85.895332336425781;
2464230769.2319489;-85.917015075683594;
2464391025.6422052;-85.90911865234375;
2464551282.0524616;-85.915023803710938;
2464711538.462718;-85.911094665527344;
2464871794.8729744;-85.90911865234375;
2465032051.2832308;-85.901222229003906;
2465192307.6934872;-85.909126281738281;
2465352564.1037436;-85.909111022949219;
2465512820.5139999;-85.887458801269531;
2465673076.9242563;-85.92095947265625;
2465833333.3345127;-85.901679992675781;
2465993589.7447691;-85.89532470703125;
2466153846.1550255;-85.9150390625;
2466314102.5652819;-85.899269104003906;
2466474358.9755383;-85.911094665527344;
2466634615.3857946;-85.909126281738281;
2466794871.796051;-85.907150268554688;
2466955128.2063074;-85.92095947265625;
2467115384.6165643;-85.909126281738281;
2467275641.0268207;-85.911094665527344;
2467435897.437077;-85.9150390625;
2467596153.8473334;-85.891387939453125;
2467756410.2575898;-85.909126281738281;
2467916666.6678462;-85.911094665527344;
2468076923.0781026;-85.897293090820313;
2468237179.488359;-85.907142639160156;
2468397435.8986154;-85.909126281738281;
2468557692.3088717;-85.911094665527344;
2468717948.7191281;-85.898178100585938;
2468878205.1293845;-85.913063049316406;
2469038461.5396409;-85.9150390625;
2469198717.9498973;-85.917015075683594;
2469358974.3601537;-85.917007446289062;
2469519230.7704101;-85.918983459472656;
2469679487.1806664;-85.905181884765625;
2469839743.5909228;-85.909126281738281;
2470000000.0011792;-85.905181884765625;
2470160256.4114356;-85.92095947265625;
2470320512.8216925;-85.909126281738281;
2470480769.2319489;-85.9150390625;
2470641025.6422052;-85.917015075683594;
2470801282.0524616;-85.911094665527344;
2470961538.462718;-85.899269104003906;
2471121794.8729744;-85.917007446289062;
2471282051.2832308;-85.913063049316406;
2471442307.6934872;-85.9150390625;
2471602564.1037436;-85.911094665527344;
2471762820.5139999;-85.903205871582031;
2471923076.9242563;-85.909126281738281;
2472083333.3345127;-85.909126281738281;
2472243589.7447691;-85.912193298339844;
2472403846.1550255;-85.909126281738281;
2472564102.5652819;-85.903205871582031;
2472724358.9755383;-85.907150268554688;
2472884615.3857946;-85.897300720214844;
2473044871.796051;-85.897293090820313;
2473205128.2063074;-85.875663757324219;
2473365384.6165643;-85.917015075683594;
2473525641.0268207;-85.9150390625;
2473685897.437077;-85.899269104003906;
2473846153.8473334;-85.9031982421875;
2474006410.2575898;-85.885498046875;
2474166666.6678462;-85.911094665527344;
2474326923.0781026;-85.916999816894531;
2474487179.488359;-85.891380310058594;
2474647435.8986154;-85.907150268554688;
2474807692.3088717;-85.903205871582031;
2474967948.7191281;-85.905181884765625;
2475128205.1293845;-85.897300720214844;
2475288461.5396409;-85.865837097167969;
2475448717.9498973;-85.858024597167969;
2475608974.3601537;-85.852134704589844;
2475769230.7704101;-85.83062744140625;
2475929487.1806664;-85.844306945800781;
2476089743.5909228;-85.82867431640625;
2476250000.0011792;-85.821510314941406;
2476410256.4114356;-85.811111450195313;
2476570512.8216925;-85.809158325195313;
2476730769.2319489;-85.805267333984375;
2476891025.6422052;-85.813056945800781;
2477051282.0524616;-85.803306579589844;
2477211538.462718;-85.764457702636719;
2477371794.8729744;-85.764457702636719;
2477532051.2832308;-85.743141174316406;
2477692307.6934872;-85.729621887207031;
2477852564.1037436;-85.73541259765625;
2478012820.5139999;-85.723823547363281;
2478173076.9242563;-85.712898254394531;
2478333333.3345127;-85.721900939941406;
2478493589.7447691;-85.737342834472656;
2478653846.1550255;-85.776092529296875;
2478814102.5652819;-85.7955322265625;
2478974358.9755383;-85.813056945800781;
2479134615.3857946;-85.82086181640625;
2479294871.796051;-85.81890869140625;
2479455128.2063074;-85.82086181640625;
2479615384.6165643;-85.826713562011719;
2479775641.0268207;-85.83453369140625;
2479935897.437077;-85.850181579589844;
2480096153.8473334;-85.881561279296875;
2480256410.2575898;-85.899261474609375;
2480416666.6678462;-85.889434814453125;
2480576923.0781026;-85.895332336425781;
2480737179.488359;-85.913055419921875;
2480897435.8986154;-85.895332336425781;
2481057692.3088717;-85.903190612792969;
2481217948.7191281;-85.897293090820313;
2481378205.1293845;-85.907150268554688;
2481538461.5396409;-85.911094665527344;
2481698717.9498973;-85.887466430664063;
2481858974.3601537;-85.895332336425781;
2482019230.7704101;-85.909126281738281;
2482179487.1806664;-85.917015075683594;
2482339743.5909228;-85.92095947265625;
2482500000.0011792;-85.907150268554688;
2482660256.4114356;-85.913063049316406;
2482820512.8216925;-85.917015075683594;
2482980769.2319489;-85.911094665527344;
2483141025.6422052;-85.911094665527344;
2483301282.0524616;-85.911094665527344;
2483461538.462718;-85.913063049316406;
2483621794.8729744;-85.911094665527344;
2483782051.2832308;-85.905181884765625;
2483942307.6934872;-85.895317077636719;
2484102564.1037436;-85.911087036132812;
2484262820.5139999;-85.9150390625;
