Type;ESU;
Version;4.43;
Date;03.Jun 16;
Mode;ANALYZER;
Center Freq;2434262820.514000;Hz
Freq Offset;0.000000;Hz
Span;100000000.000000;Hz
x-Axis;LIN;
Start;2384262820.514000;Hz
Stop;2484262820.514000;Hz
Ref Level;-9.000000;dBm
Level Offset;0.000000;dB
Ref Position;100.000000;%
y-Axis;LOG;
Level Range;100.000000;dB
Rf Att;5.000000;dB
RBW;2000000.000000;Hz
VBW;30.000000;Hz
SWT;4.200000;s
Trace Mode;CLR/WRITE;
Detector;RMS;
Sweep Count;0;
Trace 1:;;
x-Unit;Hz;
y-Unit;dBm;
Values;625;
2384262820.5139999;-85.716644287109375;
2384423076.9242563;-85.721900939941406;
2384583333.3345127;-85.739280700683594;
2384743589.7447691;-85.716331481933594;
2384903846.1550255;-85.731559753417969;
2385064102.5652819;-85.710334777832031;
2385224358.9755383;-85.719963073730469;
2385384615.3857946;-85.704551696777344;
2385544871.796051;-85.708412170410156;
2385705128.2063074;-85.716117858886719;
2385865384.6165643;-85.735389709472656;
2386025641.0268207;-85.7412109375;
2386185897.437077;-85.733482360839844;
2386346153.8473334;-85.716117858886719;
2386506410.2575898;-85.710334777832031;
2386666666.6678462;-85.698776245117188;
2386826923.0781026;-85.692367553710938;
2386987179.488359;-85.712265014648437;
2387147435.8986154;-85.714187622070313;
2387307692.3088717;-85.725761413574219;
2387467948.7191281;-85.710334777832031;
2387628205.1293845;-85.700691223144531;
2387788461.5396409;-85.704551696777344;
2387948717.9498973;-85.710334777832031;
2388108974.3601537;-85.710334777832031;
2388269230.7704101;-85.704559326171875;
2388429487.1806664;-85.708412170410156;
2388589743.5909228;-85.704551696777344;
2388750000.0011792;-85.696853637695313;
2388910256.4114356;-85.70648193359375;
2389070512.8216925;-85.677001953125;
2389230769.2319489;-85.696853637695313;
2389391025.6422052;-85.700706481933594;
2389551282.0524616;-85.710334777832031;
2389711538.462718;-85.70648193359375;
2389871794.8729744;-85.710334777832031;
2390032051.2832308;-85.706474304199219;
2390192307.6934872;-85.704551696777344;
2390352564.1037436;-85.650802612304688;
2390512820.5139999;-85.639328002929688;
2390673076.9242563;-85.673759460449219;
2390833333.3345127;-85.719940185546875;
2390993589.7447691;-85.685317993164063;
2391153846.1550255;-85.700706481933594;
2391314102.5652819;-85.70648193359375;
2391474358.9755383;-85.702621459960937;
2391634615.3857946;-85.677642822265625;
2391794871.796051;-85.683395385742188;
2391955128.2063074;-85.685317993164063;
2392115384.6165643;-85.66802978515625;
2392275641.0268207;-85.656547546386719;
2392435897.437077;-85.681472778320312;
2392596153.8473334;-85.683380126953125;
2392756410.2575898;-85.666130065917969;
2392916666.6678462;-85.694923400878906;
2393076923.0781026;-85.671882629394531;
2393237179.488359;-85.687240600585938;
2393397435.8986154;-85.660369873046875;
2393557692.3088717;-85.704551696777344;
2393717948.7191281;-85.708412170410156;
2393878205.1293845;-85.704551696777344;
2394038461.5396409;-85.691085815429687;
2394198717.9498973;-85.678672790527344;
2394358974.3601537;-85.643150329589844;
2394519230.7704101;-85.624061584472656;
2394679487.1806664;-85.631690979003906;
2394839743.5909228;-85.616432189941406;
2395000000.0011792;-85.624061584472656;
2395160256.4114356;-85.631690979003906;
2395320512.8216925;-85.646949768066406;
2395480769.2319489;-85.658470153808594;
2395641025.6422052;-85.639328002929688;
2395801282.0524616;-85.641250610351563;
2395961538.462718;-85.641242980957031;
2396121794.8729744;-85.6929931640625;
2396282051.2832308;-85.702629089355469;
2396442307.6934872;-85.685317993164063;
2396602564.1037436;-85.691078186035156;
2396762820.5139999;-85.679557800292969;
2396923076.9242563;-85.687240600585938;
2397083333.3345127;-85.695793151855469;
2397243589.7447691;-85.664192199707031;
2397403846.1550255;-85.612625122070313;
2397564102.5652819;-85.631690979003906;
2397724358.9755383;-85.627876281738281;
2397884615.3857946;-85.624061584472656;
2398044871.796051;-85.618339538574219;
2398205128.2063074;-85.625968933105469;
2398365384.6165643;-85.622154235839844;
2398525641.0268207;-85.635513305664063;
2398685897.437077;-85.64886474609375;
2398846153.8473334;-85.618339538574219;
2399006410.2575898;-85.614524841308594;
2399166666.6678462;-85.624061584472656;
2399326923.0781026;-85.618331909179687;
2399487179.488359;-85.639335632324219;
2399647435.8986154;-85.631690979003906;
2399807692.3088717;-85.627876281738281;
2399967948.7191281;-85.616432189941406;
2400128205.1293845;-85.618339538574219;
2400288461.5396409;-85.618339538574219;
2400448717.9498973;-85.620246887207031;
2400608974.3601537;-85.622581481933594;
2400769230.7704101;-85.618339538574219;
2400929487.1806664;-85.622154235839844;
2401089743.5909228;-85.616432189941406;
2401250000.0011792;-85.620246887207031;
2401410256.4114356;-85.622154235839844;
2401570512.8216925;-85.620246887207031;
2401730769.2319489;-85.635505676269531;
2401891025.6422052;-85.625946044921875;
2402051282.0524616;-85.618331909179687;
2402211538.462718;-85.585983276367188;
2402371794.8729744;-85.618339538574219;
2402532051.2832308;-85.645072937011719;
2402692307.6934872;-85.64312744140625;
2402852564.1037436;-85.622154235839844;
2403012820.5139999;-85.614524841308594;
2403173076.9242563;-85.625961303710938;
2403333333.3345127;-85.658416748046875;
2403493589.7447691;-85.60308837890625;
2403653846.1550255;-85.616432189941406;
2403814102.5652819;-85.627662658691406;
2403974358.9755383;-85.616432189941406;
2404134615.3857946;-85.618339538574219;
2404294871.796051;-85.60308837890625;
2404455128.2063074;-85.618339538574219;
2404615384.6165643;-85.624061584472656;
2404775641.0268207;-85.631690979003906;
2404935897.437077;-85.622146606445313;
2405096153.8473334;-85.646980285644531;
2405256410.2575898;-85.622146606445313;
2405416666.6678462;-85.625968933105469;
2405576923.0781026;-85.615798950195313;
2405737179.488359;-85.622154235839844;
2405897435.8986154;-85.625968933105469;
2406057692.3088717;-85.6202392578125;
2406217948.7191281;-85.633598327636719;
2406378205.1293845;-85.641250610351563;
2406538461.5396409;-85.629783630371094;
2406698717.9498973;-85.633598327636719;
2406858974.3601537;-85.616432189941406;
2407019230.7704101;-85.620246887207031;
2407179487.1806664;-85.620246887207031;
2407339743.5909228;-85.645065307617188;
2407500000.0011792;-85.624061584472656;
2407660256.4114356;-85.629356384277344;
2407820512.8216925;-85.639320373535156;
2407980769.2319489;-85.627876281738281;
2408141025.6422052;-85.668052673339844;
2408301282.0524616;-85.685317993164063;
2408461538.462718;-85.687232971191406;
2408621794.8729744;-85.637405395507813;
2408782051.2832308;-85.629364013671875;
2408942307.6934872;-85.639328002929688;
2409102564.1037436;-85.63360595703125;
2409262820.5139999;-85.631690979003906;
2409423076.9242563;-85.625968933105469;
2409583333.3345127;-85.622154235839844;
2409743589.7447691;-85.633598327636719;
2409903846.1550255;-85.654640197753906;
2410064102.5652819;-85.635498046875;
2410224358.9755383;-85.627876281738281;
2410384615.3857946;-85.654640197753906;
2410544871.796051;-85.629776000976563;
2410705128.2063074;-85.643150329589844;
2410865384.6165643;-85.631050109863281;
2411025641.0268207;-85.620231628417969;
2411185897.437077;-85.635498046875;
2411346153.8473334;-85.656547546386719;
2411506410.2575898;-85.694221496582031;
2411666666.6678462;-85.679557800292969;
2411826923.0781026;-85.681480407714844;
2411987179.488359;-85.6929931640625;
2412147435.8986154;-85.652725219726563;
2412307692.3088717;-85.673782348632813;
2412467948.7191281;-85.700698852539063;
2412628205.1293845;-85.662300109863281;
2412788461.5396409;-85.700706481933594;
2412948717.9498973;-85.70648193359375;
2413108974.3601537;-85.66607666015625;
2413269230.7704101;-85.654617309570313;
2413429487.1806664;-85.698776245117188;
2413589743.5909228;-85.704559326171875;
2413750000.0011792;-85.683372497558594;
2413910256.4114356;-85.673805236816406;
2414070512.8216925;-85.681465148925781;
2414230769.2319489;-85.689155578613281;
2414391025.6422052;-85.696861267089844;
2414551282.0524616;-85.696853637695313;
2414711538.462718;-85.708412170410156;
2414871794.8729744;-85.708412170410156;
2415032051.2832308;-85.708412170410156;
2415192307.6934872;-85.704551696777344;
2415352564.1037436;-85.706474304199219;
2415512820.5139999;-85.704551696777344;
2415673076.9242563;-85.70648193359375;
2415833333.3345127;-85.70263671875;
2415993589.7447691;-85.70648193359375;
2416153846.1550255;-85.708412170410156;
2416314102.5652819;-85.704551696777344;
2416474358.9755383;-85.70648193359375;
2416634615.3857946;-85.704559326171875;
2416794871.796051;-85.702629089355469;
2416955128.2063074;-85.704551696777344;
2417115384.6165643;-85.704551696777344;
2417275641.0268207;-85.70263671875;
2417435897.437077;-85.69683837890625;
2417596153.8473334;-85.662300109863281;
2417756410.2575898;-85.685317993164063;
2417916666.6678462;-85.694915771484375;
2418076923.0781026;-85.698776245117188;
2418237179.488359;-85.704559326171875;
2418397435.8986154;-85.687217712402344;
2418557692.3088717;-85.683364868164062;
2418717948.7191281;-85.708412170410156;
2418878205.1293845;-85.694931030273438;
2419038461.5396409;-85.700706481933594;
2419198717.9498973;-85.687240600585938;
2419358974.3601537;-85.710334777832031;
2419519230.7704101;-85.710334777832031;
2419679487.1806664;-85.704551696777344;
2419839743.5909228;-85.714187622070313;
2420000000.0011792;-85.704559326171875;
2420160256.4114356;-85.696022033691406;
2420320512.8216925;-85.695793151855469;
2420480769.2319489;-85.709236145019531;
2420641025.6422052;-85.693008422851562;
2420801282.0524616;-85.708412170410156;
2420961538.462718;-85.696861267089844;
2421121794.8729744;-85.704551696777344;
2421282051.2832308;-85.693008422851562;
2421442307.6934872;-85.702629089355469;
2421602564.1037436;-85.702629089355469;
2421762820.5139999;-85.698776245117188;
2421923076.9242563;-85.702629089355469;
2422083333.3345127;-85.687248229980469;
2422243589.7447691;-85.691078186035156;
2422403846.1550255;-85.708412170410156;
2422564102.5652819;-85.698776245117188;
2422724358.9755383;-85.700698852539063;
2422884615.3857946;-85.675712585449219;
2423044871.796051;-85.668045043945313;
2423205128.2063074;-85.677642822265625;
2423365384.6165643;-85.704551696777344;
2423525641.0268207;-85.696846008300781;
2423685897.437077;-85.669952392578125;
2423846153.8473334;-85.696853637695313;
2424006410.2575898;-85.704559326171875;
2424166666.6678462;-85.70648193359375;
2424326923.0781026;-85.70648193359375;
2424487179.488359;-85.712265014648437;
2424647435.8986154;-85.704559326171875;
2424807692.3088717;-85.704559326171875;
2424967948.7191281;-85.710334777832031;
2425128205.1293845;-85.692352294921875;
2425288461.5396409;-85.704551696777344;
2425448717.9498973;-85.702629089355469;
2425608974.3601537;-85.710334777832031;
2425769230.7704101;-85.710334777832031;
2425929487.1806664;-85.710334777832031;
2426089743.5909228;-85.714179992675781;
2426250000.0011792;-85.714187622070313;
2426410256.4114356;-85.708412170410156;
2426570512.8216925;-85.70648193359375;
2426730769.2319489;-85.708412170410156;
2426891025.6422052;-85.694923400878906;
2427051282.0524616;-85.70648193359375;
2427211538.462718;-85.696853637695313;
2427371794.8729744;-85.683395385742188;
2427532051.2832308;-85.716117858886719;
2427692307.6934872;-85.709480285644531;
2427852564.1037436;-85.716117858886719;
2428012820.5139999;-85.704544067382812;
2428173076.9242563;-85.704551696777344;
2428333333.3345127;-85.68914794921875;
2428493589.7447691;-85.620201110839844;
2428653846.1550255;-85.450157165527344;
2428814102.5652819;-85.314170837402344;
2428974358.9755383;-85.113906860351563;
2429134615.3857946;-84.744026184082031;
2429294871.796051;-84.304664611816406;
2429455128.2063074;-83.746002197265625;
2429615384.6165643;-82.910530090332031;
2429775641.0268207;-81.615997314453125;
2429935897.437077;-80.394515991210938;
2430096153.8473334;-78.550811767578125;
2430256410.2575898;-77.169281005859375;
2430416666.6678462;-75.545578002929688;
2430576923.0781026;-73.708580017089844;
2430737179.488359;-72.155220031738281;
2430897435.8986154;-70.606224060058594;
2431057692.3088717;-68.871559143066406;
2431217948.7191281;-67.4527587890625;
2431378205.1293845;-65.815078735351562;
2431538461.5396409;-64.0899658203125;
2431698717.9498973;-62.718681335449219;
2431858974.3601537;-61.075210571289063;
2432019230.7704101;-59.466789245605469;
2432179487.1806664;-58.122402191162109;
2432339743.5909228;-56.617259979248047;
2432500000.0011792;-55.241233825683594;
2432660256.4114356;-53.924892425537109;
2432820512.8216925;-52.400764465332031;
2432980769.2319489;-51.055309295654297;
2433141025.6422052;-50.038307189941406;
2433301282.0524616;-48.806720733642578;
2433461538.462718;-47.724678039550781;
2433621794.8729744;-46.910987854003906;
2433782051.2832308;-45.970294952392578;
2433942307.6934872;-45.273906707763672;
2434102564.1037436;-44.827091217041016;
2434262820.5139999;-44.380470275878906;
2434423076.9242563;-44.238479614257813;
2434583333.3345127;-44.205150604248047;
2434743589.7447691;-44.298416137695312;
2434903846.1550255;-44.641170501708984;
2435064102.5652819;-44.970687866210938;
2435224358.9755383;-45.662429809570313;
2435384615.3857946;-46.420879364013672;
2435544871.796051;-47.113121032714844;
2435705128.2063074;-48.167522430419922;
2435865384.6165643;-49.207534790039063;
2436025641.0268207;-50.097156524658203;
2436185897.437077;-51.450187683105469;
2436346153.8473334;-52.606430053710937;
2436506410.2575898;-53.561046600341797;
2436666666.6678462;-55.204544067382813;
2436826923.0781026;-56.426368713378906;
2436987179.488359;-57.452491760253906;
2437147435.8986154;-59.055168151855469;
2437307692.3088717;-60.346378326416016;
2437467948.7191281;-61.381111145019531;
2437628205.1293845;-63.150859832763672;
2437788461.5396409;-64.473640441894531;
2437948717.9498973;-65.51904296875;
2438108974.3601537;-67.083717346191406;
2438269230.7704101;-68.391983032226563;
2438429487.1806664;-69.494743347167969;
2438589743.5909228;-71.209632873535156;
2438750000.0011792;-72.421035766601563;
2438910256.4114356;-73.491889953613281;
2439070512.8216925;-75.206748962402344;
2439230769.2319489;-76.426712036132812;
2439391025.6422052;-77.508956909179687;
2439551282.0524616;-79.224006652832031;
2439711538.462718;-80.398307800292969;
2439871794.8729744;-81.39129638671875;
2440032051.2832308;-82.76220703125;
2440192307.6934872;-83.539695739746094;
2440352564.1037436;-84.105659484863281;
2440512820.5139999;-84.790290832519531;
2440673076.9242563;-85.103408813476563;
2440833333.3345127;-85.323753356933594;
2440993589.7447691;-85.53662109375;
2441153846.1550255;-85.624061584472656;
2441314102.5652819;-85.673789978027344;
2441474358.9755383;-85.729598999023438;
2441634615.3857946;-85.801368713378906;
2441794871.796051;-85.815010070800781;
2441955128.2063074;-85.801368713378906;
2442115384.6165643;-85.820854187011719;
2442275641.0268207;-85.81890869140625;
2442435897.437077;-85.82086181640625;
2442596153.8473334;-85.81890869140625;
2442756410.2575898;-85.816963195800781;
2442916666.6678462;-85.797462463378906;
2443076923.0781026;-85.801368713378906;
2443237179.488359;-85.81890869140625;
2443397435.8986154;-85.82281494140625;
2443557692.3088717;-85.81890869140625;
2443717948.7191281;-85.820854187011719;
2443878205.1293845;-85.828437805175781;
2444038461.5396409;-85.816963195800781;
2444198717.9498973;-85.813056945800781;
2444358974.3601537;-85.81890869140625;
2444519230.7704101;-85.816963195800781;
2444679487.1806664;-85.807212829589844;
2444839743.5909228;-85.803314208984375;
2445000000.0011792;-85.816963195800781;
2445160256.4114356;-85.816963195800781;
2445320512.8216925;-85.803276062011719;
2445480769.2319489;-85.746986389160156;
2445641025.6422052;-85.801338195800781;
2445801282.0524616;-85.814987182617188;
2445961538.462718;-85.809158325195313;
2446121794.8729744;-85.700599670410156;
2446282051.2832308;-85.622146606445313;
2446442307.6934872;-85.741134643554688;
2446602564.1037436;-85.82086181640625;
2446762820.5139999;-85.822807312011719;
2446923076.9242563;-85.81890869140625;
2447083333.3345127;-85.82086181640625;
2447243589.7447691;-85.82086181640625;
2447403846.1550255;-85.816963195800781;
2447564102.5652819;-85.81890869140625;
2447724358.9755383;-85.82086181640625;
2447884615.3857946;-85.737274169921875;
2448044871.796051;-85.754745483398438;
2448205128.2063074;-85.797462463378906;
2448365384.6165643;-85.809158325195313;
2448525641.0268207;-85.818038940429687;
2448685897.437077;-85.81500244140625;
2448846153.8473334;-85.81890869140625;
2449006410.2575898;-85.82086181640625;
2449166666.6678462;-85.82476806640625;
2449326923.0781026;-85.803314208984375;
2449487179.488359;-85.813056945800781;
2449647435.8986154;-85.82086181640625;
2449807692.3088717;-85.82086181640625;
2449967948.7191281;-85.82086181640625;
2450128205.1293845;-85.815010070800781;
2450288461.5396409;-85.792045593261719;
2450448717.9498973;-85.787742614746094;
2450608974.3601537;-85.850173950195313;
2450769230.7704101;-85.858024597167969;
2450929487.1806664;-85.826705932617188;
2451089743.5909228;-85.822799682617188;
2451250000.0011792;-85.807212829589844;
2451410256.4114356;-85.830619812011719;
2451570512.8216925;-85.83453369140625;
2451730769.2319489;-85.828666687011719;
2451891025.6422052;-85.818038940429687;
2452051282.0524616;-85.828666687011719;
2452211538.462718;-85.832565307617188;
2452371794.8729744;-85.832565307617188;
2452532051.2832308;-85.799415588378906;
2452692307.6934872;-85.801307678222656;
2452852564.1037436;-85.814994812011719;
2453012820.5139999;-85.816963195800781;
2453173076.9242563;-85.813056945800781;
2453333333.3345127;-85.815010070800781;
2453493589.7447691;-85.82086181640625;
2453653846.1550255;-85.807212829589844;
2453814102.5652819;-85.819778442382813;
2453974358.9755383;-85.813056945800781;
2454134615.3857946;-85.820854187011719;
2454294871.796051;-85.828666687011719;
2454455128.2063074;-85.826713562011719;
2454615384.6165643;-85.826713562011719;
2454775641.0268207;-85.816963195800781;
2454935897.437077;-85.815010070800781;
2455096153.8473334;-85.814994812011719;
2455256410.2575898;-85.785797119140625;
2455416666.6678462;-85.822807312011719;
2455576923.0781026;-85.846260070800781;
2455737179.488359;-85.8388671875;
2455897435.8986154;-85.803298950195313;
2456057692.3088717;-85.83843994140625;
2456217948.7191281;-85.82281494140625;
2456378205.1293845;-85.836479187011719;
2456538461.5396409;-85.83648681640625;
2456698717.9498973;-85.840400695800781;
2456858974.3601537;-85.81890869140625;
2457019230.7704101;-85.82476806640625;
2457179487.1806664;-85.871734619140625;
2457339743.5909228;-85.863899230957031;
2457500000.0011792;-85.82281494140625;
2457660256.4114356;-85.821510314941406;
2457820512.8216925;-85.828666687011719;
2457980769.2319489;-85.83062744140625;
2458141025.6422052;-85.82672119140625;
2458301282.0524616;-85.82476806640625;
2458461538.462718;-85.848197937011719;
2458621794.8729744;-85.89532470703125;
2458782051.2832308;-85.907150268554688;
2458942307.6934872;-85.905181884765625;
2459102564.1037436;-85.846260070800781;
2459262820.5139999;-85.838424682617187;
2459423076.9242563;-85.899269104003906;
2459583333.3345127;-85.913063049316406;
2459743589.7447691;-85.905174255371094;
2459903846.1550255;-85.868461608886719;
2460064102.5652819;-85.871719360351563;
2460224358.9755383;-85.885498046875;
2460384615.3857946;-85.889427185058594;
2460544871.796051;-85.911094665527344;
2460705128.2063074;-85.899269104003906;
2460865384.6165643;-85.867820739746094;
2461025641.0268207;-85.885498046875;
2461185897.437077;-85.909126281738281;
2461346153.8473334;-85.907150268554688;
2461506410.2575898;-85.911094665527344;
2461666666.6678462;-85.907150268554688;
2461826923.0781026;-85.909126281738281;
2461987179.488359;-85.913063049316406;
2462147435.8986154;-85.911094665527344;
2462307692.3088717;-85.915695190429687;
2462467948.7191281;-85.911094665527344;
2462628205.1293845;-85.905174255371094;
2462788461.5396409;-85.911094665527344;
2462948717.9498973;-85.911094665527344;
2463108974.3601537;-85.913063049316406;
2463269230.7704101;-85.899261474609375;
2463429487.1806664;-85.911094665527344;
2463589743.5909228;-85.889434814453125;
2463750000.0011792;-85.907150268554688;
2463910256.4114356;-85.897285461425781;
2464070512.8216925;-85.911094665527344;
2464230769.2319489;-85.917015075683594;
2464391025.6422052;-85.913063049316406;
2464551282.0524616;-85.887466430664063;
2464711538.462718;-85.897293090820313;
2464871794.8729744;-85.910438537597656;
2465032051.2832308;-85.917007446289062;
2465192307.6934872;-85.905174255371094;
2465352564.1037436;-85.9150390625;
2465512820.5139999;-85.909126281738281;
2465673076.9242563;-85.903205871582031;
2465833333.3345127;-85.911094665527344;
2465993589.7447691;-85.909126281738281;
2466153846.1550255;-85.9150390625;
2466314102.5652819;-85.899269104003906;
2466474358.9755383;-85.9150390625;
2466634615.3857946;-85.90911865234375;
2466794871.796051;-85.918975830078125;
2466955128.2063074;-85.9150390625;
2467115384.6165643;-85.911094665527344;
2467275641.0268207;-85.913063049316406;
2467435897.437077;-85.9150390625;
2467596153.8473334;-85.929710388183594;
2467756410.2575898;-85.91107177734375;
2467916666.6678462;-85.90911865234375;
2468076923.0781026;-85.909126281738281;
2468237179.488359;-85.909126281738281;
2468397435.8986154;-85.911094665527344;
2468557692.3088717;-85.922927856445312;
2468717948.7191281;-85.907150268554688;
2468878205.1293845;-85.913063049316406;
2469038461.5396409;-85.911094665527344;
2469198717.9498973;-85.90911865234375;
2469358974.3601537;-85.901237487792969;
2469519230.7704101;-85.901222229003906;
2469679487.1806664;-85.909126281738281;
2469839743.5909228;-85.905181884765625;
2470000000.0011792;-85.895317077636719;
2470160256.4114356;-85.9150390625;
2470320512.8216925;-85.91107177734375;
2470480769.2319489;-85.897285461425781;
2470641025.6422052;-85.905174255371094;
2470801282.0524616;-85.9031982421875;
2470961538.462718;-85.891395568847656;
2471121794.8729744;-85.913063049316406;
2471282051.2832308;-85.901229858398438;
2471442307.6934872;-85.899261474609375;
2471602564.1037436;-85.913063049316406;
2471762820.5139999;-85.909126281738281;
2471923076.9242563;-85.917015075683594;
2472083333.3345127;-85.903205871582031;
2472243589.7447691;-85.907150268554688;
2472403846.1550255;-85.899261474609375;
2472564102.5652819;-85.877639770507813;
2472724358.9755383;-85.903213500976563;
2472884615.3857946;-85.909126281738281;
2473044871.796051;-85.897300720214844;
2473205128.2063074;-85.901237487792969;
2473365384.6165643;-85.909126281738281;
2473525641.0268207;-85.913063049316406;
2473685897.437077;-85.893348693847656;
2473846153.8473334;-85.899261474609375;
2474006410.2575898;-85.897293090820313;
2474166666.6678462;-85.895332336425781;
2474326923.0781026;-85.869781494140625;
2474487179.488359;-85.84234619140625;
2474647435.8986154;-85.828666687011719;
2474807692.3088717;-85.848213195800781;
2474967948.7191281;-85.901237487792969;
2475128205.1293845;-85.905174255371094;
2475288461.5396409;-85.903213500976563;
2475448717.9498973;-85.907150268554688;
2475608974.3601537;-85.858001708984375;
2475769230.7704101;-85.81890869140625;
2475929487.1806664;-85.815010070800781;
2476089743.5909228;-85.809158325195313;
2476250000.0011792;-85.7916259765625;
2476410256.4114356;-85.785797119140625;
2476570512.8216925;-85.803314208984375;
2476730769.2319489;-85.766372680664063;
2476891025.6422052;-85.74896240234375;
2477051282.0524616;-85.73541259765625;
2477211538.462718;-85.706474304199219;
2477371794.8729744;-85.714187622070313;
2477532051.2832308;-85.704559326171875;
2477692307.6934872;-85.704559326171875;
2477852564.1037436;-85.710334777832031;
2478012820.5139999;-85.710334777832031;
2478173076.9242563;-85.716117858886719;
2478333333.3345127;-85.712265014648437;
2478493589.7447691;-85.719978332519531;
2478653846.1550255;-85.743148803710937;
2478814102.5652819;-85.74896240234375;
2478974358.9755383;-85.745513916015625;
2479134615.3857946;-85.751167297363281;
2479294871.796051;-85.811103820800781;
2479455128.2063074;-85.81890869140625;
2479615384.6165643;-85.83648681640625;
2479775641.0268207;-85.82672119140625;
2479935897.437077;-85.820854187011719;
2480096153.8473334;-85.89532470703125;
2480256410.2575898;-85.879585266113281;
2480416666.6678462;-85.848220825195313;
2480576923.0781026;-85.850181579589844;
2480737179.488359;-85.861900329589844;
2480897435.8986154;-85.897300720214844;
2481057692.3088717;-85.877639770507813;
2481217948.7191281;-85.873695373535156;
2481378205.1293845;-85.899269104003906;
2481538461.5396409;-85.913063049316406;
2481698717.9498973;-85.897300720214844;
2481858974.3601537;-85.901229858398438;
2482019230.7704101;-85.909126281738281;
2482179487.1806664;-85.909126281738281;
2482339743.5909228;-85.917015075683594;
2482500000.0011792;-85.913063049316406;
2482660256.4114356;-85.913047790527344;
2482820512.8216925;-85.911094665527344;
2482980769.2319489;-85.907150268554688;
2483141025.6422052;-85.928855895996094;
2483301282.0524616;-85.920951843261719;
2483461538.462718;-85.915031433105469;
2483621794.8729744;-85.9150390625;
2483782051.2832308;-85.9150390625;
2483942307.6934872;-85.875656127929688;
2484102564.1037436;-85.893348693847656;
2484262820.5139999;-85.917007446289062;
