Type;ESU;
Version;4.43;
Date;03.Jun 16;
Mode;ANALYZER;
Center Freq;2434262820.514000;Hz
Freq Offset;0.000000;Hz
Span;100000000.000000;Hz
x-Axis;LIN;
Start;2384262820.514000;Hz
Stop;2484262820.514000;Hz
Ref Level;-9.000000;dBm
Level Offset;0.000000;dB
Ref Position;100.000000;%
y-Axis;LOG;
Level Range;100.000000;dB
Rf Att;5.000000;dB
RBW;2000000.000000;Hz
VBW;50.000000;Hz
SWT;2.500000;s
Trace Mode;CLR/WRITE;
Detector;RMS;
Sweep Count;0;
Trace 1:;;
x-Unit;Hz;
y-Unit;dBm;
Values;625;
2384262820.5139999;-85.685813903808594;
2384423076.9242563;-85.694915771484375;
2384583333.3345127;-85.693000793457031;
2384743589.7447691;-85.702629089355469;
2384903846.1550255;-85.719970703125;
2385064102.5652819;-85.716110229492188;
2385224358.9755383;-85.723831176757813;
2385384615.3857946;-85.714187622070313;
2385544871.796051;-85.712257385253906;
2385705128.2063074;-85.731552124023438;
2385865384.6165643;-85.745040893554688;
2386025641.0268207;-85.719955444335938;
2386185897.437077;-85.727684020996094;
2386346153.8473334;-85.708412170410156;
2386506410.2575898;-85.712265014648437;
2386666666.6678462;-85.712265014648437;
2386826923.0781026;-85.710334777832031;
2386987179.488359;-85.687248229980469;
2387147435.8986154;-85.718040466308594;
2387307692.3088717;-85.721893310546875;
2387467948.7191281;-85.735420227050781;
2387628205.1293845;-85.704551696777344;
2387788461.5396409;-85.708404541015625;
2387948717.9498973;-85.691055297851563;
2388108974.3601537;-85.652717590332031;
2388269230.7704101;-85.671890258789063;
2388429487.1806664;-85.679557800292969;
2388589743.5909228;-85.70263671875;
2388750000.0011792;-85.708412170410156;
2388910256.4114356;-85.660362243652344;
2389070512.8216925;-85.692970275878906;
2389230769.2319489;-85.714187622070313;
2389391025.6422052;-85.716094970703125;
2389551282.0524616;-85.706474304199219;
2389711538.462718;-85.685317993164063;
2389871794.8729744;-85.687232971191406;
2390032051.2832308;-85.710334777832031;
2390192307.6934872;-85.710334777832031;
2390352564.1037436;-85.694915771484375;
2390512820.5139999;-85.650802612304688;
2390673076.9242563;-85.750877380371094;
2390833333.3345127;-85.739288330078125;
2390993589.7447691;-85.712257385253906;
2391153846.1550255;-85.662254333496094;
2391314102.5652819;-85.646965026855469;
2391474358.9755383;-85.677635192871094;
2391634615.3857946;-85.700706481933594;
2391794871.796051;-85.691085815429687;
2391955128.2063074;-85.716110229492188;
2392115384.6165643;-85.700706481933594;
2392275641.0268207;-85.704551696777344;
2392435897.437077;-85.696861267089844;
2392596153.8473334;-85.683334350585938;
2392756410.2575898;-85.625968933105469;
2392916666.6678462;-85.693000793457031;
2393076923.0781026;-85.668045043945313;
2393237179.488359;-85.631675720214844;
2393397435.8986154;-85.687232971191406;
2393557692.3088717;-85.668045043945313;
2393717948.7191281;-85.698783874511719;
2393878205.1293845;-85.648880004882813;
2394038461.5396409;-85.643157958984375;
2394198717.9498973;-85.689155578613281;
2394358974.3601537;-85.712257385253906;
2394519230.7704101;-85.673774719238281;
2394679487.1806664;-85.669967651367188;
2394839743.5909228;-85.656547546386719;
2395000000.0011792;-85.67572021484375;
2395160256.4114356;-85.618339538574219;
2395320512.8216925;-85.635513305664063;
2395480769.2319489;-85.656547546386719;
2395641025.6422052;-85.614517211914062;
2395801282.0524616;-85.641220092773438;
2395961538.462718;-85.683372497558594;
2396121794.8729744;-85.625961303710938;
2396282051.2832308;-85.641242980957031;
2396442307.6934872;-85.633590698242188;
2396602564.1037436;-85.635498046875;
2396762820.5139999;-85.689170837402344;
2396923076.9242563;-85.69683837890625;
2397083333.3345127;-85.635505676269531;
2397243589.7447691;-85.629783630371094;
2397403846.1550255;-85.606903076171875;
2397564102.5652819;-85.620246887207031;
2397724358.9755383;-85.625968933105469;
2397884615.3857946;-85.639328002929688;
2398044871.796051;-85.624061584472656;
2398205128.2063074;-85.622154235839844;
2398365384.6165643;-85.625961303710938;
2398525641.0268207;-85.629776000976563;
2398685897.437077;-85.620231628417969;
2398846153.8473334;-85.616432189941406;
2399006410.2575898;-85.624046325683594;
2399166666.6678462;-85.660377502441406;
2399326923.0781026;-85.660369873046875;
2399487179.488359;-85.624061584472656;
2399647435.8986154;-85.618339538574219;
2399807692.3088717;-85.639312744140625;
2399967948.7191281;-85.635482788085937;
2400128205.1293845;-85.629745483398438;
2400288461.5396409;-85.621604919433594;
2400448717.9498973;-85.622581481933594;
2400608974.3601537;-85.628143310546875;
2400769230.7704101;-85.634437561035156;
2400929487.1806664;-85.693817138671875;
2401089743.5909228;-85.637832641601563;
2401250000.0011792;-85.623786926269531;
2401410256.4114356;-85.587867736816406;
2401570512.8216925;-85.612617492675781;
2401730769.2319489;-85.622154235839844;
2401891025.6422052;-85.614517211914062;
2402051282.0524616;-85.620246887207031;
2402211538.462718;-85.645065307617188;
2402371794.8729744;-85.608810424804688;
2402532051.2832308;-85.624053955078125;
2402692307.6934872;-85.608802795410156;
2402852564.1037436;-85.5916748046875;
2403012820.5139999;-85.625961303710938;
2403173076.9242563;-85.624061584472656;
2403333333.3345127;-85.631690979003906;
2403493589.7447691;-85.616432189941406;
2403653846.1550255;-85.612625122070313;
2403814102.5652819;-85.608787536621094;
2403974358.9755383;-85.616409301757812;
2404134615.3857946;-85.622154235839844;
2404294871.796051;-85.620246887207031;
2404455128.2063074;-85.633575439453125;
2404615384.6165643;-85.650802612304688;
2404775641.0268207;-85.639320373535156;
2404935897.437077;-85.660377502441406;
2405096153.8473334;-85.651412963867187;
2405256410.2575898;-85.639312744140625;
2405416666.6678462;-85.658744812011719;
2405576923.0781026;-85.665069580078125;
2405737179.488359;-85.654632568359375;
2405897435.8986154;-85.648880004882813;
2406057692.3088717;-85.685264587402344;
2406217948.7191281;-85.704551696777344;
2406378205.1293845;-85.691085815429687;
2406538461.5396409;-85.637413024902344;
2406698717.9498973;-85.633598327636719;
2406858974.3601537;-85.637428283691406;
2407019230.7704101;-85.622146606445313;
2407179487.1806664;-85.614517211914062;
2407339743.5909228;-85.6087646484375;
2407500000.0011792;-85.648887634277344;
2407660256.4114356;-85.656547546386719;
2407820512.8216925;-85.650810241699219;
2407980769.2319489;-85.679557800292969;
2408141025.6422052;-85.662300109863281;
2408301282.0524616;-85.658439636230469;
2408461538.462718;-85.62786865234375;
2408621794.8729744;-85.662277221679688;
2408782051.2832308;-85.692955017089844;
2408942307.6934872;-85.677597045898438;
2409102564.1037436;-85.633598327636719;
2409262820.5139999;-85.627876281738281;
2409423076.9242563;-85.677597045898438;
2409583333.3345127;-85.704544067382812;
2409743589.7447691;-85.702613830566406;
2409903846.1550255;-85.733467102050781;
2410064102.5652819;-85.704551696777344;
2410224358.9755383;-85.677642822265625;
2410384615.3857946;-85.691085815429687;
2410544871.796051;-85.687240600585938;
2410705128.2063074;-85.683403015136719;
2410865384.6165643;-85.710319519042969;
2411025641.0268207;-85.693000793457031;
2411185897.437077;-85.691078186035156;
2411346153.8473334;-85.681465148925781;
2411506410.2575898;-85.70416259765625;
2411666666.6678462;-85.691070556640625;
2411826923.0781026;-85.708389282226563;
2411987179.488359;-85.664176940917969;
2412147435.8986154;-85.650802612304688;
2412307692.3088717;-85.645057678222656;
2412467948.7191281;-85.671867370605469;
2412628205.1293845;-85.645072937011719;
2412788461.5396409;-85.625968933105469;
2412948717.9498973;-85.620246887207031;
2413108974.3601537;-85.641212463378906;
2413269230.7704101;-85.685317993164063;
2413429487.1806664;-85.673797607421875;
2413589743.5909228;-85.685310363769531;
2413750000.0011792;-85.708396911621094;
2413910256.4114356;-85.708412170410156;
2414070512.8216925;-85.682838439941406;
2414230769.2319489;-85.70263671875;
2414391025.6422052;-85.710334777832031;
2414551282.0524616;-85.666114807128906;
2414711538.462718;-85.712257385253906;
2414871794.8729744;-85.706459045410156;
2415032051.2832308;-85.700698852539063;
2415192307.6934872;-85.702629089355469;
2415352564.1037436;-85.721900939941406;
2415512820.5139999;-85.70648193359375;
2415673076.9242563;-85.714187622070313;
2415833333.3345127;-85.710334777832031;
2415993589.7447691;-85.683380126953125;
2416153846.1550255;-85.671890258789063;
2416314102.5652819;-85.718002319335938;
2416474358.9755383;-85.702621459960937;
2416634615.3857946;-85.709236145019531;
2416794871.796051;-85.712265014648437;
2416955128.2063074;-85.685317993164063;
2417115384.6165643;-85.704551696777344;
2417275641.0268207;-85.654632568359375;
2417435897.437077;-85.669944763183594;
2417596153.8473334;-85.687232971191406;
2417756410.2575898;-85.643142700195313;
2417916666.6678462;-85.668014526367188;
2418076923.0781026;-85.714179992675781;
2418237179.488359;-85.702629089355469;
2418397435.8986154;-85.712257385253906;
2418557692.3088717;-85.648887634277344;
2418717948.7191281;-85.637420654296875;
2418878205.1293845;-85.634696960449219;
2419038461.5396409;-85.616432189941406;
2419198717.9498973;-85.62213134765625;
2419358974.3601537;-85.646957397460938;
2419519230.7704101;-85.681480407714844;
2419679487.1806664;-85.725761413574219;
2419839743.5909228;-85.708412170410156;
2420000000.0011792;-85.721893310546875;
2420160256.4114356;-85.693008422851562;
2420320512.8216925;-85.708404541015625;
2420480769.2319489;-85.694931030273438;
2420641025.6422052;-85.704551696777344;
2420801282.0524616;-85.694923400878906;
2420961538.462718;-85.689407348632813;
2421121794.8729744;-85.669960021972656;
2421282051.2832308;-85.681480407714844;
2421442307.6934872;-85.706474304199219;
2421602564.1037436;-85.641227722167969;
2421762820.5139999;-85.643150329589844;
2421923076.9242563;-85.648818969726563;
2422083333.3345127;-85.694931030273438;
2422243589.7447691;-85.70648193359375;
2422403846.1550255;-85.714187622070313;
2422564102.5652819;-85.685302734375;
2422724358.9755383;-85.673789978027344;
2422884615.3857946;-85.648887634277344;
2423044871.796051;-85.634689331054688;
2423205128.2063074;-85.627876281738281;
2423365384.6165643;-85.635513305664063;
2423525641.0268207;-85.689155578613281;
2423685897.437077;-85.679557800292969;
2423846153.8473334;-85.627861022949219;
2424006410.2575898;-85.620246887207031;
2424166666.6678462;-85.645042419433594;
2424326923.0781026;-85.704551696777344;
2424487179.488359;-85.712265014648437;
2424647435.8986154;-85.73541259765625;
2424807692.3088717;-85.718032836914063;
2424967948.7191281;-85.712257385253906;
2425128205.1293845;-85.714187622070313;
2425288461.5396409;-85.691085815429687;
2425448717.9498973;-85.714179992675781;
2425608974.3601537;-85.664192199707031;
2425769230.7704101;-85.7083740234375;
2425929487.1806664;-85.719978332519531;
2426089743.5909228;-85.712249755859375;
2426250000.0011792;-85.7296142578125;
2426410256.4114356;-85.70648193359375;
2426570512.8216925;-85.712242126464844;
2426730769.2319489;-85.718040466308594;
2426891025.6422052;-85.700691223144531;
2427051282.0524616;-85.67572021484375;
2427211538.462718;-85.696853637695313;
2427371794.8729744;-85.725753784179688;
2427532051.2832308;-85.723831176757813;
2427692307.6934872;-85.725761413574219;
2427852564.1037436;-85.733482360839844;
2428012820.5139999;-85.708404541015625;
2428173076.9242563;-85.654586791992188;
2428333333.3345127;-85.714179992675781;
2428493589.7447691;-85.541824340820312;
2428653846.1550255;-85.572669982910156;
2428814102.5652819;-85.326919555664063;
2428974358.9755383;-85.448417663574219;
2429134615.3857946;-84.578399658203125;
2429294871.796051;-84.853950500488281;
2429455128.2063074;-83.893226623535156;
2429615384.6165643;-82.977684020996094;
2429775641.0268207;-82.435134887695312;
2429935897.437077;-79.510810852050781;
2430096153.8473334;-79.105400085449219;
2430256410.2575898;-76.7083740234375;
2430416666.6678462;-76.242431640625;
2430576923.0781026;-74.111595153808594;
2430737179.488359;-72.294273376464844;
2430897435.8986154;-70.961051940917969;
2431057692.3088717;-68.563453674316406;
2431217948.7191281;-67.889900207519531;
2431378205.1293845;-64.991592407226562;
2431538461.5396409;-63.938922882080078;
2431698717.9498973;-61.651660919189453;
2431858974.3601537;-61.251354217529297;
2432019230.7704101;-59.410564422607422;
2432179487.1806664;-58.753021240234375;
2432339743.5909228;-56.303897857666016;
2432500000.0011792;-55.595046997070313;
2432660256.4114356;-53.396060943603516;
2432820512.8216925;-52.662868499755859;
2432980769.2319489;-50.603569030761719;
2433141025.6422052;-49.734859466552734;
2433301282.0524616;-48.742137908935547;
2433461538.462718;-48.255077362060547;
2433621794.8729744;-47.580585479736328;
2433782051.2832308;-46.848289489746094;
2433942307.6934872;-46.025390625;
2434102564.1037436;-45.200748443603516;
2434262820.5139999;-44.776031494140625;
2434423076.9242563;-44.143924713134766;
2434583333.3345127;-44.254222869873047;
2434743589.7447691;-44.175838470458984;
2434903846.1550255;-44.993381500244141;
2435064102.5652819;-45.255146026611328;
2435224358.9755383;-46.041301727294922;
2435384615.3857946;-46.389209747314453;
2435544871.796051;-47.614200592041016;
2435705128.2063074;-47.677070617675781;
2435865384.6165643;-48.951339721679688;
2436025641.0268207;-49.177566528320312;
2436185897.437077;-50.998039245605469;
2436346153.8473334;-52.446990966796875;
2436506410.2575898;-53.951740264892578;
2436666666.6678462;-54.914630889892578;
2436826923.0781026;-56.360248565673828;
2436987179.488359;-57.5013427734375;
2437147435.8986154;-59.383071899414063;
2437307692.3088717;-59.683773040771484;
2437467948.7191281;-61.168571472167969;
2437628205.1293845;-61.873695373535156;
2437788461.5396409;-63.919971466064453;
2437948717.9498973;-65.677513122558594;
2438108974.3601537;-67.115127563476562;
2438269230.7704101;-68.053779602050781;
2438429487.1806664;-69.294136047363281;
2438589743.5909228;-70.364494323730469;
2438750000.0011792;-72.175888061523437;
2438910256.4114356;-72.5133056640625;
2439070512.8216925;-73.923171997070313;
2439230769.2319489;-74.740188598632813;
2439391025.6422052;-76.703681945800781;
2439551282.0524616;-78.59478759765625;
2439711538.462718;-79.803993225097656;
2439871794.8729744;-80.7353515625;
2440032051.2832308;-81.472930908203125;
2440192307.6934872;-82.653030395507813;
2440352564.1037436;-83.763298034667969;
2440512820.5139999;-84.301605224609375;
2440673076.9242563;-84.758064270019531;
2440833333.3345127;-85.063720703125;
2440993589.7447691;-85.382949829101563;
2441153846.1550255;-85.587844848632813;
2441314102.5652819;-85.654632568359375;
2441474358.9755383;-85.691078186035156;
2441634615.3857946;-85.719970703125;
2441794871.796051;-85.719963073730469;
2441955128.2063074;-85.770263671875;
2442115384.6165643;-85.797462463378906;
2442275641.0268207;-85.82672119140625;
2442435897.437077;-85.83453369140625;
2442596153.8473334;-85.82672119140625;
2442756410.2575898;-85.830619812011719;
2442916666.6678462;-85.80889892578125;
2443076923.0781026;-85.741142272949219;
2443237179.488359;-85.779975891113281;
2443397435.8986154;-85.735382080078125;
2443557692.3088717;-85.756629943847656;
2443717948.7191281;-85.815010070800781;
2443878205.1293845;-85.815010070800781;
2444038461.5396409;-85.735366821289063;
2444198717.9498973;-85.708389282226563;
2444358974.3601537;-85.719970703125;
2444519230.7704101;-85.737342834472656;
2444679487.1806664;-85.677436828613281;
2444839743.5909228;-85.601104736328125;
2445000000.0011792;-85.81890869140625;
2445160256.4114356;-85.7896728515625;
2445320512.8216925;-85.816947937011719;
2445480769.2319489;-85.81695556640625;
2445641025.6422052;-85.815010070800781;
2445801282.0524616;-85.801353454589844;
2445961538.462718;-85.733474731445313;
2446121794.8729744;-85.787727355957031;
2446282051.2832308;-85.809150695800781;
2446442307.6934872;-85.7412109375;
2446602564.1037436;-85.7392578125;
2446762820.5139999;-85.809150695800781;
2446923076.9242563;-85.82086181640625;
2447083333.3345127;-85.807205200195313;
2447243589.7447691;-85.82281494140625;
2447403846.1550255;-85.824752807617188;
2447564102.5652819;-85.807205200195313;
2447724358.9755383;-85.791618347167969;
2447884615.3857946;-85.816963195800781;
2448044871.796051;-85.81890869140625;
2448205128.2063074;-85.832557678222656;
2448365384.6165643;-85.818901062011719;
2448525641.0268207;-85.822807312011719;
2448685897.437077;-85.82086181640625;
2448846153.8473334;-85.815010070800781;
2449006410.2575898;-85.836479187011719;
2449166666.6678462;-85.777915954589844;
2449326923.0781026;-85.685264587402344;
2449487179.488359;-85.513946533203125;
2449647435.8986154;-85.642776489257813;
2449807692.3088717;-85.80523681640625;
2449967948.7191281;-85.846260070800781;
2450128205.1293845;-85.711997985839844;
2450288461.5396409;-85.760536193847656;
2450448717.9498973;-85.80914306640625;
2450608974.3601537;-85.848190307617188;
2450769230.7704101;-85.818893432617188;
2450929487.1806664;-85.777572631835937;
2451089743.5909228;-85.525146484375;
2451250000.0011792;-85.702423095703125;
2451410256.4114356;-85.530937194824219;
2451570512.8216925;-85.728256225585938;
2451730769.2319489;-85.822250366210938;
2451891025.6422052;-85.821502685546875;
2452051282.0524616;-85.752815246582031;
2452211538.462718;-85.672859191894531;
2452371794.8729744;-84.734916687011719;
2452532051.2832308;-85.018295288085938;
2452692307.6934872;-85.260505676269531;
2452852564.1037436;-85.193412780761719;
2453012820.5139999;-85.431472778320313;
2453173076.9242563;-85.667678833007813;
2453333333.3345127;-84.539024353027344;
2453493589.7447691;-85.079345703125;
2453653846.1550255;-85.682899475097656;
2453814102.5652819;-85.865852355957031;
2453974358.9755383;-85.828659057617188;
2454134615.3857946;-83.282905578613281;
2454294871.796051;-83.995925903320312;
2454455128.2063074;-85.332359313964844;
2454615384.6165643;-85.746826171875;
2454775641.0268207;-85.82281494140625;
2454935897.437077;-85.85211181640625;
2455096153.8473334;-72.279067993164063;
2455256410.2575898;-78.167182922363281;
2455416666.6678462;-83.153533935546875;
2455576923.0781026;-85.050308227539062;
2455737179.488359;-85.642974853515625;
2455897435.8986154;-72.02178955078125;
2456057692.3088717;-77.023513793945312;
2456217948.7191281;-82.640357971191406;
2456378205.1293845;-84.861534118652344;
2456538461.5396409;-85.587295532226563;
2456698717.9498973;-84.688140869140625;
2456858974.3601537;-75.450363159179688;
2457019230.7704101;-78.780311584472656;
2457179487.1806664;-83.355674743652344;
2457339743.5909228;-85.158027648925781;
2457500000.0011792;-85.669677734375;
2457660256.4114356;-78.085479736328125;
2457820512.8216925;-81.369888305664062;
2457980769.2319489;-84.501106262207031;
2458141025.6422052;-85.518325805664063;
2458301282.0524616;-85.787727355957031;
2458461538.462718;-85.861923217773438;
2458621794.8729744;-85.832572937011719;
2458782051.2832308;-85.881553649902344;
2458942307.6934872;-85.871734619140625;
2459102564.1037436;-85.824760437011719;
2459262820.5139999;-85.850135803222656;
2459423076.9242563;-85.889419555664063;
2459583333.3345127;-85.856048583984375;
2459743589.7447691;-85.899269104003906;
2459903846.1550255;-85.86376953125;
2460064102.5652819;-85.840385437011719;
2460224358.9755383;-85.832550048828125;
2460384615.3857946;-85.822792053222656;
2460544871.796051;-85.728858947753906;
2460705128.2063074;-85.577598571777344;
2460865384.6165643;-85.854400634765625;
2461025641.0268207;-85.864715576171875;
2461185897.437077;-85.831901550292969;
2461346153.8473334;-85.851287841796875;
2461506410.2575898;-85.907142639160156;
2461666666.6678462;-85.90911865234375;
2461826923.0781026;-85.907150268554688;
2461987179.488359;-85.909126281738281;
2462147435.8986154;-85.891395568847656;
2462307692.3088717;-85.87567138671875;
2462467948.7191281;-85.846229553222656;
2462628205.1293845;-85.81890869140625;
2462788461.5396409;-85.723770141601563;
2462948717.9498973;-85.848167419433594;
2463108974.3601537;-85.848220825195313;
2463269230.7704101;-85.89727783203125;
2463429487.1806664;-85.891403198242188;
2463589743.5909228;-85.913063049316406;
2463750000.0011792;-85.897300720214844;
2463910256.4114356;-85.899253845214844;
2464070512.8216925;-85.938720703125;
2464230769.2319489;-85.920913696289062;
2464391025.6422052;-85.918983459472656;
2464551282.0524616;-85.948631286621094;
2464711538.462718;-85.940689086914063;
2464871794.8729744;-85.9012451171875;
2465032051.2832308;-85.903205871582031;
2465192307.6934872;-85.9150390625;
2465352564.1037436;-85.889427185058594;
2465512820.5139999;-85.881561279296875;
2465673076.9242563;-85.893318176269531;
2465833333.3345127;-85.907150268554688;
2465993589.7447691;-85.9150390625;
2466153846.1550255;-85.89532470703125;
2466314102.5652819;-85.913055419921875;
2466474358.9755383;-85.930801391601563;
2466634615.3857946;-85.90911865234375;
2466794871.796051;-85.907150268554688;
2466955128.2063074;-85.92095947265625;
2467115384.6165643;-85.907150268554688;
2467275641.0268207;-85.899261474609375;
2467435897.437077;-85.901229858398438;
2467596153.8473334;-85.928855895996094;
2467756410.2575898;-85.913063049316406;
2467916666.6678462;-85.89532470703125;
2468076923.0781026;-85.934776306152344;
2468237179.488359;-85.907142639160156;
2468397435.8986154;-85.913063049316406;
2468557692.3088717;-85.9150390625;
2468717948.7191281;-85.883529663085937;
2468878205.1293845;-85.861907958984375;
2469038461.5396409;-85.934783935546875;
2469198717.9498973;-85.9150390625;
2469358974.3601537;-85.907150268554688;
2469519230.7704101;-85.924903869628906;
2469679487.1806664;-85.911094665527344;
2469839743.5909228;-85.883529663085937;
2470000000.0011792;-85.905174255371094;
2470160256.4114356;-85.901229858398438;
2470320512.8216925;-85.9150390625;
2470480769.2319489;-85.909126281738281;
2470641025.6422052;-85.913063049316406;
2470801282.0524616;-85.907150268554688;
2470961538.462718;-85.887458801269531;
2471121794.8729744;-85.889419555664063;
2471282051.2832308;-85.934745788574219;
2471442307.6934872;-85.928840637207031;
2471602564.1037436;-85.883522033691406;
2471762820.5139999;-85.903167724609375;
2471923076.9242563;-85.938720703125;
2472083333.3345127;-85.873672485351563;
2472243589.7447691;-85.881561279296875;
2472403846.1550255;-85.87762451171875;
2472564102.5652819;-85.891342163085938;
2472724358.9755383;-85.869766235351563;
2472884615.3857946;-85.887428283691406;
2473044871.796051;-85.907150268554688;
2473205128.2063074;-85.869766235351563;
2473365384.6165643;-85.90911865234375;
2473525641.0268207;-85.838371276855469;
2473685897.437077;-85.854072570800781;
2473846153.8473334;-85.850128173828125;
2474006410.2575898;-85.901237487792969;
2474166666.6678462;-85.885475158691406;
2474326923.0781026;-85.889427185058594;
2474487179.488359;-85.89532470703125;
2474647435.8986154;-85.913063049316406;
2474807692.3088717;-85.855720520019531;
2474967948.7191281;-85.8475341796875;
2475128205.1293845;-85.8714599609375;
2475288461.5396409;-85.895317077636719;
2475448717.9498973;-85.87762451171875;
2475608974.3601537;-85.848197937011719;
2475769230.7704101;-85.881568908691406;
2475929487.1806664;-85.897300720214844;
2476089743.5909228;-85.89727783203125;
2476250000.0011792;-85.873680114746094;
2476410256.4114356;-85.832572937011719;
2476570512.8216925;-85.856056213378906;
2476730769.2319489;-85.826713562011719;
2476891025.6422052;-85.815010070800781;
2477051282.0524616;-85.807212829589844;
2477211538.462718;-85.81500244140625;
2477371794.8729744;-85.832572937011719;
2477532051.2832308;-85.84234619140625;
2477692307.6934872;-85.799415588378906;
2477852564.1037436;-85.81890869140625;
2478012820.5139999;-85.81890869140625;
2478173076.9242563;-85.816963195800781;
2478333333.3345127;-85.816963195800781;
2478493589.7447691;-85.820854187011719;
2478653846.1550255;-85.828659057617188;
2478814102.5652819;-85.859977722167969;
2478974358.9755383;-85.852127075195313;
2479134615.3857946;-85.803314208984375;
2479294871.796051;-85.816940307617188;
2479455128.2063074;-85.846244812011719;
2479615384.6165643;-85.863861083984375;
2479775641.0268207;-85.834526062011719;
2479935897.437077;-85.869781494140625;
2480096153.8473334;-85.84234619140625;
2480256410.2575898;-85.866950988769531;
2480416666.6678462;-85.85015869140625;
2480576923.0781026;-85.856040954589844;
2480737179.488359;-85.924903869628906;
2480897435.8986154;-85.895332336425781;
2481057692.3088717;-85.92095947265625;
2481217948.7191281;-85.907150268554688;
2481378205.1293845;-85.917007446289062;
2481538461.5396409;-85.930824279785156;
2481698717.9498973;-85.905174255371094;
2481858974.3601537;-85.911094665527344;
2482019230.7704101;-85.903190612792969;
2482179487.1806664;-85.917007446289062;
2482339743.5909228;-85.924888610839844;
2482500000.0011792;-85.92095947265625;
2482660256.4114356;-85.9169921875;
2482820512.8216925;-85.901229858398438;
2482980769.2319489;-85.9150390625;
2483141025.6422052;-85.909126281738281;
2483301282.0524616;-85.917015075683594;
2483461538.462718;-85.909126281738281;
2483621794.8729744;-85.9150390625;
2483782051.2832308;-85.897285461425781;
2483942307.6934872;-85.916450500488281;
2484102564.1037436;-85.89532470703125;
2484262820.5139999;-85.940696716308594;
