Type;ESU;
Version;4.43;
Date;03.Jun 16;
Mode;ANALYZER;
Center Freq;2434262820.514000;Hz
Freq Offset;0.000000;Hz
Span;100000000.000000;Hz
x-Axis;LIN;
Start;2384262820.514000;Hz
Stop;2484262820.514000;Hz
Ref Level;-9.000000;dBm
Level Offset;0.000000;dB
Ref Position;100.000000;%
y-Axis;LOG;
Level Range;100.000000;dB
Rf Att;5.000000;dB
RBW;2000000.000000;Hz
VBW;50.000000;Hz
SWT;2.500000;s
Trace Mode;CLR/WRITE;
Detector;RMS;
Sweep Count;0;
Trace 1:;;
x-Unit;Hz;
y-Unit;dBm;
Values;625;
2384262820.5139999;-85.706825256347656;
2384423076.9242563;-85.716117858886719;
2384583333.3345127;-85.716117858886719;
2384743589.7447691;-85.735404968261719;
2384903846.1550255;-85.71417236328125;
2385064102.5652819;-85.727691650390625;
2385224358.9755383;-85.725746154785156;
2385384615.3857946;-85.704559326171875;
2385544871.796051;-85.710334777832031;
2385705128.2063074;-85.714179992675781;
2385865384.6165643;-85.723175048828125;
2386025641.0268207;-85.715827941894531;
2386185897.437077;-85.718017578125;
2386346153.8473334;-85.696846008300781;
2386506410.2575898;-85.70648193359375;
2386666666.6678462;-85.721473693847656;
2386826923.0781026;-85.700431823730469;
2386987179.488359;-85.721466064453125;
2387147435.8986154;-85.708412170410156;
2387307692.3088717;-85.70703125;
2387467948.7191281;-85.70947265625;
2387628205.1293845;-85.700691223144531;
2387788461.5396409;-85.714187622070313;
2387948717.9498973;-85.710334777832031;
2388108974.3601537;-85.714187622070313;
2388269230.7704101;-85.704559326171875;
2388429487.1806664;-85.685302734375;
2388589743.5909228;-85.669960021972656;
2388750000.0011792;-85.700691223144531;
2388910256.4114356;-85.712265014648437;
2389070512.8216925;-85.700706481933594;
2389230769.2319489;-85.712257385253906;
2389391025.6422052;-85.704551696777344;
2389551282.0524616;-85.712242126464844;
2389711538.462718;-85.679550170898437;
2389871794.8729744;-85.677635192871094;
2390032051.2832308;-85.66802978515625;
2390192307.6934872;-85.67572021484375;
2390352564.1037436;-85.677635192871094;
2390512820.5139999;-85.704551696777344;
2390673076.9242563;-85.652702331542969;
2390833333.3345127;-85.698776245117188;
2390993589.7447691;-85.702629089355469;
2391153846.1550255;-85.704551696777344;
2391314102.5652819;-85.719970703125;
2391474358.9755383;-85.708412170410156;
2391634615.3857946;-85.68914794921875;
2391794871.796051;-85.675697326660156;
2391955128.2063074;-85.679542541503906;
2392115384.6165643;-85.694931030273438;
2392275641.0268207;-85.710334777832031;
2392435897.437077;-85.708412170410156;
2392596153.8473334;-85.714187622070313;
2392756410.2575898;-85.716110229492188;
2392916666.6678462;-85.712257385253906;
2393076923.0781026;-85.704536437988281;
2393237179.488359;-85.673789978027344;
2393397435.8986154;-85.664192199707031;
2393557692.3088717;-85.687225341796875;
2393717948.7191281;-85.635513305664063;
2393878205.1293845;-85.660362243652344;
2394038461.5396409;-85.645065307617188;
2394198717.9498973;-85.654632568359375;
2394358974.3601537;-85.70648193359375;
2394519230.7704101;-85.682830810546875;
2394679487.1806664;-85.685523986816406;
2394839743.5909228;-85.665306091308594;
2395000000.0011792;-85.63275146484375;
2395160256.4114356;-85.679512023925781;
2395320512.8216925;-85.700706481933594;
2395480769.2319489;-85.716110229492188;
2395641025.6422052;-85.689430236816406;
2395801282.0524616;-85.64971923828125;
2395961538.462718;-85.619430541992188;
2396121794.8729744;-85.651435852050781;
2396282051.2832308;-85.630317687988281;
2396442307.6934872;-85.639533996582031;
2396602564.1037436;-85.649971008300781;
2396762820.5139999;-85.654624938964844;
2396923076.9242563;-85.656539916992188;
2397083333.3345127;-85.654632568359375;
2397243589.7447691;-85.689155578613281;
2397403846.1550255;-85.67572021484375;
2397564102.5652819;-85.687232971191406;
2397724358.9755383;-85.624053955078125;
2397884615.3857946;-85.620223999023437;
2398044871.796051;-85.646949768066406;
2398205128.2063074;-85.666130065917969;
2398365384.6165643;-85.618316650390625;
2398525641.0268207;-85.620246887207031;
2398685897.437077;-85.625953674316406;
2398846153.8473334;-85.618339538574219;
2399006410.2575898;-85.616432189941406;
2399166666.6678462;-85.608795166015625;
2399326923.0781026;-85.652717590332031;
2399487179.488359;-85.624053955078125;
2399647435.8986154;-85.612602233886719;
2399807692.3088717;-85.63250732421875;
2399967948.7191281;-85.663360595703125;
2400128205.1293845;-85.634689331054688;
2400288461.5396409;-85.606887817382812;
2400448717.9498973;-85.570808410644531;
2400608974.3601537;-85.606903076171875;
2400769230.7704101;-85.648887634277344;
2400929487.1806664;-85.624053955078125;
2401089743.5909228;-85.625953674316406;
2401250000.0011792;-85.622154235839844;
2401410256.4114356;-85.620223999023437;
2401570512.8216925;-85.608802795410156;
2401730769.2319489;-85.6202392578125;
2401891025.6422052;-85.616432189941406;
2402051282.0524616;-85.591667175292969;
2402211538.462718;-85.601181030273438;
2402371794.8729744;-85.639328002929688;
2402532051.2832308;-85.625946044921875;
2402692307.6934872;-85.624061584472656;
2402852564.1037436;-85.610710144042969;
2403012820.5139999;-85.616424560546875;
2403173076.9242563;-85.622154235839844;
2403333333.3345127;-85.62786865234375;
2403493589.7447691;-85.591690063476563;
2403653846.1550255;-85.593574523925781;
2403814102.5652819;-85.612617492675781;
2403974358.9755383;-85.616432189941406;
2404134615.3857946;-85.614524841308594;
2404294871.796051;-85.597381591796875;
2404455128.2063074;-85.606887817382812;
2404615384.6165643;-85.662239074707031;
2404775641.0268207;-85.6392822265625;
2404935897.437077;-85.668014526367188;
2405096153.8473334;-85.654632568359375;
2405256410.2575898;-85.669944763183594;
2405416666.6678462;-85.643150329589844;
2405576923.0781026;-85.622154235839844;
2405737179.488359;-85.622154235839844;
2405897435.8986154;-85.637809753417969;
2406057692.3088717;-85.652130126953125;
2406217948.7191281;-85.620246887207031;
2406378205.1293845;-85.661628723144531;
2406538461.5396409;-85.685043334960938;
2406698717.9498973;-85.700698852539063;
2406858974.3601537;-85.671882629394531;
2407019230.7704101;-85.667503356933594;
2407179487.1806664;-85.661651611328125;
2407339743.5909228;-85.664207458496094;
2407500000.0011792;-85.629783630371094;
2407660256.4114356;-85.624053955078125;
2407820512.8216925;-85.608772277832031;
2407980769.2319489;-85.65655517578125;
2408141025.6422052;-85.668022155761719;
2408301282.0524616;-85.714179992675781;
2408461538.462718;-85.716049194335938;
2408621794.8729744;-85.729583740234375;
2408782051.2832308;-85.714179992675781;
2408942307.6934872;-85.694915771484375;
2409102564.1037436;-85.666130065917969;
2409262820.5139999;-85.675712585449219;
2409423076.9242563;-85.645027160644531;
2409583333.3345127;-85.691085815429687;
2409743589.7447691;-85.710334777832031;
2409903846.1550255;-85.704551696777344;
2410064102.5652819;-85.669952392578125;
2410224358.9755383;-85.698776245117188;
2410384615.3857946;-85.664215087890625;
2410544871.796051;-85.689155578613281;
2410705128.2063074;-85.641220092773438;
2410865384.6165643;-85.671836853027344;
2411025641.0268207;-85.692977905273438;
2411185897.437077;-85.66229248046875;
2411346153.8473334;-85.646949768066406;
2411506410.2575898;-85.699546813964844;
2411666666.6678462;-85.700698852539063;
2411826923.0781026;-85.694923400878906;
2411987179.488359;-85.700698852539063;
2412147435.8986154;-85.685279846191406;
2412307692.3088717;-85.698768615722656;
2412467948.7191281;-85.694931030273438;
2412628205.1293845;-85.679557800292969;
2412788461.5396409;-85.70648193359375;
2412948717.9498973;-85.687240600585938;
2413108974.3601537;-85.70648193359375;
2413269230.7704101;-85.719970703125;
2413429487.1806664;-85.708412170410156;
2413589743.5909228;-85.731559753417969;
2413750000.0011792;-85.709205627441406;
2413910256.4114356;-85.67572021484375;
2414070512.8216925;-85.696846008300781;
2414230769.2319489;-85.675712585449219;
2414391025.6422052;-85.637428283691406;
2414551282.0524616;-85.66229248046875;
2414711538.462718;-85.712257385253906;
2414871794.8729744;-85.70648193359375;
2415032051.2832308;-85.700706481933594;
2415192307.6934872;-85.677619934082031;
2415352564.1037436;-85.63360595703125;
2415512820.5139999;-85.687210083007813;
2415673076.9242563;-85.679550170898437;
2415833333.3345127;-85.706436157226562;
2415993589.7447691;-85.714179992675781;
2416153846.1550255;-85.689445495605469;
2416314102.5652819;-85.716110229492188;
2416474358.9755383;-85.6929931640625;
2416634615.3857946;-85.702621459960937;
2416794871.796051;-85.710334777832031;
2416955128.2063074;-85.704551696777344;
2417115384.6165643;-85.710334777832031;
2417275641.0268207;-85.685317993164063;
2417435897.437077;-85.660369873046875;
2417596153.8473334;-85.66802978515625;
2417756410.2575898;-85.708412170410156;
2417916666.6678462;-85.691078186035156;
2418076923.0781026;-85.694923400878906;
2418237179.488359;-85.677635192871094;
2418397435.8986154;-85.679557800292969;
2418557692.3088717;-85.680618286132813;
2418717948.7191281;-85.708404541015625;
2418878205.1293845;-85.702629089355469;
2419038461.5396409;-85.743141174316406;
2419198717.9498973;-85.691062927246094;
2419358974.3601537;-85.698776245117188;
2419519230.7704101;-85.6412353515625;
2419679487.1806664;-85.620246887207031;
2419839743.5909228;-85.622154235839844;
2420000000.0011792;-85.654624938964844;
2420160256.4114356;-85.643142700195313;
2420320512.8216925;-85.694931030273438;
2420480769.2319489;-85.706428527832031;
2420641025.6422052;-85.693832397460938;
2420801282.0524616;-85.710334777832031;
2420961538.462718;-85.710334777832031;
2421121794.8729744;-85.712257385253906;
2421282051.2832308;-85.669967651367188;
2421442307.6934872;-85.683395385742188;
2421602564.1037436;-85.668045043945313;
2421762820.5139999;-85.650810241699219;
2421923076.9242563;-85.664215087890625;
2422083333.3345127;-85.645072937011719;
2422243589.7447691;-85.692970275878906;
2422403846.1550255;-85.702629089355469;
2422564102.5652819;-85.698226928710937;
2422724358.9755383;-85.698776245117188;
2422884615.3857946;-85.668037414550781;
2423044871.796051;-85.654632568359375;
2423205128.2063074;-85.616424560546875;
2423365384.6165643;-85.629783630371094;
2423525641.0268207;-85.624061584472656;
2423685897.437077;-85.633598327636719;
2423846153.8473334;-85.620246887207031;
2424006410.2575898;-85.625968933105469;
2424166666.6678462;-85.625961303710938;
2424326923.0781026;-85.627876281738281;
2424487179.488359;-85.622154235839844;
2424647435.8986154;-85.639328002929688;
2424807692.3088717;-85.68914794921875;
2424967948.7191281;-85.735404968261719;
2425128205.1293845;-85.708412170410156;
2425288461.5396409;-85.704551696777344;
2425448717.9498973;-85.704559326171875;
2425608974.3601537;-85.70648193359375;
2425769230.7704101;-85.658462524414062;
2425929487.1806664;-85.656539916992188;
2426089743.5909228;-85.700675964355469;
2426250000.0011792;-85.733474731445313;
2426410256.4114356;-85.72381591796875;
2426570512.8216925;-85.73541259765625;
2426730769.2319489;-85.716110229492188;
2426891025.6422052;-85.664215087890625;
2427051282.0524616;-85.70648193359375;
2427211538.462718;-85.704551696777344;
2427371794.8729744;-85.700698852539063;
2427532051.2832308;-85.708412170410156;
2427692307.6934872;-85.70648193359375;
2427852564.1037436;-85.624053955078125;
2428012820.5139999;-85.624046325683594;
2428173076.9242563;-85.451805114746094;
2428333333.3345127;-85.560653686523438;
2428493589.7447691;-85.275321960449219;
2428653846.1550255;-85.154045104980469;
2428814102.5652819;-84.525047302246094;
2428974358.9755383;-84.192878723144531;
2429134615.3857946;-83.657012939453125;
2429294871.796051;-83.783798217773438;
2429455128.2063074;-80.512123107910156;
2429615384.6165643;-81.051239013671875;
2429775641.0268207;-77.607093811035156;
2429935897.437077;-77.929794311523438;
2430096153.8473334;-74.626693725585938;
2430256410.2575898;-73.847763061523438;
2430416666.6678462;-70.981193542480469;
2430576923.0781026;-70.378044128417969;
2430737179.488359;-68.023292541503906;
2430897435.8986154;-67.570053100585937;
2431057692.3088717;-63.980667114257813;
2431217948.7191281;-64.016555786132812;
2431378205.1293845;-60.87579345703125;
2431538461.5396409;-61.078418731689453;
2431698717.9498973;-58.193386077880859;
2431858974.3601537;-57.487163543701172;
2432019230.7704101;-54.861579895019531;
2432179487.1806664;-54.575359344482422;
2432339743.5909228;-52.200897216796875;
2432500000.0011792;-51.759632110595703;
2432660256.4114356;-49.026058197021484;
2432820512.8216925;-48.465576171875;
2432980769.2319489;-47.08563232421875;
2433141025.6422052;-46.503292083740234;
2433301282.0524616;-45.016891479492188;
2433461538.462718;-43.906108856201172;
2433621794.8729744;-43.101703643798828;
2433782051.2832308;-42.47265625;
2433942307.6934872;-41.889652252197266;
2434102564.1037436;-41.229053497314453;
2434262820.5139999;-40.893936157226563;
2434423076.9242563;-40.505077362060547;
2434583333.3345127;-40.652442932128906;
2434743589.7447691;-40.480464935302734;
2434903846.1550255;-40.973381042480469;
2435064102.5652819;-41.251789093017578;
2435224358.9755383;-42.059329986572266;
2435384615.3857946;-42.326084136962891;
2435544871.796051;-43.399463653564453;
2435705128.2063074;-43.948726654052734;
2435865384.6165643;-45.769893646240234;
2436025641.0268207;-46.268375396728516;
2436185897.437077;-47.753662109375;
2436346153.8473334;-48.331405639648437;
2436506410.2575898;-50.163570404052734;
2436666666.6678462;-51.596702575683594;
2436826923.0781026;-52.958324432373047;
2436987179.488359;-53.8609619140625;
2437147435.8986154;-55.237945556640625;
2437307692.3088717;-56.381847381591797;
2437467948.7191281;-58.645694732666016;
2437628205.1293845;-59.288726806640625;
2437788461.5396409;-60.814262390136719;
2437948717.9498973;-61.585113525390625;
2438108974.3601537;-63.369014739990234;
2438269230.7704101;-65.1165771484375;
2438429487.1806664;-66.189521789550781;
2438589743.5909228;-67.435104370117187;
2438750000.0011792;-68.305084228515625;
2438910256.4114356;-69.745964050292969;
2439070512.8216925;-71.636016845703125;
2439230769.2319489;-72.929397583007812;
2439391025.6422052;-74.179130554199219;
2439551282.0524616;-75.322822570800781;
2439711538.462718;-76.888626098632813;
2439871794.8729744;-78.941680908203125;
2440032051.2832308;-79.911003112792969;
2440192307.6934872;-81.146461486816406;
2440352564.1037436;-82.044845581054688;
2440512820.5139999;-83.189826965332031;
2440673076.9242563;-84.306266784667969;
2440833333.3345127;-84.731399536132812;
2440993589.7447691;-85.041084289550781;
2441153846.1550255;-85.275856018066406;
2441314102.5652819;-85.523300170898438;
2441474358.9755383;-85.66229248046875;
2441634615.3857946;-85.652717590332031;
2441794871.796051;-85.717971801757812;
2441955128.2063074;-85.74505615234375;
2442115384.6165643;-85.779953002929688;
2442275641.0268207;-85.733474731445313;
2442435897.437077;-85.731552124023438;
2442596153.8473334;-85.754707336425781;
2442756410.2575898;-85.770179748535156;
2442916666.6678462;-85.768302917480469;
2443076923.0781026;-85.809158325195313;
2443237179.488359;-85.824485778808594;
2443397435.8986154;-85.832572937011719;
2443557692.3088717;-85.834480285644531;
2443717948.7191281;-85.832565307617188;
2443878205.1293845;-85.82476806640625;
2444038461.5396409;-85.766334533691406;
2444198717.9498973;-85.781867980957031;
2444358974.3601537;-85.815010070800781;
2444519230.7704101;-85.426963806152344;
2444679487.1806664;-85.656402587890625;
2444839743.5909228;-85.739242553710937;
2445000000.0011792;-85.758621215820313;
2445160256.4114356;-85.754745483398438;
2445320512.8216925;-85.789688110351562;
2445480769.2319489;-85.81500244140625;
2445641025.6422052;-85.809127807617188;
2445801282.0524616;-85.81695556640625;
2445961538.462718;-85.737258911132813;
2446121794.8729744;-85.696807861328125;
2446282051.2832308;-85.764442443847656;
2446442307.6934872;-85.715835571289063;
2446602564.1037436;-85.7508544921875;
2446762820.5139999;-85.801368713378906;
2446923076.9242563;-85.809158325195313;
2447083333.3345127;-85.811065673828125;
2447243589.7447691;-85.850181579589844;
2447403846.1550255;-85.824752807617188;
2447564102.5652819;-85.801353454589844;
2447724358.9755383;-85.793571472167969;
2447884615.3857946;-85.811103820800781;
2448044871.796051;-85.805259704589844;
2448205128.2063074;-85.82281494140625;
2448365384.6165643;-85.832565307617188;
2448525641.0268207;-85.830604553222656;
2448685897.437077;-85.787734985351563;
2448846153.8473334;-85.821502685546875;
2449006410.2575898;-85.786628723144531;
2449166666.6678462;-85.8145751953125;
2449326923.0781026;-85.81890869140625;
2449487179.488359;-85.830612182617188;
2449647435.8986154;-85.824752807617188;
2449807692.3088717;-85.818885803222656;
2449967948.7191281;-85.824714660644531;
2450128205.1293845;-85.795516967773438;
2450288461.5396409;-85.805252075195313;
2450448717.9498973;-85.814987182617188;
2450608974.3601537;-85.797477722167969;
2450769230.7704101;-85.828666687011719;
2450929487.1806664;-85.815010070800781;
2451089743.5909228;-85.84429931640625;
2451250000.0011792;-85.807205200195313;
2451410256.4114356;-85.82086181640625;
2451570512.8216925;-85.82086181640625;
2451730769.2319489;-85.822807312011719;
2451891025.6422052;-85.815010070800781;
2452051282.0524616;-85.815010070800781;
2452211538.462718;-85.834518432617188;
2452371794.8729744;-85.834518432617188;
2452532051.2832308;-85.811088562011719;
2452692307.6934872;-85.832572937011719;
2452852564.1037436;-85.836441040039063;
2453012820.5139999;-85.834526062011719;
2453173076.9242563;-85.82086181640625;
2453333333.3345127;-85.81500244140625;
2453493589.7447691;-85.822807312011719;
2453653846.1550255;-85.820846557617188;
2453814102.5652819;-85.81890869140625;
2453974358.9755383;-85.848213195800781;
2454134615.3857946;-85.81500244140625;
2454294871.796051;-85.816947937011719;
2454455128.2063074;-85.82086181640625;
2454615384.6165643;-85.838432312011719;
2454775641.0268207;-85.885490417480469;
2454935897.437077;-85.835380554199219;
2455096153.8473334;-85.851295471191406;
2455256410.2575898;-85.807601928710938;
2455416666.6678462;-85.861923217773438;
2455576923.0781026;-85.84234619140625;
2455737179.488359;-85.837120056152344;
2455897435.8986154;-85.815567016601563;
2456057692.3088717;-85.821510314941406;
2456217948.7191281;-85.832572937011719;
2456378205.1293845;-85.824760437011719;
2456538461.5396409;-85.848228454589844;
2456698717.9498973;-85.81890869140625;
2456858974.3601537;-85.809158325195313;
2457019230.7704101;-85.836479187011719;
2457179487.1806664;-85.82476806640625;
2457339743.5909228;-85.83648681640625;
2457500000.0011792;-85.84234619140625;
2457660256.4114356;-85.84234619140625;
2457820512.8216925;-85.830604553222656;
2457980769.2319489;-85.863899230957031;
2458141025.6422052;-85.859977722167969;
2458301282.0524616;-85.82672119140625;
2458461538.462718;-85.82086181640625;
2458621794.8729744;-85.82086181640625;
2458782051.2832308;-85.840385437011719;
2458942307.6934872;-85.807144165039062;
2459102564.1037436;-85.822807312011719;
2459262820.5139999;-85.887451171875;
2459423076.9242563;-85.891395568847656;
2459583333.3345127;-85.869781494140625;
2459743589.7447691;-85.863822937011719;
2459903846.1550255;-85.9150390625;
2460064102.5652819;-85.885490417480469;
2460224358.9755383;-85.907150268554688;
2460384615.3857946;-85.90911865234375;
2460544871.796051;-85.9150390625;
2460705128.2063074;-85.881561279296875;
2460865384.6165643;-85.918983459472656;
2461025641.0268207;-85.907150268554688;
2461185897.437077;-85.913063049316406;
2461346153.8473334;-85.950614929199219;
2461506410.2575898;-85.915016174316406;
2461666666.6678462;-85.897293090820313;
2461826923.0781026;-85.917015075683594;
2461987179.488359;-85.932769775390625;
2462147435.8986154;-85.9288330078125;
2462307692.3088717;-85.911079406738281;
2462467948.7191281;-85.893363952636719;
2462628205.1293845;-85.922920227050781;
2462788461.5396409;-85.9150390625;
2462948717.9498973;-85.901237487792969;
2463108974.3601537;-85.911094665527344;
2463269230.7704101;-85.905174255371094;
2463429487.1806664;-85.905174255371094;
2463589743.5909228;-85.891403198242188;
2463750000.0011792;-85.852134704589844;
2463910256.4114356;-85.84234619140625;
2464070512.8216925;-85.891365051269531;
2464230769.2319489;-85.905174255371094;
2464391025.6422052;-85.891387939453125;
2464551282.0524616;-85.897254943847656;
2464711538.462718;-85.897262573242187;
2464871794.8729744;-85.911094665527344;
2465032051.2832308;-85.883529663085937;
2465192307.6934872;-85.895332336425781;
2465352564.1037436;-85.887451171875;
2465512820.5139999;-85.909126281738281;
2465673076.9242563;-85.911094665527344;
2465833333.3345127;-85.903205871582031;
2465993589.7447691;-85.879600524902344;
2466153846.1550255;-85.901206970214844;
2466314102.5652819;-85.893348693847656;
2466474358.9755383;-85.930831909179687;
2466634615.3857946;-85.911087036132812;
2466794871.796051;-85.911094665527344;
2466955128.2063074;-85.8619384765625;
2467115384.6165643;-85.838432312011719;
2467275641.0268207;-85.883506774902344;
2467435897.437077;-85.885482788085938;
2467596153.8473334;-85.867820739746094;
2467756410.2575898;-85.881568908691406;
2467916666.6678462;-85.899269104003906;
2468076923.0781026;-85.911094665527344;
2468237179.488359;-85.911087036132812;
2468397435.8986154;-85.924888610839844;
2468557692.3088717;-85.930824279785156;
2468717948.7191281;-85.938720703125;
2468878205.1293845;-85.922927856445312;
2469038461.5396409;-85.911087036132812;
2469198717.9498973;-85.918983459472656;
2469358974.3601537;-85.909126281738281;
2469519230.7704101;-85.913063049316406;
2469679487.1806664;-85.909126281738281;
2469839743.5909228;-85.891349792480469;
2470000000.0011792;-85.895301818847656;
2470160256.4114356;-85.891372680664063;
2470320512.8216925;-85.901237487792969;
2470480769.2319489;-85.913063049316406;
2470641025.6422052;-85.913063049316406;
2470801282.0524616;-85.909683227539062;
2470961538.462718;-85.912193298339844;
2471121794.8729744;-85.923202514648437;
2471282051.2832308;-85.892890930175781;
2471442307.6934872;-85.858016967773438;
2471602564.1037436;-85.895332336425781;
2471762820.5139999;-85.903205871582031;
2471923076.9242563;-85.930824279785156;
2472083333.3345127;-85.90911865234375;
2472243589.7447691;-85.903205871582031;
2472403846.1550255;-85.909126281738281;
2472564102.5652819;-85.911094665527344;
2472724358.9755383;-85.907150268554688;
2472884615.3857946;-85.911094665527344;
2473044871.796051;-85.905181884765625;
2473205128.2063074;-85.913063049316406;
2473365384.6165643;-85.915031433105469;
2473525641.0268207;-85.9150390625;
2473685897.437077;-85.8638916015625;
2473846153.8473334;-85.883529663085937;
2474006410.2575898;-85.84039306640625;
2474166666.6678462;-85.832572937011719;
2474326923.0781026;-85.83648681640625;
2474487179.488359;-85.838432312011719;
2474647435.8986154;-85.869735717773438;
2474807692.3088717;-85.911094665527344;
2474967948.7191281;-85.907150268554688;
2475128205.1293845;-85.913063049316406;
2475288461.5396409;-85.907150268554688;
2475448717.9498973;-85.905174255371094;
2475608974.3601537;-85.891403198242188;
2475769230.7704101;-85.889411926269531;
2475929487.1806664;-85.828666687011719;
2476089743.5909228;-85.81109619140625;
2476250000.0011792;-85.820854187011719;
2476410256.4114356;-85.81695556640625;
2476570512.8216925;-85.797462463378906;
2476730769.2319489;-85.764442443847656;
2476891025.6422052;-85.785804748535156;
2477051282.0524616;-85.747016906738281;
2477211538.462718;-85.737350463867188;
2477371794.8729744;-85.722457885742187;
2477532051.2832308;-85.714614868164063;
2477692307.6934872;-85.722434997558594;
2477852564.1037436;-85.721893310546875;
2478012820.5139999;-85.772193908691406;
2478173076.9242563;-85.81500244140625;
2478333333.3345127;-85.739280700683594;
2478493589.7447691;-85.764442443847656;
2478653846.1550255;-85.745063781738281;
2478814102.5652819;-85.733474731445313;
2478974358.9755383;-85.781890869140625;
2479134615.3857946;-85.815010070800781;
2479294871.796051;-85.809158325195313;
2479455128.2063074;-85.828666687011719;
2479615384.6165643;-85.787742614746094;
2479775641.0268207;-85.85015869140625;
2479935897.437077;-85.859970092773437;
2480096153.8473334;-85.84429931640625;
2480256410.2575898;-85.858001708984375;
2480416666.6678462;-85.885482788085938;
2480576923.0781026;-85.907142639160156;
2480737179.488359;-85.879600524902344;
2480897435.8986154;-85.899269104003906;
2481057692.3088717;-85.87567138671875;
2481217948.7191281;-85.861923217773438;
2481378205.1293845;-85.885490417480469;
2481538461.5396409;-85.90911865234375;
2481698717.9498973;-85.944679260253906;
2481858974.3601537;-85.934440612792969;
2482019230.7704101;-85.882423400878906;
2482179487.1806664;-85.889411926269531;
2482339743.5909228;-85.913063049316406;
2482500000.0011792;-85.911094665527344;
2482660256.4114356;-85.9150390625;
2482820512.8216925;-85.928855895996094;
2482980769.2319489;-85.924903869628906;
2483141025.6422052;-85.926872253417969;
2483301282.0524616;-85.899261474609375;
2483461538.462718;-85.913063049316406;
2483621794.8729744;-85.917015075683594;
2483782051.2832308;-85.909126281738281;
2483942307.6934872;-85.922927856445312;
2484102564.1037436;-85.918983459472656;
2484262820.5139999;-85.875663757324219;
