Type;ESU;
Version;4.43;
Date;03.Jun 16;
Mode;ANALYZER;
Center Freq;2434262820.514000;Hz
Freq Offset;0.000000;Hz
Span;100000000.000000;Hz
x-Axis;LIN;
Start;2384262820.514000;Hz
Stop;2484262820.514000;Hz
Ref Level;-9.000000;dBm
Level Offset;0.000000;dB
Ref Position;100.000000;%
y-Axis;LOG;
Level Range;100.000000;dB
Rf Att;5.000000;dB
RBW;2000000.000000;Hz
VBW;50.000000;Hz
SWT;2.500000;s
Trace Mode;CLR/WRITE;
Detector;RMS;
Sweep Count;0;
Trace 1:;;
x-Unit;Hz;
y-Unit;dBm;
Values;625;
2384262820.5139999;-85.7264404296875;
2384423076.9242563;-85.7296142578125;
2384583333.3345127;-85.704544067382812;
2384743589.7447691;-85.7276611328125;
2384903846.1550255;-85.750885009765625;
2385064102.5652819;-85.721900939941406;
2385224358.9755383;-85.735389709472656;
2385384615.3857946;-85.70947265625;
2385544871.796051;-85.718040466308594;
2385705128.2063074;-85.723175048828125;
2385865384.6165643;-85.719970703125;
2386025641.0268207;-85.720237731933594;
2386185897.437077;-85.718032836914063;
2386346153.8473334;-85.693824768066406;
2386506410.2575898;-85.692359924316406;
2386666666.6678462;-85.714187622070313;
2386826923.0781026;-85.702629089355469;
2386987179.488359;-85.689170837402344;
2387147435.8986154;-85.708404541015625;
2387307692.3088717;-85.696853637695313;
2387467948.7191281;-85.702621459960937;
2387628205.1293845;-85.710334777832031;
2387788461.5396409;-85.708389282226563;
2387948717.9498973;-85.704544067382812;
2388108974.3601537;-85.679557800292969;
2388269230.7704101;-85.708412170410156;
2388429487.1806664;-85.710334777832031;
2388589743.5909228;-85.712257385253906;
2388750000.0011792;-85.693000793457031;
2388910256.4114356;-85.708412170410156;
2389070512.8216925;-85.708412170410156;
2389230769.2319489;-85.669952392578125;
2389391025.6422052;-85.7103271484375;
2389551282.0524616;-85.712257385253906;
2389711538.462718;-85.704551696777344;
2389871794.8729744;-85.72381591796875;
2390032051.2832308;-85.70648193359375;
2390192307.6934872;-85.685310363769531;
2390352564.1037436;-85.691085815429687;
2390512820.5139999;-85.704551696777344;
2390673076.9242563;-85.704559326171875;
2390833333.3345127;-85.714187622070313;
2390993589.7447691;-85.704551696777344;
2391153846.1550255;-85.704551696777344;
2391314102.5652819;-85.693008422851562;
2391474358.9755383;-85.675712585449219;
2391634615.3857946;-85.654632568359375;
2391794871.796051;-85.679527282714844;
2391955128.2063074;-85.706459045410156;
2392115384.6165643;-85.687240600585938;
2392275641.0268207;-85.693000793457031;
2392435897.437077;-85.710334777832031;
2392596153.8473334;-85.706474304199219;
2392756410.2575898;-85.691078186035156;
2392916666.6678462;-85.696846008300781;
2393076923.0781026;-85.648895263671875;
2393237179.488359;-85.696846008300781;
2393397435.8986154;-85.718040466308594;
2393557692.3088717;-85.666114807128906;
2393717948.7191281;-85.622138977050781;
2393878205.1293845;-85.712234497070313;
2394038461.5396409;-85.693008422851562;
2394198717.9498973;-85.671875;
2394358974.3601537;-85.694931030273438;
2394519230.7704101;-85.708412170410156;
2394679487.1806664;-85.702629089355469;
2394839743.5909228;-85.70263671875;
2395000000.0011792;-85.671859741210938;
2395160256.4114356;-85.643150329589844;
2395320512.8216925;-85.645065307617188;
2395480769.2319489;-85.685302734375;
2395641025.6422052;-85.719970703125;
2395801282.0524616;-85.706474304199219;
2395961538.462718;-85.710334777832031;
2396121794.8729744;-85.683364868164062;
2396282051.2832308;-85.645072937011719;
2396442307.6934872;-85.641242980957031;
2396602564.1037436;-85.628143310546875;
2396762820.5139999;-85.659942626953125;
2396923076.9242563;-85.709236145019531;
2397083333.3345127;-85.67529296875;
2397243589.7447691;-85.639060974121094;
2397403846.1550255;-85.669967651367188;
2397564102.5652819;-85.673797607421875;
2397724358.9755383;-85.683403015136719;
2397884615.3857946;-85.62786865234375;
2398044871.796051;-85.633598327636719;
2398205128.2063074;-85.660385131835938;
2398365384.6165643;-85.629776000976563;
2398525641.0268207;-85.624046325683594;
2398685897.437077;-85.658462524414062;
2398846153.8473334;-85.635513305664063;
2399006410.2575898;-85.627876281738281;
2399166666.6678462;-85.641242980957031;
2399326923.0781026;-85.656524658203125;
2399487179.488359;-85.662277221679688;
2399647435.8986154;-85.643150329589844;
2399807692.3088717;-85.620246887207031;
2399967948.7191281;-85.648880004882813;
2400128205.1293845;-85.618339538574219;
2400288461.5396409;-85.618339538574219;
2400448717.9498973;-85.601188659667969;
2400608974.3601537;-85.618339538574219;
2400769230.7704101;-85.620246887207031;
2400929487.1806664;-85.637420654296875;
2401089743.5909228;-85.620246887207031;
2401250000.0011792;-85.635498046875;
2401410256.4114356;-85.6202392578125;
2401570512.8216925;-85.614517211914062;
2401730769.2319489;-85.656501770019531;
2401891025.6422052;-85.681480407714844;
2402051282.0524616;-85.635498046875;
2402211538.462718;-85.639328002929688;
2402371794.8729744;-85.664215087890625;
2402532051.2832308;-85.631683349609375;
2402692307.6934872;-85.591667175292969;
2402852564.1037436;-85.625968933105469;
2403012820.5139999;-85.625968933105469;
2403173076.9242563;-85.601173400878906;
2403333333.3345127;-85.624053955078125;
2403493589.7447691;-85.625961303710938;
2403653846.1550255;-85.631690979003906;
2403814102.5652819;-85.616432189941406;
2403974358.9755383;-85.624061584472656;
2404134615.3857946;-85.668037414550781;
2404294871.796051;-85.650802612304688;
2404455128.2063074;-85.668052673339844;
2404615384.6165643;-85.645065307617188;
2404775641.0268207;-85.620246887207031;
2404935897.437077;-85.618339538574219;
2405096153.8473334;-85.654632568359375;
2405256410.2575898;-85.693000793457031;
2405416666.6678462;-85.64886474609375;
2405576923.0781026;-85.660377502441406;
2405737179.488359;-85.612617492675781;
2405897435.8986154;-85.645034790039063;
2406057692.3088717;-85.648887634277344;
2406217948.7191281;-85.625968933105469;
2406378205.1293845;-85.591651916503906;
2406538461.5396409;-85.637413024902344;
2406698717.9498973;-85.641250610351563;
2406858974.3601537;-85.662300109863281;
2407019230.7704101;-85.654632568359375;
2407179487.1806664;-85.669914245605469;
2407339743.5909228;-85.654632568359375;
2407500000.0011792;-85.691085815429687;
2407660256.4114356;-85.631690979003906;
2407820512.8216925;-85.633598327636719;
2407980769.2319489;-85.629783630371094;
2408141025.6422052;-85.635513305664063;
2408301282.0524616;-85.637413024902344;
2408461538.462718;-85.652717590332031;
2408621794.8729744;-85.635513305664063;
2408782051.2832308;-85.683403015136719;
2408942307.6934872;-85.702629089355469;
2409102564.1037436;-85.675704956054688;
2409262820.5139999;-85.710334777832031;
2409423076.9242563;-85.664199829101563;
2409583333.3345127;-85.696853637695313;
2409743589.7447691;-85.681472778320312;
2409903846.1550255;-85.673782348632813;
2410064102.5652819;-85.650810241699219;
2410224358.9755383;-85.608802795410156;
2410384615.3857946;-85.635498046875;
2410544871.796051;-85.65655517578125;
2410705128.2063074;-85.641242980957031;
2410865384.6165643;-85.625961303710938;
2411025641.0268207;-85.694923400878906;
2411185897.437077;-85.708412170410156;
2411346153.8473334;-85.702613830566406;
2411506410.2575898;-85.725746154785156;
2411666666.6678462;-85.700706481933594;
2411826923.0781026;-85.70648193359375;
2411987179.488359;-85.698783874511719;
2412147435.8986154;-85.687232971191406;
2412307692.3088717;-85.650810241699219;
2412467948.7191281;-85.673736572265625;
2412628205.1293845;-85.677619934082031;
2412788461.5396409;-85.70648193359375;
2412948717.9498973;-85.714179992675781;
2413108974.3601537;-85.67181396484375;
2413269230.7704101;-85.625946044921875;
2413429487.1806664;-85.668052673339844;
2413589743.5909228;-85.704498291015625;
2413750000.0011792;-85.718048095703125;
2413910256.4114356;-85.7060546875;
2414070512.8216925;-85.687240600585938;
2414230769.2319489;-85.666130065917969;
2414391025.6422052;-85.704551696777344;
2414551282.0524616;-85.693000793457031;
2414711538.462718;-85.693000793457031;
2414871794.8729744;-85.700698852539063;
2415032051.2832308;-85.683357238769531;
2415192307.6934872;-85.650787353515625;
2415352564.1037436;-85.652702331542969;
2415512820.5139999;-85.687248229980469;
2415673076.9242563;-85.687248229980469;
2415833333.3345127;-85.685302734375;
2415993589.7447691;-85.646965026855469;
2416153846.1550255;-85.631683349609375;
2416314102.5652819;-85.631690979003906;
2416474358.9755383;-85.621604919433594;
2416634615.3857946;-85.635513305664063;
2416794871.796051;-85.669921875;
2416955128.2063074;-85.70068359375;
2417115384.6165643;-85.694915771484375;
2417275641.0268207;-85.65655517578125;
2417435897.437077;-85.654624938964844;
2417596153.8473334;-85.718040466308594;
2417756410.2575898;-85.685279846191406;
2417916666.6678462;-85.716064453125;
2418076923.0781026;-85.729621887207031;
2418237179.488359;-85.683403015136719;
2418397435.8986154;-85.693000793457031;
2418557692.3088717;-85.712265014648437;
2418717948.7191281;-85.709236145019531;
2418878205.1293845;-85.694931030273438;
2419038461.5396409;-85.702621459960937;
2419198717.9498973;-85.666114807128906;
2419358974.3601537;-85.662261962890625;
2419519230.7704101;-85.70648193359375;
2419679487.1806664;-85.685302734375;
2419839743.5909228;-85.650810241699219;
2420000000.0011792;-85.696846008300781;
2420160256.4114356;-85.704559326171875;
2420320512.8216925;-85.685317993164063;
2420480769.2319489;-85.70648193359375;
2420641025.6422052;-85.704833984375;
2420801282.0524616;-85.707763671875;
2420961538.462718;-85.704826354980469;
2421121794.8729744;-85.691085815429687;
2421282051.2832308;-85.702629089355469;
2421442307.6934872;-85.696853637695313;
2421602564.1037436;-85.721893310546875;
2421762820.5139999;-85.710334777832031;
2421923076.9242563;-85.669967651367188;
2422083333.3345127;-85.637405395507813;
2422243589.7447691;-85.650810241699219;
2422403846.1550255;-85.693000793457031;
2422564102.5652819;-85.669967651367188;
2422724358.9755383;-85.708404541015625;
2422884615.3857946;-85.676254272460938;
2423044871.796051;-85.696846008300781;
2423205128.2063074;-85.70648193359375;
2423365384.6165643;-85.694931030273438;
2423525641.0268207;-85.694931030273438;
2423685897.437077;-85.687217712402344;
2423846153.8473334;-85.708412170410156;
2424006410.2575898;-85.70263671875;
2424166666.6678462;-85.725761413574219;
2424326923.0781026;-85.712257385253906;
2424487179.488359;-85.696830749511719;
2424647435.8986154;-85.625968933105469;
2424807692.3088717;-85.639335632324219;
2424967948.7191281;-85.662284851074219;
2425128205.1293845;-85.664215087890625;
2425288461.5396409;-85.683403015136719;
2425448717.9498973;-85.704551696777344;
2425608974.3601537;-85.702606201171875;
2425769230.7704101;-85.68914794921875;
2425929487.1806664;-85.669937133789063;
2426089743.5909228;-85.643142700195313;
2426250000.0011792;-85.692977905273438;
2426410256.4114356;-85.718040466308594;
2426570512.8216925;-85.710334777832031;
2426730769.2319489;-85.694931030273438;
2426891025.6422052;-85.70648193359375;
2427051282.0524616;-85.702629089355469;
2427211538.462718;-85.710334777832031;
2427371794.8729744;-85.712257385253906;
2427532051.2832308;-85.706474304199219;
2427692307.6934872;-85.62786865234375;
2427852564.1037436;-85.633285522460937;
2428012820.5139999;-85.538368225097656;
2428173076.9242563;-85.601219177246094;
2428333333.3345127;-85.176162719726563;
2428493589.7447691;-85.171493530273438;
2428653846.1550255;-84.746925354003906;
2428814102.5652819;-84.399993896484375;
2428974358.9755383;-83.373123168945313;
2429134615.3857946;-83.524429321289062;
2429294871.796051;-81.853408813476562;
2429455128.2063074;-80.873710632324219;
2429615384.6165643;-78.464561462402344;
2429775641.0268207;-78.088180541992188;
2429935897.437077;-75.134178161621094;
2430096153.8473334;-74.519569396972656;
2430256410.2575898;-71.540138244628906;
2430416666.6678462;-70.955078125;
2430576923.0781026;-68.107330322265625;
2430737179.488359;-67.901168823242188;
2430897435.8986154;-65.063095092773438;
2431057692.3088717;-64.104591369628906;
2431217948.7191281;-61.510425567626953;
2431378205.1293845;-60.583122253417969;
2431538461.5396409;-59.060874938964844;
2431698717.9498973;-57.681293487548828;
2431858974.3601537;-55.657428741455078;
2432019230.7704101;-54.260101318359375;
2432179487.1806664;-52.940013885498047;
2432339743.5909228;-51.706356048583984;
2432500000.0011792;-50.587276458740234;
2432660256.4114356;-49.246334075927734;
2432820512.8216925;-46.922702789306641;
2432980769.2319489;-46.541431427001953;
2433141025.6422052;-45.062980651855469;
2433301282.0524616;-44.384963989257813;
2433461538.462718;-42.811241149902344;
2433621794.8729744;-42.017227172851562;
2433782051.2832308;-41.295528411865234;
2433942307.6934872;-40.714168548583984;
2434102564.1037436;-40.23382568359375;
2434262820.5139999;-39.573127746582031;
2434423076.9242563;-39.499908447265625;
2434583333.3345127;-39.328479766845703;
2434743589.7447691;-39.604606628417969;
2434903846.1550255;-39.504230499267578;
2435064102.5652819;-40.336837768554688;
2435224358.9755383;-40.5921630859375;
2435384615.3857946;-41.479736328125;
2435544871.796051;-41.976127624511719;
2435705128.2063074;-42.860584259033203;
2435865384.6165643;-44.265907287597656;
2436025641.0268207;-45.186534881591797;
2436185897.437077;-46.316326141357422;
2436346153.8473334;-47.200374603271484;
2436506410.2575898;-48.552371978759766;
2436666666.6678462;-50.322349548339844;
2436826923.0781026;-51.351299285888672;
2436987179.488359;-53.049221038818359;
2437147435.8986154;-53.784507751464844;
2437307692.3088717;-55.39556884765625;
2437467948.7191281;-57.058277130126953;
2437628205.1293845;-58.54815673828125;
2437788461.5396409;-59.551742553710937;
2437948717.9498973;-60.823417663574219;
2438108974.3601537;-62.064952850341797;
2438269230.7704101;-64.092338562011719;
2438429487.1806664;-65.29473876953125;
2438589743.5909228;-66.374855041503906;
2438750000.0011792;-67.692764282226562;
2438910256.4114356;-68.70751953125;
2439070512.8216925;-70.643020629882813;
2439230769.2319489;-71.866775512695313;
2439391025.6422052;-73.218032836914063;
2439551282.0524616;-74.192466735839844;
2439711538.462718;-75.669288635253906;
2439871794.8729744;-77.543510437011719;
2440032051.2832308;-79.081199645996094;
2440192307.6934872;-80.368911743164062;
2440352564.1037436;-81.155464172363281;
2440512820.5139999;-82.525566101074219;
2440673076.9242563;-83.728141784667969;
2440833333.3345127;-84.44647216796875;
2440993589.7447691;-84.778556823730469;
2441153846.1550255;-85.128959655761719;
2441314102.5652819;-85.287040710449219;
2441474358.9755383;-85.55169677734375;
2441634615.3857946;-85.64691162109375;
2441794871.796051;-85.7296142578125;
2441955128.2063074;-85.795516967773438;
2442115384.6165643;-85.82086181640625;
2442275641.0268207;-85.797462463378906;
2442435897.437077;-85.826713562011719;
2442596153.8473334;-85.811103820800781;
2442756410.2575898;-85.81890869140625;
2442916666.6678462;-85.510658264160156;
2443076923.0781026;-85.604713439941406;
2443237179.488359;-85.773231506347656;
2443397435.8986154;-85.834526062011719;
2443557692.3088717;-85.770256042480469;
2443717948.7191281;-85.774147033691406;
2443878205.1293845;-85.567893981933594;
2444038461.5396409;-85.470634460449219;
2444198717.9498973;-85.627571105957031;
2444358974.3601537;-85.766387939453125;
2444519230.7704101;-85.762458801269531;
2444679487.1806664;-85.781852722167969;
2444839743.5909228;-85.81890869140625;
2445000000.0011792;-85.813056945800781;
2445160256.4114356;-85.783805847167969;
2445320512.8216925;-85.787742614746094;
2445480769.2319489;-84.449691772460938;
2445641025.6422052;-84.090347290039063;
2445801282.0524616;-85.285354614257813;
2445961538.462718;-85.480865478515625;
2446121794.8729744;-84.67657470703125;
2446282051.2832308;-85.265144348144531;
2446442307.6934872;-85.639244079589844;
2446602564.1037436;-85.805191040039063;
2446762820.5139999;-85.82476806640625;
2446923076.9242563;-85.811111450195313;
2447083333.3345127;-85.795524597167969;
2447243589.7447691;-85.797477722167969;
2447403846.1550255;-85.795310974121094;
2447564102.5652819;-85.691009521484375;
2447724358.9755383;-85.739219665527344;
2447884615.3857946;-85.811042785644531;
2448044871.796051;-85.667922973632812;
2448205128.2063074;-85.673713684082031;
2448365384.6165643;-85.760543823242188;
2448525641.0268207;-85.74505615234375;
2448685897.437077;-85.788612365722656;
2448846153.8473334;-85.82281494140625;
2449006410.2575898;-85.799423217773437;
2449166666.6678462;-85.799415588378906;
2449326923.0781026;-85.799354553222656;
2449487179.488359;-85.513893127441406;
2449647435.8986154;-85.652511596679688;
2449807692.3088717;-85.484748840332031;
2449967948.7191281;-85.706314086914063;
2450128205.1293845;-85.79937744140625;
2450288461.5396409;-85.818893432617188;
2450448717.9498973;-85.801368713378906;
2450608974.3601537;-85.826713562011719;
2450769230.7704101;-85.809158325195313;
2450929487.1806664;-85.809158325195313;
2451089743.5909228;-85.779975891113281;
2451250000.0011792;-85.820854187011719;
2451410256.4114356;-85.801368713378906;
2451570512.8216925;-85.743125915527344;
2451730769.2319489;-85.729621887207031;
2451891025.6422052;-83.754722595214844;
2452051282.0524616;-83.187217712402344;
2452211538.462718;-85.072593688964844;
2452371794.8729744;-85.627510070800781;
2452532051.2832308;-85.799407958984375;
2452692307.6934872;-85.813056945800781;
2452852564.1037436;-85.824752807617188;
2453012820.5139999;-85.82086181640625;
2453173076.9242563;-85.82476806640625;
2453333333.3345127;-85.824760437011719;
2453493589.7447691;-85.82086181640625;
2453653846.1550255;-85.778007507324219;
2453814102.5652819;-85.787727355957031;
2453974358.9755383;-85.81890869140625;
2454134615.3857946;-85.834518432617188;
2454294871.796051;-85.824760437011719;
2454455128.2063074;-85.819770812988281;
2454615384.6165643;-85.8311767578125;
2454775641.0268207;-85.814552307128906;
2454935897.437077;-85.789680480957031;
2455096153.8473334;-85.801368713378906;
2455256410.2575898;-85.563865661621094;
2455416666.6678462;-85.312507629394531;
2455576923.0781026;-85.559280395507812;
2455737179.488359;-85.687141418457031;
2455897435.8986154;-85.712257385253906;
2456057692.3088717;-85.610275268554688;
2456217948.7191281;-85.56689453125;
2456378205.1293845;-85.582038879394531;
2456538461.5396409;-85.506309509277344;
2456698717.9498973;-85.624008178710938;
2456858974.3601537;-85.631576538085937;
2457019230.7704101;-85.61248779296875;
2457179487.1806664;-85.551719665527344;
2457339743.5909228;-85.561309814453125;
2457500000.0011792;-85.593559265136719;
2457660256.4114356;-85.531059265136719;
2457820512.8216925;-85.587882995605469;
2457980769.2319489;-85.604995727539063;
2458141025.6422052;-85.612617492675781;
2458301282.0524616;-85.616416931152344;
2458461538.462718;-85.544197082519531;
2458621794.8729744;-85.633560180664063;
2458782051.2832308;-85.591690063476563;
2458942307.6934872;-85.620231628417969;
2459102564.1037436;-85.580215454101563;
2459262820.5139999;-85.544273376464844;
2459423076.9242563;-85.6011962890625;
2459583333.3345127;-85.618339538574219;
2459743589.7447691;-85.743011474609375;
2459903846.1550255;-85.708335876464844;
2460064102.5652819;-85.785667419433594;
2460224358.9755383;-85.891387939453125;
2460384615.3857946;-85.856010437011719;
2460544871.796051;-85.844306945800781;
2460705128.2063074;-85.84820556640625;
2460865384.6165643;-85.907150268554688;
2461025641.0268207;-85.909126281738281;
2461185897.437077;-85.838394165039063;
2461346153.8473334;-85.787727355957031;
2461506410.2575898;-85.758636474609375;
2461666666.6678462;-85.770271301269531;
2461826923.0781026;-85.830612182617188;
2461987179.488359;-85.8619384765625;
2462147435.8986154;-85.87567138671875;
2462307692.3088717;-85.87567138671875;
2462467948.7191281;-85.836441040039063;
2462628205.1293845;-85.820846557617188;
2462788461.5396409;-85.846267700195313;
2462948717.9498973;-85.889419555664063;
2463108974.3601537;-85.911094665527344;
2463269230.7704101;-85.907150268554688;
2463429487.1806664;-85.909126281738281;
2463589743.5909228;-85.917015075683594;
2463750000.0011792;-85.911094665527344;
2463910256.4114356;-85.911094665527344;
2464070512.8216925;-85.887458801269531;
2464230769.2319489;-85.905166625976563;
2464391025.6422052;-85.9031982421875;
2464551282.0524616;-85.871742248535156;
2464711538.462718;-85.854095458984375;
2464871794.8729744;-85.8658447265625;
2465032051.2832308;-85.913063049316406;
2465192307.6934872;-85.913063049316406;
2465352564.1037436;-85.889404296875;
2465512820.5139999;-85.913063049316406;
2465673076.9242563;-85.899269104003906;
2465833333.3345127;-85.889434814453125;
2465993589.7447691;-85.9150390625;
2466153846.1550255;-85.887451171875;
2466314102.5652819;-85.913063049316406;
2466474358.9755383;-85.893348693847656;
2466634615.3857946;-85.917015075683594;
2466794871.796051;-85.913063049316406;
2466955128.2063074;-85.905174255371094;
2467115384.6165643;-85.891387939453125;
2467275641.0268207;-85.915031433105469;
2467435897.437077;-85.895332336425781;
2467596153.8473334;-85.918983459472656;
2467756410.2575898;-85.9051513671875;
2467916666.6678462;-85.936752319335937;
2468076923.0781026;-85.913063049316406;
2468237179.488359;-85.907150268554688;
2468397435.8986154;-85.913063049316406;
2468557692.3088717;-85.905174255371094;
2468717948.7191281;-85.913063049316406;
2468878205.1293845;-85.950599670410156;
2469038461.5396409;-85.966484069824219;
2469198717.9498973;-85.974418640136719;
2469358974.3601537;-85.911094665527344;
2469519230.7704101;-85.905181884765625;
2469679487.1806664;-85.911094665527344;
2469839743.5909228;-85.887428283691406;
2470000000.0011792;-85.846206665039063;
2470160256.4114356;-85.948631286621094;
2470320512.8216925;-85.928840637207031;
2470480769.2319489;-85.903205871582031;
2470641025.6422052;-85.918983459472656;
2470801282.0524616;-85.911087036132812;
2470961538.462718;-85.917015075683594;
2471121794.8729744;-85.905174255371094;
2471282051.2832308;-85.907150268554688;
2471442307.6934872;-85.918968200683594;
2471602564.1037436;-85.911911010742188;
2471762820.5139999;-85.912178039550781;
2471923076.9242563;-85.911941528320313;
2472083333.3345127;-85.913063049316406;
2472243589.7447691;-85.909126281738281;
2472403846.1550255;-85.891403198242188;
2472564102.5652819;-85.909126281738281;
2472724358.9755383;-85.934791564941406;
2472884615.3857946;-85.9150390625;
2473044871.796051;-85.891357421875;
2473205128.2063074;-85.893318176269531;
2473365384.6165643;-85.893356323242187;
2473525641.0268207;-85.826675415039063;
2473685897.437077;-85.855987548828125;
2473846153.8473334;-85.877632141113281;
2474006410.2575898;-85.852127075195313;
2474166666.6678462;-85.82281494140625;
2474326923.0781026;-85.861930847167969;
2474487179.488359;-85.897300720214844;
2474647435.8986154;-85.909126281738281;
2474807692.3088717;-85.903205871582031;
2474967948.7191281;-85.92095947265625;
2475128205.1293845;-85.877616882324219;
2475288461.5396409;-85.82281494140625;
2475448717.9498973;-85.81890869140625;
2475608974.3601537;-85.815010070800781;
2475769230.7704101;-85.805267333984375;
2475929487.1806664;-85.785797119140625;
2476089743.5909228;-85.801368713378906;
2476250000.0011792;-85.811103820800781;
2476410256.4114356;-85.811111450195313;
2476570512.8216925;-85.807212829589844;
2476730769.2319489;-85.815010070800781;
2476891025.6422052;-85.809158325195313;
2477051282.0524616;-85.770271301269531;
2477211538.462718;-85.756698608398437;
2477371794.8729744;-85.725761413574219;
2477532051.2832308;-85.718032836914063;
2477692307.6934872;-85.708412170410156;
2477852564.1037436;-85.716102600097656;
2478012820.5139999;-85.753379821777344;
2478173076.9242563;-85.718040466308594;
2478333333.3345127;-85.713630676269531;
2478493589.7447691;-85.789657592773438;
2478653846.1550255;-85.776054382324219;
2478814102.5652819;-85.727684020996094;
2478974358.9755383;-85.712257385253906;
2479134615.3857946;-85.789649963378906;
2479294871.796051;-85.816963195800781;
2479455128.2063074;-85.820854187011719;
2479615384.6165643;-85.82281494140625;
2479775641.0268207;-85.82281494140625;
2479935897.437077;-85.84234619140625;
2480096153.8473334;-85.844314575195313;
2480256410.2575898;-85.848213195800781;
2480416666.6678462;-85.887458801269531;
2480576923.0781026;-85.893348693847656;
2480737179.488359;-85.871742248535156;
2480897435.8986154;-85.907150268554688;
2481057692.3088717;-85.907142639160156;
2481217948.7191281;-85.897293090820313;
2481378205.1293845;-85.895317077636719;
2481538461.5396409;-85.903190612792969;
2481698717.9498973;-85.93280029296875;
2481858974.3601537;-85.9150390625;
2482019230.7704101;-85.930816650390625;
2482179487.1806664;-85.918975830078125;
2482339743.5909228;-85.905174255371094;
2482500000.0011792;-85.913063049316406;
2482660256.4114356;-85.901222229003906;
2482820512.8216925;-85.946640014648438;
2482980769.2319489;-85.901199340820313;
2483141025.6422052;-85.899269104003906;
2483301282.0524616;-85.926864624023438;
2483461538.462718;-85.893333435058594;
2483621794.8729744;-85.909126281738281;
2483782051.2832308;-85.922927856445312;
2483942307.6934872;-85.913055419921875;
2484102564.1037436;-85.905166625976563;
2484262820.5139999;-85.893348693847656;
