Type;ESU;
Version;4.43;
Date;03.Jun 16;
Mode;ANALYZER;
Center Freq;2434262820.514000;Hz
Freq Offset;0.000000;Hz
Span;100000000.000000;Hz
x-Axis;LIN;
Start;2384262820.514000;Hz
Stop;2484262820.514000;Hz
Ref Level;-9.000000;dBm
Level Offset;0.000000;dB
Ref Position;100.000000;%
y-Axis;LOG;
Level Range;100.000000;dB
Rf Att;5.000000;dB
RBW;2000000.000000;Hz
VBW;50.000000;Hz
SWT;2.500000;s
Trace Mode;CLR/WRITE;
Detector;RMS;
Sweep Count;0;
Trace 1:;;
x-Unit;Hz;
y-Unit;dBm;
Values;625;
2384262820.5139999;-85.723655700683594;
2384423076.9242563;-85.756698608398437;
2384583333.3345127;-85.721893310546875;
2384743589.7447691;-85.710334777832031;
2384903846.1550255;-85.719940185546875;
2385064102.5652819;-85.737289428710938;
2385224358.9755383;-85.733451843261719;
2385384615.3857946;-85.7412109375;
2385544871.796051;-85.698776245117188;
2385705128.2063074;-85.714187622070313;
2385865384.6165643;-85.716331481933594;
2386025641.0268207;-85.718040466308594;
2386185897.437077;-85.685295104980469;
2386346153.8473334;-85.700698852539063;
2386506410.2575898;-85.673805236816406;
2386666666.6678462;-85.707763671875;
2386826923.0781026;-85.689437866210938;
2386987179.488359;-85.7403564453125;
2387147435.8986154;-85.725753784179688;
2387307692.3088717;-85.707023620605469;
2387467948.7191281;-85.721458435058594;
2387628205.1293845;-85.708412170410156;
2387788461.5396409;-85.7296142578125;
2387948717.9498973;-85.718048095703125;
2388108974.3601537;-85.723831176757813;
2388269230.7704101;-85.698776245117188;
2388429487.1806664;-85.698768615722656;
2388589743.5909228;-85.704544067382812;
2388750000.0011792;-85.693000793457031;
2388910256.4114356;-85.710334777832031;
2389070512.8216925;-85.712257385253906;
2389230769.2319489;-85.708412170410156;
2389391025.6422052;-85.681465148925781;
2389551282.0524616;-85.7083740234375;
2389711538.462718;-85.671859741210938;
2389871794.8729744;-85.694923400878906;
2390032051.2832308;-85.708412170410156;
2390192307.6934872;-85.704551696777344;
2390352564.1037436;-85.712265014648437;
2390512820.5139999;-85.721893310546875;
2390673076.9242563;-85.694931030273438;
2390833333.3345127;-85.658462524414062;
2390993589.7447691;-85.656547546386719;
2391153846.1550255;-85.664192199707031;
2391314102.5652819;-85.702621459960937;
2391474358.9755383;-85.704544067382812;
2391634615.3857946;-85.683403015136719;
2391794871.796051;-85.714157104492187;
2391955128.2063074;-85.698768615722656;
2392115384.6165643;-85.706474304199219;
2392275641.0268207;-85.679557800292969;
2392435897.437077;-85.708412170410156;
2392596153.8473334;-85.648880004882813;
2392756410.2575898;-85.652717590332031;
2392916666.6678462;-85.61260986328125;
2393076923.0781026;-85.643150329589844;
2393237179.488359;-85.612586975097656;
2393397435.8986154;-85.683311462402344;
2393557692.3088717;-85.706451416015625;
2393717948.7191281;-85.691085815429687;
2393878205.1293845;-85.643119812011719;
2394038461.5396409;-85.629783630371094;
2394198717.9498973;-85.641242980957031;
2394358974.3601537;-85.669967651367188;
2394519230.7704101;-85.630325317382812;
2394679487.1806664;-85.636138916015625;
2394839743.5909228;-85.667488098144531;
2395000000.0011792;-85.670166015625;
2395160256.4114356;-85.622154235839844;
2395320512.8216925;-85.622154235839844;
2395480769.2319489;-85.612617492675781;
2395641025.6422052;-85.630325317382812;
2395801282.0524616;-85.639518737792969;
2395961538.462718;-85.65435791015625;
2396121794.8729744;-85.634422302246094;
2396282051.2832308;-85.639060974121094;
2396442307.6934872;-85.637847900390625;
2396602564.1037436;-85.641250610351563;
2396762820.5139999;-85.698753356933594;
2396923076.9242563;-85.696792602539063;
2397083333.3345127;-85.650787353515625;
2397243589.7447691;-85.637420654296875;
2397403846.1550255;-85.641242980957031;
2397564102.5652819;-85.629783630371094;
2397724358.9755383;-85.60308837890625;
2397884615.3857946;-85.650802612304688;
2398044871.796051;-85.637382507324219;
2398205128.2063074;-85.599296569824219;
2398365384.6165643;-85.620246887207031;
2398525641.0268207;-85.633590698242188;
2398685897.437077;-85.633590698242188;
2398846153.8473334;-85.67950439453125;
2399006410.2575898;-85.673782348632813;
2399166666.6678462;-85.625968933105469;
2399326923.0781026;-85.585983276367188;
2399487179.488359;-85.58404541015625;
2399647435.8986154;-85.622154235839844;
2399807692.3088717;-85.620246887207031;
2399967948.7191281;-85.606895446777344;
2400128205.1293845;-85.6011962890625;
2400288461.5396409;-85.637397766113281;
2400448717.9498973;-85.627876281738281;
2400608974.3601537;-85.645072937011719;
2400769230.7704101;-85.643157958984375;
2400929487.1806664;-85.625968933105469;
2401089743.5909228;-85.624061584472656;
2401250000.0011792;-85.629776000976563;
2401410256.4114356;-85.627876281738281;
2401570512.8216925;-85.625968933105469;
2401730769.2319489;-85.620246887207031;
2401891025.6422052;-85.622154235839844;
2402051282.0524616;-85.606880187988281;
2402211538.462718;-85.610710144042969;
2402371794.8729744;-85.622154235839844;
2402532051.2832308;-85.595481872558594;
2402692307.6934872;-85.610710144042969;
2402852564.1037436;-85.629783630371094;
2403012820.5139999;-85.624053955078125;
2403173076.9242563;-85.660369873046875;
2403333333.3345127;-85.648849487304688;
2403493589.7447691;-85.6297607421875;
2403653846.1550255;-85.631668090820312;
2403814102.5652819;-85.631690979003906;
2403974358.9755383;-85.625961303710938;
2404134615.3857946;-85.643142700195313;
2404294871.796051;-85.610710144042969;
2404455128.2063074;-85.606903076171875;
2404615384.6165643;-85.624053955078125;
2404775641.0268207;-85.631690979003906;
2404935897.437077;-85.650810241699219;
2405096153.8473334;-85.635513305664063;
2405256410.2575898;-85.624053955078125;
2405416666.6678462;-85.641227722167969;
2405576923.0781026;-85.669967651367188;
2405737179.488359;-85.648895263671875;
2405897435.8986154;-85.669967651367188;
2406057692.3088717;-85.683395385742188;
2406217948.7191281;-85.677619934082031;
2406378205.1293845;-85.675712585449219;
2406538461.5396409;-85.696853637695313;
2406698717.9498973;-85.656501770019531;
2406858974.3601537;-85.618331909179687;
2407019230.7704101;-85.668022155761719;
2407179487.1806664;-85.685317993164063;
2407339743.5909228;-85.660385131835938;
2407500000.0011792;-85.677635192871094;
2407660256.4114356;-85.673797607421875;
2407820512.8216925;-85.723808288574219;
2407980769.2319489;-85.706474304199219;
2408141025.6422052;-85.679550170898437;
2408301282.0524616;-85.683403015136719;
2408461538.462718;-85.719970703125;
2408621794.8729744;-85.70648193359375;
2408782051.2832308;-85.64312744140625;
2408942307.6934872;-85.618339538574219;
2409102564.1037436;-85.637428283691406;
2409262820.5139999;-85.639328002929688;
2409423076.9242563;-85.64312744140625;
2409583333.3345127;-85.668052673339844;
2409743589.7447691;-85.70648193359375;
2409903846.1550255;-85.691085815429687;
2410064102.5652819;-85.671852111816406;
2410224358.9755383;-85.635505676269531;
2410384615.3857946;-85.625961303710938;
2410544871.796051;-85.660362243652344;
2410705128.2063074;-85.712257385253906;
2410865384.6165643;-85.691078186035156;
2411025641.0268207;-85.721878051757812;
2411185897.437077;-85.712257385253906;
2411346153.8473334;-85.664176940917969;
2411506410.2575898;-85.676406860351563;
2411666666.6678462;-85.725746154785156;
2411826923.0781026;-85.712257385253906;
2411987179.488359;-85.698776245117188;
2412147435.8986154;-85.68914794921875;
2412307692.3088717;-85.714179992675781;
2412467948.7191281;-85.70648193359375;
2412628205.1293845;-85.698226928710937;
2412788461.5396409;-85.673591613769531;
2412948717.9498973;-85.680656433105469;
2413108974.3601537;-85.691070556640625;
2413269230.7704101;-85.645072937011719;
2413429487.1806664;-85.633598327636719;
2413589743.5909228;-85.648895263671875;
2413750000.0011792;-85.691070556640625;
2413910256.4114356;-85.704559326171875;
2414070512.8216925;-85.694931030273438;
2414230769.2319489;-85.693000793457031;
2414391025.6422052;-85.700698852539063;
2414551282.0524616;-85.696853637695313;
2414711538.462718;-85.645050048828125;
2414871794.8729744;-85.618331909179687;
2415032051.2832308;-85.679542541503906;
2415192307.6934872;-85.693008422851562;
2415352564.1037436;-85.704833984375;
2415512820.5139999;-85.693008422851562;
2415673076.9242563;-85.712257385253906;
2415833333.3345127;-85.718040466308594;
2415993589.7447691;-85.70648193359375;
2416153846.1550255;-85.677627563476562;
2416314102.5652819;-85.70263671875;
2416474358.9755383;-85.727684020996094;
2416634615.3857946;-85.669960021972656;
2416794871.796051;-85.704551696777344;
2416955128.2063074;-85.712265014648437;
2417115384.6165643;-85.700691223144531;
2417275641.0268207;-85.689155578613281;
2417435897.437077;-85.691078186035156;
2417596153.8473334;-85.700706481933594;
2417756410.2575898;-85.667503356933594;
2417916666.6678462;-85.671890258789063;
2418076923.0781026;-85.693008422851562;
2418237179.488359;-85.683403015136719;
2418397435.8986154;-85.721900939941406;
2418557692.3088717;-85.708412170410156;
2418717948.7191281;-85.704551696777344;
2418878205.1293845;-85.694915771484375;
2419038461.5396409;-85.689155578613281;
2419198717.9498973;-85.70263671875;
2419358974.3601537;-85.721893310546875;
2419519230.7704101;-85.693008422851562;
2419679487.1806664;-85.694931030273438;
2419839743.5909228;-85.693832397460938;
2420000000.0011792;-85.70648193359375;
2420160256.4114356;-85.677642822265625;
2420320512.8216925;-85.694931030273438;
2420480769.2319489;-85.700698852539063;
2420641025.6422052;-85.683387756347656;
2420801282.0524616;-85.687240600585938;
2420961538.462718;-85.708381652832031;
2421121794.8729744;-85.718032836914063;
2421282051.2832308;-85.689155578613281;
2421442307.6934872;-85.679557800292969;
2421602564.1037436;-85.700698852539063;
2421762820.5139999;-85.700706481933594;
2421923076.9242563;-85.698226928710937;
2422083333.3345127;-85.708412170410156;
2422243589.7447691;-85.704551696777344;
2422403846.1550255;-85.68914794921875;
2422564102.5652819;-85.718017578125;
2422724358.9755383;-85.660377502441406;
2422884615.3857946;-85.622154235839844;
2423044871.796051;-85.639328002929688;
2423205128.2063074;-85.658454895019531;
2423365384.6165643;-85.652725219726563;
2423525641.0268207;-85.668022155761719;
2423685897.437077;-85.706474304199219;
2423846153.8473334;-85.700424194335937;
2424006410.2575898;-85.685317993164063;
2424166666.6678462;-85.694923400878906;
2424326923.0781026;-85.708381652832031;
2424487179.488359;-85.721878051757812;
2424647435.8986154;-85.646957397460938;
2424807692.3088717;-85.68914794921875;
2424967948.7191281;-85.708404541015625;
2425128205.1293845;-85.716110229492188;
2425288461.5396409;-85.708404541015625;
2425448717.9498973;-85.6929931640625;
2425608974.3601537;-85.704551696777344;
2425769230.7704101;-85.70648193359375;
2425929487.1806664;-85.750869750976562;
2426089743.5909228;-85.725746154785156;
2426250000.0011792;-85.700706481933594;
2426410256.4114356;-85.723831176757813;
2426570512.8216925;-85.748893737792969;
2426730769.2319489;-85.756690979003906;
2426891025.6422052;-85.7296142578125;
2427051282.0524616;-85.712265014648437;
2427211538.462718;-85.710334777832031;
2427371794.8729744;-85.698776245117188;
2427532051.2832308;-85.702629089355469;
2427692307.6934872;-85.706474304199219;
2427852564.1037436;-85.712242126464844;
2428012820.5139999;-85.693008422851562;
2428173076.9242563;-85.691055297851563;
2428333333.3345127;-85.700691223144531;
2428493589.7447691;-85.664100646972656;
2428653846.1550255;-85.710334777832031;
2428814102.5652819;-85.70648193359375;
2428974358.9755383;-85.639305114746094;
2429134615.3857946;-85.643142700195313;
2429294871.796051;-85.561264038085938;
2429455128.2063074;-85.498916625976562;
2429615384.6165643;-85.203224182128906;
2429775641.0268207;-85.133155822753906;
2429935897.437077;-84.458145141601563;
2430096153.8473334;-84.273406982421875;
2430256410.2575898;-83.573951721191406;
2430416666.6678462;-83.0919189453125;
2430576923.0781026;-82.005661010742188;
2430737179.488359;-80.783500671386719;
2430897435.8986154;-79.498733520507813;
2431057692.3088717;-77.97894287109375;
2431217948.7191281;-76.687553405761719;
2431378205.1293845;-74.802825927734375;
2431538461.5396409;-73.225914001464844;
2431698717.9498973;-71.738014221191406;
2431858974.3601537;-70.432533264160156;
2432019230.7704101;-68.877174377441406;
2432179487.1806664;-67.384307861328125;
2432339743.5909228;-65.683029174804688;
2432500000.0011792;-64.539886474609375;
2432660256.4114356;-63.152450561523438;
2432820512.8216925;-62.070354461669922;
2432980769.2319489;-60.451942443847656;
2433141025.6422052;-59.158756256103516;
2433301282.0524616;-58.204509735107422;
2433461538.462718;-57.323123931884766;
2433621794.8729744;-56.853763580322266;
2433782051.2832308;-56.077487945556641;
2433942307.6934872;-56.154640197753906;
2434102564.1037436;-55.639888763427734;
2434262820.5139999;-55.693325042724609;
2434423076.9242563;-55.105117797851562;
2434583333.3345127;-55.259529113769531;
2434743589.7447691;-55.141532897949219;
2434903846.1550255;-55.196537017822266;
2435064102.5652819;-55.010246276855469;
2435224358.9755383;-55.337696075439453;
2435384615.3857946;-55.851375579833984;
2435544871.796051;-57.0467529296875;
2435705128.2063074;-57.271976470947266;
2435865384.6165643;-58.346771240234375;
2436025641.0268207;-58.697200775146484;
2436185897.437077;-60.616836547851563;
2436346153.8473334;-62.258335113525391;
2436506410.2575898;-62.825542449951172;
2436666666.6678462;-64.093559265136719;
2436826923.0781026;-64.751899719238281;
2436987179.488359;-66.906288146972656;
2437147435.8986154;-68.457038879394531;
2437307692.3088717;-69.787727355957031;
2437467948.7191281;-70.5557861328125;
2437628205.1293845;-71.937911987304688;
2437788461.5396409;-73.592521667480469;
2437948717.9498973;-75.400215148925781;
2438108974.3601537;-75.882492065429688;
2438269230.7704101;-76.634109497070313;
2438429487.1806664;-77.075004577636719;
2438589743.5909228;-79.160614013671875;
2438750000.0011792;-80.035377502441406;
2438910256.4114356;-80.764228820800781;
2439070512.8216925;-81.277084350585938;
2439230769.2319489;-82.16937255859375;
2439391025.6422052;-83.158531188964844;
2439551282.0524616;-84.109367370605469;
2439711538.462718;-84.334632873535156;
2439871794.8729744;-84.767044067382813;
2440032051.2832308;-84.962562561035156;
2440192307.6934872;-85.360633850097656;
2440352564.1037436;-85.51971435546875;
2440512820.5139999;-85.593559265136719;
2440673076.9242563;-85.631660461425781;
2440833333.3345127;-85.633583068847656;
2440993589.7447691;-85.714179992675781;
2441153846.1550255;-85.7547607421875;
2441314102.5652819;-85.77801513671875;
2441474358.9755383;-85.797470092773438;
2441634615.3857946;-85.82086181640625;
2441794871.796051;-85.762474060058594;
2441955128.2063074;-85.77996826171875;
2442115384.6165643;-85.842330932617187;
2442275641.0268207;-85.824729919433594;
2442435897.437077;-85.602821350097656;
2442596153.8473334;-85.712196350097656;
2442756410.2575898;-85.801361083984375;
2442916666.6678462;-85.779960632324219;
2443076923.0781026;-85.783836364746094;
2443237179.488359;-85.793281555175781;
2443397435.8986154;-85.77996826171875;
2443557692.3088717;-85.787704467773438;
2443717948.7191281;-85.646636962890625;
2443878205.1293845;-85.583908081054687;
2444038461.5396409;-85.675682067871094;
2444198717.9498973;-85.610176086425781;
2444358974.3601537;-85.584030151367188;
2444519230.7704101;-85.517662048339844;
2444679487.1806664;-83.853927612304688;
2444839743.5909228;-83.8001708984375;
2445000000.0011792;-84.653251647949219;
2445160256.4114356;-85.024322509765625;
2445320512.8216925;-85.487571716308594;
2445480769.2319489;-85.587799072265625;
2445641025.6422052;-85.648895263671875;
2445801282.0524616;-85.589744567871094;
2445961538.462718;-85.618339538574219;
2446121794.8729744;-85.603073120117187;
2446282051.2832308;-85.658462524414062;
2446442307.6934872;-85.645065307617188;
2446602564.1037436;-85.660369873046875;
2446762820.5139999;-85.673805236816406;
2446923076.9242563;-85.702621459960937;
2447083333.3345127;-84.487594604492188;
2447243589.7447691;-84.702156066894531;
2447403846.1550255;-85.231559753417969;
2447564102.5652819;-81.077743530273438;
2447724358.9755383;-79.135299682617188;
2447884615.3857946;-78.358100891113281;
2448044871.796051;-77.736587524414063;
2448205128.2063074;-77.282211303710938;
2448365384.6165643;-77.212394714355469;
2448525641.0268207;-78.331489562988281;
2448685897.437077;-79.257583618164063;
2448846153.8473334;-81.610679626464844;
2449006410.2575898;-80.360466003417969;
2449166666.6678462;-76.425453186035156;
2449326923.0781026;-75.815391540527344;
2449487179.488359;-78.127532958984375;
2449647435.8986154;-82.036796569824219;
2449807692.3088717;-80.802154541015625;
2449967948.7191281;-77.391624450683594;
2450128205.1293845;-77.824333190917969;
2450288461.5396409;-81.01068115234375;
2450448717.9498973;-82.729476928710938;
2450608974.3601537;-82.553886413574219;
2450769230.7704101;-80.124221801757813;
2450929487.1806664;-77.921463012695313;
2451089743.5909228;-79.047767639160156;
2451250000.0011792;-83.285537719726563;
2451410256.4114356;-79.23876953125;
2451570512.8216925;-78.559516906738281;
2451730769.2319489;-81.553321838378906;
2451891025.6422052;-83.201637268066406;
2452051282.0524616;-81.971733093261719;
2452211538.462718;-83.549736022949219;
2452371794.8729744;-80.175010681152344;
2452532051.2832308;-78.297599792480469;
2452692307.6934872;-81.076866149902344;
2452852564.1037436;-83.855255126953125;
2453012820.5139999;-81.014656066894531;
2453173076.9242563;-81.137870788574219;
2453333333.3345127;-81.44073486328125;
2453493589.7447691;-77.2537841796875;
2453653846.1550255;-78.031211853027344;
2453814102.5652819;-81.053245544433594;
2453974358.9755383;-82.429977416992188;
2454134615.3857946;-75.22491455078125;
2454294871.796051;-71.608909606933594;
2454455128.2063074;-71.139328002929688;
2454615384.6165643;-71.060722351074219;
2454775641.0268207;-72.235107421875;
2454935897.437077;-78.902389526367188;
2455096153.8473334;-83.427108764648438;
2455256410.2575898;-84.073112487792969;
2455416666.6678462;-83.77557373046875;
2455576923.0781026;-83.289192199707031;
2455737179.488359;-84.444068908691406;
2455897435.8986154;-79.745307922363281;
2456057692.3088717;-78.527542114257813;
2456217948.7191281;-80.5648193359375;
2456378205.1293845;-83.465003967285156;
2456538461.5396409;-81.106956481933594;
2456698717.9498973;-80.569816589355469;
2456858974.3601537;-76.713005065917969;
2457019230.7704101;-77.97314453125;
2457179487.1806664;-78.300155639648438;
2457339743.5909228;-82.32867431640625;
2457500000.0011792;-82.271835327148438;
2457660256.4114356;-81.122177124023438;
2457820512.8216925;-83.81939697265625;
2457980769.2319489;-85.176185607910156;
2458141025.6422052;-84.880615234375;
2458301282.0524616;-85.417381286621094;
2458461538.462718;-85.689109802246094;
2458621794.8729744;-85.238899230957031;
2458782051.2832308;-83.411788940429688;
2458942307.6934872;-84.013343811035156;
2459102564.1037436;-84.918525695800781;
2459262820.5139999;-85.202735900878906;
2459423076.9242563;-85.462898254394531;
2459583333.3345127;-84.535224914550781;
2459743589.7447691;-84.133712768554688;
2459903846.1550255;-85.245941162109375;
2460064102.5652819;-85.66217041015625;
2460224358.9755383;-85.770050048828125;
2460384615.3857946;-85.729515075683594;
2460544871.796051;-85.824752807617188;
2460705128.2063074;-85.854103088378906;
2460865384.6165643;-85.68292236328125;
2461025641.0268207;-85.694786071777344;
2461185897.437077;-85.818893432617188;
2461346153.8473334;-85.82476806640625;
2461506410.2575898;-85.82476806640625;
2461666666.6678462;-85.836471557617188;
2461826923.0781026;-85.90911865234375;
2461987179.488359;-85.897293090820313;
2462147435.8986154;-85.869773864746094;
2462307692.3088717;-85.832572937011719;
2462467948.7191281;-85.854049682617188;
2462628205.1293845;-85.909126281738281;
2462788461.5396409;-85.905181884765625;
2462948717.9498973;-85.891403198242188;
2463108974.3601537;-85.913063049316406;
2463269230.7704101;-85.909126281738281;
2463429487.1806664;-85.887466430664063;
2463589743.5909228;-85.879600524902344;
2463750000.0011792;-85.893363952636719;
2463910256.4114356;-85.913055419921875;
2464070512.8216925;-85.924880981445313;
2464230769.2319489;-85.885482788085938;
2464391025.6422052;-85.889434814453125;
2464551282.0524616;-85.913063049316406;
2464711538.462718;-85.917007446289062;
2464871794.8729744;-85.905174255371094;
2465032051.2832308;-85.856025695800781;
2465192307.6934872;-85.840385437011719;
2465352564.1037436;-85.893348693847656;
2465512820.5139999;-85.881553649902344;
2465673076.9242563;-85.918983459472656;
2465833333.3345127;-85.928840637207031;
2465993589.7447691;-85.901229858398438;
2466153846.1550255;-85.9150390625;
2466314102.5652819;-85.897300720214844;
2466474358.9755383;-85.901237487792969;
2466634615.3857946;-85.895332336425781;
2466794871.796051;-85.934776306152344;
2466955128.2063074;-85.9150390625;
2467115384.6165643;-85.899269104003906;
2467275641.0268207;-85.9031982421875;
2467435897.437077;-85.917015075683594;
2467596153.8473334;-85.913063049316406;
2467756410.2575898;-85.909126281738281;
2467916666.6678462;-85.918983459472656;
2468076923.0781026;-85.928848266601562;
2468237179.488359;-85.913063049316406;
2468397435.8986154;-85.913063049316406;
2468557692.3088717;-85.918983459472656;
2468717948.7191281;-85.922927856445312;
2468878205.1293845;-85.877632141113281;
2469038461.5396409;-85.897300720214844;
2469198717.9498973;-85.905181884765625;
2469358974.3601537;-85.9150390625;
2469519230.7704101;-85.875640869140625;
2469679487.1806664;-85.893348693847656;
2469839743.5909228;-85.913063049316406;
2470000000.0011792;-85.905174255371094;
2470160256.4114356;-85.911094665527344;
2470320512.8216925;-85.905181884765625;
2470480769.2319489;-85.913063049316406;
2470641025.6422052;-85.87762451171875;
2470801282.0524616;-85.87567138671875;
2470961538.462718;-85.858016967773438;
2471121794.8729744;-85.903205871582031;
2471282051.2832308;-85.907150268554688;
2471442307.6934872;-85.895317077636719;
2471602564.1037436;-85.881515502929688;
2471762820.5139999;-85.893348693847656;
2471923076.9242563;-85.858016967773438;
2472083333.3345127;-85.900672912597656;
2472243589.7447691;-85.863204956054688;
2472403846.1550255;-85.889411926269531;
2472564102.5652819;-85.868415832519531;
2472724358.9755383;-85.875823974609375;
2472884615.3857946;-85.826713562011719;
2473044871.796051;-85.809120178222656;
2473205128.2063074;-85.875617980957031;
2473365384.6165643;-85.850090026855469;
2473525641.0268207;-85.82672119140625;
2473685897.437077;-85.783767700195313;
2473846153.8473334;-85.84039306640625;
2474006410.2575898;-85.832534790039063;
2474166666.6678462;-85.850166320800781;
2474326923.0781026;-85.772132873535156;
2474487179.488359;-85.869743347167969;
2474647435.8986154;-85.875663757324219;
2474807692.3088717;-85.897293090820313;
2474967948.7191281;-85.889404296875;
2475128205.1293845;-85.871742248535156;
2475288461.5396409;-85.89532470703125;
2475448717.9498973;-85.871742248535156;
2475608974.3601537;-85.84820556640625;
2475769230.7704101;-85.836479187011719;
2475929487.1806664;-85.842338562011719;
2476089743.5909228;-85.865837097167969;
2476250000.0011792;-85.830589294433594;
2476410256.4114356;-85.824752807617188;
2476570512.8216925;-85.856048583984375;
2476730769.2319489;-85.852119445800781;
2476891025.6422052;-85.848220825195313;
2477051282.0524616;-85.830619812011719;
2477211538.462718;-85.813056945800781;
2477371794.8729744;-85.830619812011719;
2477532051.2832308;-85.816963195800781;
2477692307.6934872;-85.816963195800781;
2477852564.1037436;-85.81890869140625;
2478012820.5139999;-85.815567016601563;
2478173076.9242563;-85.811103820800781;
2478333333.3345127;-85.820022583007812;
2478493589.7447691;-85.82281494140625;
2478653846.1550255;-85.84234619140625;
2478814102.5652819;-85.83843994140625;
2478974358.9755383;-85.840400695800781;
2479134615.3857946;-85.809150695800781;
2479294871.796051;-85.83843994140625;
2479455128.2063074;-85.824760437011719;
2479615384.6165643;-85.846221923828125;
2479775641.0268207;-85.92095947265625;
2479935897.437077;-85.90911865234375;
2480096153.8473334;-85.885498046875;
2480256410.2575898;-85.893356323242187;
2480416666.6678462;-85.909126281738281;
2480576923.0781026;-85.901237487792969;
2480737179.488359;-85.913063049316406;
2480897435.8986154;-85.911094665527344;
2481057692.3088717;-85.913047790527344;
2481217948.7191281;-85.897300720214844;
2481378205.1293845;-85.911079406738281;
2481538461.5396409;-85.9150390625;
2481698717.9498973;-85.9150390625;
2481858974.3601537;-85.918983459472656;
2482019230.7704101;-85.903190612792969;
2482179487.1806664;-85.907150268554688;
2482339743.5909228;-85.914192199707031;
2482500000.0011792;-85.940719604492188;
2482660256.4114356;-85.918983459472656;
2482820512.8216925;-85.883514404296875;
2482980769.2319489;-85.922882080078125;
2483141025.6422052;-85.966461181640625;
2483301282.0524616;-85.907119750976563;
2483461538.462718;-85.907150268554688;
2483621794.8729744;-85.916999816894531;
2483782051.2832308;-85.897293090820313;
2483942307.6934872;-85.911094665527344;
2484102564.1037436;-85.911094665527344;
2484262820.5139999;-85.907150268554688;
